"Genotype","AVAMGE","AVAMGE_SSI","rAVAMGE","rY.x","means.x","MASI","MASI_SSI","rMASI","MASV","MASV_SSI","rMASV","GDD"
"3IJI1",0.0166826268808512,191,83,108,0.0263394266607649,0.0157804578203149,191,83,0.0394730808089075,191,83,"300"
"4N506",0.0182750326015551,143,93,50,0.0334251454560346,0.016768718259969,144,94,0.0419422279802045,144,94,"300"
"6M502",0.0155898689054801,92,74,18,0.0395311376456204,0.0160125252609407,104,86,0.0400550373756429,104,86,"300"
"6M502A",0.0254746312814181,255,124,131,0.0235377412783098,0.0226518465992456,258,127,0.0566556431509755,258,127,"300"
"764",0.0198392404391498,223,102,121,0.0246737188420925,0.018571121703227,228,107,0.046443323102391,228,107,"300"
"78010",0.0130589491133204,180,56,124,0.0244095314756791,0.0111021588256917,176,52,0.0277648169232361,176,52,"300"
"87916W",0.0409192396223478,185,172,13,0.0414194371078449,0.0400834890185644,185,172,0.100263694130594,185,172,"300"
"A",0.0280794009102409,208,136,72,0.0305088564638984,0.0238153564048722,203,131,0.0595575260609374,203,131,"300"
"A239",0.0222857948141093,138,115,23,0.039054833902781,0.0204064267726929,139,116,0.0510382070778296,139,116,"300"
"A305",0.00881270546416767,127,33,94,0.0283124506354262,0.00899652822807142,132,38,0.0225046353511366,132,38,"300"
"A572",0.0269170652577324,213,132,81,0.0295094048669692,0.027041147988728,228,147,0.0676427069791218,228,147,"300"
"A632",0.0332755636008453,273,156,117,0.0248353984604253,0.0304537132102887,274,157,0.0761692408293546,274,157,"300"
"A648",0.0237872279359791,270,120,150,0.0196889244659218,0.0221134073845889,273,123,0.0553128251645723,273,123,"300"
"A663",0.0159366666501662,140,76,64,0.0319546178397701,0.0122977430261136,123,59,0.0307481416347314,123,59,"300"
"A672",0.00800638450529799,73,24,49,0.0335193350116963,0.00575400646464376,64,15,0.0143851821860241,64,15,"300"
"A679",0.011506417961973,143,48,95,0.0281360328054888,0.0105246959209746,143,48,0.0263192436284632,143,48,"300"
"A682",0.00867447565739544,173,32,141,0.021716319090321,0.00796748037874895,172,31,0.0199286658114661,172,31,"300"
"A73",0.0273899830267293,141,134,7,0.0514936401889608,0.0267851323085997,149,142,0.0670016915012642,149,142,"300"
"AQA3",0.024003137016844,236,121,115,0.025566176443014,0.0226671403171765,243,128,0.0566992529472168,243,128,"300"
"AS6103",0.046049568288681,182,173,9,0.0455437005955942,0.038939415451123,180,171,0.0973699364817067,180,171,"300"
"AusTRCF 306238",0.0229831506315954,280,118,162,0.0162584020420797,0.0196797014510954,274,112,0.0492054437236546,274,112,"300"
"B-18 INBR.FR.SUPERGOLD",0.019883369355571,127,103,24,0.0382279031139831,0.016498677943106,115,91,0.0412508987273198,115,91,"300"
"B103",0.0207086882729386,230,105,125,0.0244088282032404,0.0195804172037892,235,110,0.0489661832367875,235,110,"300"
"B108",0.00863065145564497,97,31,66,0.0317423826468415,0.00738100779677468,94,28,0.0184593195925698,94,28,"300"
"B111",0.0179671678815943,165,90,75,0.029903687039697,0.0129270384525218,140,65,0.0323176188573167,140,65,"300"
"B115",0.00659630322847514,179,18,161,0.0167996597879789,0.00606660473951782,180,19,0.0151740831302467,181,20,"300"
"B121",0.023669554533522,181,119,62,0.0320954659057823,0.0220031844080108,184,122,0.0550371173899496,184,122,"300"
"B14A",0.0115587810630869,195,49,146,0.0207271663874754,0.0123495671073129,207,61,0.0308918334317374,207,61,"300"
"B2",0.0284051145766324,274,138,136,0.0227101515901278,0.0270455760147585,284,148,0.0676519815302647,284,148,"300"
"B37",0.00566525048886722,84,10,74,0.0304719661193021,0.00519368378840548,87,13,0.0129904586041722,87,13,"300"
"B66",0.0174840967374479,218,88,130,0.0235940085502949,0.01495708205605,207,77,0.0374065300680567,207,77,"300"
"B68",0.0207462383376624,263,106,157,0.0184724377501876,0.021708387138708,278,121,0.0543021717067865,278,121,"300"
"B73",0.0302653160686231,182,148,34,0.0366590908505758,0.0277692341318577,185,151,0.069456898660144,185,151,"300"
"B76",0.0134206752320482,127,59,68,0.0314869999649365,0.0124001203378554,130,62,0.0310119882440977,130,62,"300"
"B77",0.00607621570195669,168,12,156,0.0184989490680404,0.00645183037894805,181,25,0.016138912159088,181,25,"300"
"B79",0.0216818512087006,245,111,134,0.0230885107957548,0.0202887142678578,249,115,0.0507492684910176,249,115,"300"
"B91",0.0171948326590016,97,85,12,0.0422016405895179,0.0179758155180304,114,102,0.0449653656662881,114,102,"300"
"BEI 10 = NORTH 10",0.00848228240671457,178,29,149,0.019853013289648,0.00782321410380152,179,30,0.0195655594970033,179,30,"300"
"BO9",0.00744114706754158,63,22,41,0.0354026304527893,0.00631917686979948,62,21,0.0158031855979253,62,21,"300"
"CG102",0.0185927780612624,139,97,42,0.0353299651100593,0.0173406208333209,139,97,0.0433748018408184,139,97,"300"
"CH701-30",0.0367052358549826,214,166,48,0.0339011748465102,0.0318156381273053,208,160,0.0795717196816563,208,160,"300"
"CH753-4",0.0402691566889275,310,171,139,0.0221913352634826,0.0381564522694395,309,170,0.0954414462479786,309,170,"300"
"CR 22 INBRED",0.00787635584696422,90,23,67,0.0316553756819732,0.00592252995631128,84,17,0.0148066845146494,84,17,"300"
"DE811",0.0164554135472887,119,81,38,0.0358607518831152,0.0173528405203814,136,98,0.0434078472602133,136,98,"300"
"DJ7",0.0362585366603415,194,163,31,0.0368952885888481,0.0343970025141728,195,164,0.086037939632071,195,164,"300"
"DK3IIH6",0.00385852179144889,117,6,111,0.0261618743138681,0.00353203550340592,117,6,0.00883396882868629,117,6,"300"
"DK4676A",0.00895672722663085,67,35,32,0.0368814816115028,0.00931942125753128,73,41,0.0233123787912509,73,41,"300"
"DK78002A",0.0190516884386075,187,100,87,0.0287810284036995,0.0160995712297379,176,89,0.0402535925086012,176,89,"300"
"DK78371A",0.0167634661436794,167,84,83,0.0292790800501666,0.0153408125861199,164,81,0.0383692197118865,164,81,"300"
"DKFBHJ",0.00661058294703136,78,19,59,0.0329637045381221,0.00696354722911724,85,26,0.0174192000632304,85,26,"300"
"DKMBNA",0.0255683738559726,136,125,11,0.0434188699910324,0.0228232707631444,140,129,0.0570847315176971,140,129,"300"
"DKPB80",0.0244686843719247,126,122,4,0.0535064448520214,0.0224068836610795,129,125,0.0560414594965738,129,125,"300"
"E8501",0.00909076786999783,147,37,110,0.0261741764622381,0.00838076377959802,143,33,0.0209600117153117,143,33,"300"
"EAST 028",0.0286884340100822,144,141,3,0.0561363000799391,0.0243548399197032,137,134,0.0608943678225042,137,134,"300"
"F118",0.0313220731914545,177,149,28,0.037655742108024,0.0247241084962698,163,135,0.0618141378324151,163,135,"300"
"H113",0.0352259351356168,237,158,79,0.0296156744868269,0.030009207241958,235,156,0.0750493556854734,235,156,"300"
"H121",0.019615887001661,234,101,133,0.0232449931169859,0.0182422209843529,237,104,0.0456297624216571,237,104,"300"
"H71",0.0313538135234451,248,150,98,0.0278731501572962,0.0268350788216066,242,144,0.0671126265099794,242,144,"300"
"H91",0.029973597163832,172,146,26,0.0381662013417052,0.0216943025811417,146,120,0.0542373421922816,146,120,"300"
"H96",0.0318743060356792,270,151,119,0.0248019039011792,0.0269845619362082,265,146,0.0674811890953383,265,146,"300"
"ICI 740",0.0155155922375904,157,73,84,0.028984853037814,0.0159857193184751,169,85,0.0399870858017877,169,85,"300"
"IDS28",0.0058184227963645,87,11,76,0.0298955533078298,0.00467037355144962,86,10,0.0116768200527051,86,10,"300"
"IDS69",0.0149300176396057,231,67,164,0.0157307082360466,0.0120534804008668,221,57,0.0301389512199261,221,57,"300"
"INB 101LFY/LFY (A632 X M16 S5)",0.0257679836134276,147,128,19,0.0395210455821041,0.0267954040090891,162,143,0.0670282605427532,162,143,"300"
"INBRED 2-687",0.010907144320864,195,41,154,0.0188619847585868,0.0120322440150562,210,56,0.0300982482940782,210,56,"300"
"K150",0.0353278822501897,232,159,73,0.0304739701503963,0.0351234829995029,238,165,0.0878602143189249,238,165,"300"
"L 127",0.0256871851216154,274,127,147,0.0199631094155749,0.0185627840887124,253,106,0.046406966630352,253,106,"300"
"L 289",0.00632027818663788,53,13,40,0.0356421015326037,0.00465896503765437,49,9,0.0116481214750478,49,9,"300"
"LH143 (Maintainer)",0.0358874951990823,179,162,17,0.0399958239915406,0.0328598777012532,178,161,0.0821882154021041,178,161,"300"
"LH146Ht",0.0163284149939344,80,78,2,0.0587472644159863,0.0167244621826621,95,93,0.0418349118168177,95,93,"300"
"LH149",0.0112201302081877,52,47,5,0.0534817881653041,0.00903466726666967,45,40,0.022588438835733,45,40,"300"
"LH166",0.00706063848579695,78,21,57,0.03299623767612,0.00606805398756894,77,20,0.0151729307509052,76,19,"300"
"LH181",0.0332236053442726,324,155,169,0.0138833095911551,0.029793230799606,324,155,0.0745182251412002,324,155,"300"
"LH184",0.022574579058414,245,117,128,0.0239928464482258,0.0248221587166284,264,136,0.0620917519384242,264,136,"300"
"LH190",0.00526346158681788,150,8,142,0.0216342877124279,0.00445558443886863,150,8,0.0111420939602785,150,8,"300"
"LH194",0.00557626977051975,138,9,129,0.0236741918042787,0.00473193154424797,140,11,0.0118336856113559,140,11,"300"
"LH195",0.0119721268886846,143,50,93,0.0283380974962176,0.0110448074709696,144,51,0.0276226088410115,144,51,"300"
"LH202",0.0286447029581712,160,139,21,0.0391754472059803,0.0265237022052365,160,139,0.0663438113713661,160,139,"300"
"LH205",0.00858875752889724,189,30,159,0.0171117187614695,0.00639002462131386,182,23,0.0159753242275697,182,23,"300"
"LH206",0.0111962291905144,109,46,63,0.0320636715142762,0.00958559096694,107,44,0.0239687043586808,107,44,"300"
"LH208",0.0286949024892844,242,142,100,0.027732108163661,0.0258074792836948,238,138,0.0645493978205076,238,138,"300"
"LH214",0.0154534049829161,154,72,82,0.0294036381487045,0.0152077402329822,162,80,0.0380415173323128,162,80,"300"
"LH215",0.0286723692340049,280,140,140,0.0221872134235504,0.0269562014779938,285,145,0.0674274747875262,285,145,"300"
"LH295",0.018535567955487,111,96,15,0.0406093408967622,0.016047896120966,103,88,0.0401263134136988,103,88,"300"
"LH82",0.00658876181316639,131,17,114,0.0256421760124357,0.0057668809440854,130,16,0.0144234286855188,130,16,"300"
"LP1 NR HT",0.0218490858329195,245,113,132,0.0233500140025592,0.0191010422027854,241,109,0.0477731135296259,241,109,"300"
"LP5",0.017392276739483,93,87,6,0.0522301952887604,0.0161378067143115,96,90,0.0403650979780454,96,90,"300"
"M14",0.00822474374449498,139,26,113,0.0258086015979455,0.00810184146126789,145,32,0.0202664205328996,145,32,"300"
"MBPM",0.00250692999030228,138,3,135,0.0229360607931572,0.00265001935008748,140,5,0.00662897974170136,140,5,"300"
"MBWZ",0.0163394487966353,216,79,137,0.0222360331268852,0.0149612731789427,215,78,0.0374207319649416,215,78,"300"
"MM501D",0.0223897657559469,289,116,173,0.00876311385615498,0.0225592422467604,299,126,0.0564313748530929,299,126,"300"
"Mo5",0.0111472748334811,210,44,166,0.0151356943357594,0.0121382325496178,224,58,0.0303633084113905,224,58,"300"
"MQ305",0.0140353018738854,180,64,116,0.0255427078559614,0.0143934841334816,190,74,0.0360041711943417,190,74,"300"
"MS132",0.0121513746723671,158,51,107,0.0263628695828355,0.0134888029030864,174,67,0.0337418120492768,174,67,"300"
"MS211",0.0133189456180279,68,58,10,0.0438804935889314,0.00970652233626797,56,46,0.0242663848434597,56,46,"300"
"MS224",0.0137840745660169,179,61,118,0.024834198580391,0.0142520274171308,190,72,0.0356512018836799,190,72,"300"
"MS226",0.00657102455435028,187,16,171,0.0089565881258539,0.00605746546976499,189,18,0.0151495239218578,189,18,"300"
"MS24A",0.017574082797848,126,89,37,0.0359320983179429,0.0148956035052952,113,76,0.0372507222409665,113,76,"300"
"MS71",0.0368984909073372,193,168,25,0.0382263114653503,0.0333910017839631,187,162,0.0835178783799209,187,162,"300"
"N192",0.0138218147663254,161,62,99,0.0277899643021815,0.011714908566857,153,54,0.0292964745065198,153,54,"300"
"N28Ht",0.0183795313900017,261,94,167,0.015106791224018,0.0200311785938217,280,113,0.0501072086910218,280,113,"300"
"N527",0.0188375068105952,125,98,27,0.0380771255519004,0.0173388002399067,123,96,0.0433687845040976,123,96,"300"
"NC250",0.0381147706266482,262,170,92,0.0283409023122247,0.0286146090292356,245,153,0.0715381746715729,245,153,"300"
"NC294",0.0105238504258291,94,38,56,0.0330191317061043,0.00898267902849465,93,37,0.0224614002645308,93,37,"300"
"NC310",0.0265184574144391,144,130,14,0.0407807198307015,0.0242680565165479,146,132,0.0606973123288,146,132,"300"
"NC328",0.0181574744833635,203,91,112,0.0261394746014812,0.0178110329998644,213,101,0.0445534843269124,213,101,"300"
"ND259",0.0130028826806232,206,55,151,0.0193980450442183,0.00937002822283511,194,43,0.0234255274658451,194,43,"300"
"ND265",0.0181879388681379,195,92,103,0.0268290263530878,0.0160375796455966,190,87,0.0401118226712061,190,87,"300"
"NKS8326",0.00681306876156146,185,20,165,0.0154580225382381,0.00640649481008232,189,24,0.0160245906974547,189,24,"300"
"NQ508",0.0151781446887458,130,70,60,0.0325673603784568,0.015705706315988,142,82,0.0392875564281536,142,82,"300"
"NY6371",0.0358768936695434,252,161,91,0.028369054558804,0.0367052904568792,258,167,0.0918175728705396,258,167,"300"
"Ny821",0.0132758751467033,73,57,16,0.0403959073756541,0.012436199884756,79,63,0.0311073969327437,79,63,"300"
"Oh40B",0.0286949511706263,270,143,127,0.0241573434979856,0.0284489911888402,279,152,0.0711641346007398,279,152,"300"
"Oh43",0.0357658755942872,246,160,86,0.0289195330331594,0.0374618173124309,255,169,0.0937101297840636,255,169,"300"
"OQ403",0.0204317960433294,208,104,104,0.0267961588973542,0.0173192764177321,199,95,0.0433118536558157,199,95,"300"
"Os420",0.013827531792366,108,63,45,0.03471014251541,0.0100585065069358,92,47,0.0251472423280799,92,47,"300"
"OS602",0.000514384406059656,159,1,158,0.0175478008679758,0.000390739824645471,159,1,0.000976950416864447,159,1,"300"
"Pa392",0.0276284662963529,225,135,90,0.0284247235362574,0.0229111660188557,220,130,0.0572837254122437,220,130,"300"
"Pa875",0.021976820977309,219,114,105,0.0267786464303644,0.0190509171440978,213,108,0.0476468385093218,213,108,"300"
"PH207",0.00319919148023387,63,5,58,0.0329637851676131,0.00249421023580866,61,3,0.0062358540025495,61,3,"300"
"PHBB3",0.0173707645403645,188,86,102,0.0271636462261008,0.0159604927842252,186,84,0.0399173676132346,186,84,"300"
"PHG29",0.0321800898789999,301,153,148,0.0199340518585188,0.0273614076790624,297,149,0.0684191990737152,297,149,"300"
"PHG80",0.0207795506489187,186,108,78,0.0296188322434782,0.017654777964462,178,100,0.0441472744383601,178,100,"300"
"PHG83",0.0367242961616139,175,167,8,0.0508097049998257,0.0369066853463992,176,168,0.092318459146996,176,168,"300"
"PHH93",0.00647314645018323,189,15,174,0.00794898369392716,0.00549513285380656,188,14,0.0137411299880837,188,14,"300"
"PHHV4",0.00296662305338899,113,4,109,0.0262398684457133,0.00251562296516439,113,4,0.00629106650757565,113,4,"300"
"PHJ70",0.012236059955497,222,52,170,0.0105056427826812,0.0096391991753608,215,45,0.0240994668269221,215,45,"300"
"PHJ89",0.00643028251599441,84,14,70,0.0311593113661233,0.0048407850822036,82,12,0.0121030670274465,82,12,"300"
"PHJ90",0.0258008888805618,168,129,39,0.0356501407729579,0.0266734940295442,180,141,0.0667232868598459,180,141,"300"
"PHJR5",0.0124885188867751,179,53,126,0.0242912974756313,0.0126859024953193,190,64,0.0317326796115457,190,64,"300"
"PHK56",0.0111604603643187,205,45,160,0.0169210383061388,0.0105722279383163,209,49,0.0264453075689917,209,49,"300"
"PHK74",0.0105500774869498,162,40,122,0.0245335181755439,0.00897071790701406,158,36,0.0224319291505127,158,36,"300"
"PHKE6",0.0369154656319623,213,169,44,0.0349316273573056,0.0402555213164045,217,173,0.100698283607968,217,173,"300"
"PHN29",0.0329167985730252,307,154,153,0.0189111576325063,0.0313621398665516,311,158,0.0784470179013168,311,158,"300"
"PHN66",0.0269147982402742,184,131,53,0.0331075397182574,0.0275554692798164,203,150,0.0689294776865516,203,150,"300"
"PHP55",0.0217533283337653,163,112,51,0.033348161637473,0.0221613585209909,175,124,0.055436180355622,175,124,"300"
"PHP76",0.0364677571711492,211,164,47,0.0342822462334287,0.0335702884114643,210,163,0.0839587753864733,210,163,"300"
"PHPR5",0.0165079549252044,202,82,120,0.0247162243412032,0.0123349585806191,180,60,0.030839891335149,180,60,"300"
"PHR30",0.00825671759108756,112,27,85,0.028920698123475,0.00864904008226585,119,34,0.0216350390736592,119,34,"300"
"PHR36",0.0135250353001403,137,60,77,0.0297976618028852,0.0139000902055582,145,68,0.0347708217987298,145,68,"300"
"PHR47",0.0149321917327588,104,68,36,0.0362988695668789,0.0107248326101016,86,50,0.0268121693735592,86,50,"300"
"PHR63",0.0290662993389337,199,145,54,0.033043475080683,0.0210419268315266,171,117,0.0526048449924192,171,117,"300"
"PHT10",0.0270514495455967,185,133,52,0.0331849624353144,0.0249755799256357,189,137,0.0624709873007185,189,137,"300"
"PHTM9",0.0189881953536735,119,99,20,0.0393581375536632,0.0175131389764079,119,99,0.0437996877350079,119,99,"300"
"PHV63",0.014184686158651,210,65,145,0.0209875498025735,0.013208981632031,211,66,0.0330400704888559,211,66,"300"
"PHW30",0.0256466629934699,278,126,152,0.01926168430374,0.0184347471430379,257,105,0.0460874287382672,257,105,"300"
"PHW43",0.0212565900992588,215,109,106,0.0264156899651392,0.0196045070770622,217,111,0.0490362503463337,217,111,"300"
"R181B",0.0283505869919029,183,137,46,0.0346053504149703,0.0243041045489839,179,133,0.0607719606961942,179,133,"300"
"R226",0.0213151336692043,171,110,61,0.032475623753621,0.0180445491436905,164,103,0.0451238853817473,164,103,"300"
"R71",0.00474698302334647,42,7,35,0.0365125654073456,0.00408517585178066,42,7,0.0102169263654798,42,7,"300"
"R78",0.02495628023582,211,123,88,0.0287361970369288,0.0212886726253718,206,118,0.0532329707396819,206,118,"300"
"SD101",0.0185209602032741,124,95,29,0.0375018307609215,0.0202185911401582,143,114,0.0505763456521546,143,114,"300"
"SD107",0.0129584326825008,197,54,143,0.0216240246880581,0.0118898303128475,198,55,0.0297368747921981,198,55,"300"
"SD40",0.0366705599396914,187,165,22,0.039144291639845,0.0361224109541423,188,166,0.0903587132807375,188,166,"300"
"SD44",0.0289727494342772,174,144,30,0.0369634848258716,0.0214194483596831,149,119,0.0535521191255616,149,119,"300"
"TZU-CHIAO-HSI-WU 105",0.00065028557537146,73,2,71,0.0309131997067046,0.000552428444565688,73,2,0.00138153293675492,73,2,"300"
"Va26",0.0319458273777481,241,152,89,0.0286714706078929,0.0317121538576212,248,159,0.0793244096899629,248,159,"300"
"Va35",0.00900012097486327,133,36,97,0.0279294964315872,0.00902202616479305,136,39,0.0225676905520619,136,39,"300"
"Va99",0.0334187418412116,190,157,33,0.0367138910624141,0.0266586246237671,173,140,0.0666573177851632,173,140,"300"
"W22",0.010934764077164,205,42,163,0.0158699389576008,0.0111885320320776,216,53,0.027987212761468,216,53,"300"
"W24",0.0207780078375522,162,107,55,0.0330311830890913,0.01501798476458,134,79,0.0375449682671733,134,79,"300"
"W552",0.016108621191881,245,77,168,0.0140784675149594,0.0142391528325905,239,71,0.035613902622782,239,71,"300"
"W605S",0.00883463531806517,103,34,69,0.0314636710235858,0.00636227055876827,91,22,0.0159056806182742,91,22,"300"
"W607S",0.00806307579618379,197,25,172,0.00888703575672461,0.00737967591403776,199,27,0.0184573674652543,199,27,"300"
"W612S",0.00829909168529047,172,28,144,0.0213831765070832,0.00770983749496501,173,29,0.0192847840458754,173,29,"300"
"W614S",0.0163718842272642,203,80,123,0.024452337541452,0.0140285762748701,193,70,0.0350795700909486,193,70,"300"
"W64A",0.0150743095464826,134,69,65,0.0319367140127557,0.0139910656922451,134,69,0.0349960866311727,134,69,"300"
"W701BC",0.0105361273104727,194,39,155,0.0186879932637825,0.00933589631976352,197,42,0.0233503381503228,197,42,"300"
"W810G",0.015639435828908,118,75,43,0.0351613773750039,0.0143117505775117,116,73,0.0357955430876318,116,73,"300"
"W8304",0.0144321516420021,162,66,96,0.0281060436898907,0.0147140836030744,171,75,0.036806979733888,171,75,"300"
"W9",0.0154251260591113,209,71,138,0.0222157285185305,0.0166980094791128,230,92,0.0417697296787673,230,92,"300"
"WU-TAN-TZAO",0.0301274153200159,248,147,101,0.0275883492590109,0.0288304840758226,255,154,0.0721147321288583,255,154,"300"
"YING-55",0.0733283958215319,175,174,1,0.0619468038680565,0.0674697668767984,175,174,0.168741275099773,175,174,"300"
"Yu796 NS",0.0111284384312902,123,43,80,0.0295394495939712,0.00867139180478007,115,35,0.0216796117850144,115,35,"300"
"3IJI1",0.0237840555255474,220,86,134,0.0345144619842921,0.0191836351535286,225,91,0.0462772609419191,225,91,"350"
"4N506",0.030906869723255,152,111,41,0.051876625769086,0.0255090051646604,165,124,0.0615335283423348,165,124,"350"
"6M502",0.0350160680160995,149,134,15,0.0593050031902635,0.028107359173348,151,136,0.0678106547460361,151,136,"350"
"6M502A",0.0341180320352998,258,127,131,0.0358399758673099,0.0218868389709802,231,100,0.0528650312521077,231,100,"350"
"764",0.035032021019535,234,135,99,0.0406725058959866,0.0319928439875282,249,150,0.0771780762857745,249,150,"350"
"78010",0.00819007251551202,119,13,106,0.0394055113968357,0.00690460476802781,120,14,0.016663200481412,120,14,"350"
"87916W",0.0445091403245125,194,158,36,0.0525914112129376,0.0332729044079664,191,155,0.0803166181490954,191,155,"350"
"A",0.0333319822296907,243,125,118,0.0381277984943074,0.0219156635955776,219,101,0.0529363851811507,219,101,"350"
"A239",0.0387306810413404,161,147,14,0.0594938863027568,0.0331214520632921,168,154,0.0799075483615608,168,154,"350"
"A305",0.00984908917013754,127,17,110,0.0387812075926445,0.00910945150901297,136,26,0.0219755076102845,136,26,"350"
"A572",0.027091100716643,196,100,96,0.0410367171279423,0.0220163819148799,198,102,0.0531095284299871,198,102,"350"
"A632",0.0506046602324534,267,165,102,0.0401097574008915,0.0416646684803468,269,167,0.100504831687406,269,167,"350"
"A648",0.0324847336505211,269,120,149,0.0303002492727265,0.0269270203230718,279,130,0.0649539673331397,279,130,"350"
"A663",0.0121484610571491,68,29,39,0.0520662785398538,0.0111649716291181,80,41,0.026934038805483,80,41,"350"
"A672",0.0130757396419066,70,35,35,0.0527075713498878,0.0104971966317693,72,37,0.0253274673507484,72,37,"350"
"A679",0.0194154416298786,148,69,79,0.04367059551859,0.0155828523274085,152,73,0.0375944427799613,152,73,"350"
"A682",0.0171814963692881,191,55,136,0.0338803714473844,0.0110889966323068,176,40,0.0267846699871869,176,40,"350"
"A73",0.0400425126442162,157,149,8,0.0662716052188925,0.0344989482872452,167,159,0.0832197316974233,167,159,"350"
"AQA3",0.0339583415276858,237,126,111,0.03869535372649,0.0283335787515446,249,138,0.0683467887483626,249,138,"350"
"AS6103",0.0588333308186677,180,171,9,0.0628200933033114,0.0483611753612655,181,172,0.11668049911978,181,172,"350"
"AusTRCF 306238",0.0235251970396122,243,83,160,0.0258201419161926,0.0155553724954058,232,72,0.0375733325806831,232,72,"350"
"B-18 INBR.FR.SUPERGOLD",0.0232238075929713,92,79,13,0.0598375413866477,0.0159776905531542,89,76,0.0385923610815568,89,76,"350"
"B103",0.0383491729044304,237,145,92,0.0415777481635805,0.0323961189905556,245,153,0.078158803457199,245,153,"350"
"B108",0.0183895354425189,122,62,60,0.0480142339260182,0.013004004386261,117,57,0.0314021971590773,117,57,"350"
"B111",0.0115278902041771,75,25,50,0.0499611970203825,0.00946959720459949,79,29,0.0228472210213019,79,29,"350"
"B115",0.0117531979001079,190,28,162,0.0247547764283128,0.00802560268385437,183,21,0.0193775171612613,183,21,"350"
"B121",0.0267273368046472,171,98,73,0.0452507230666903,0.0221934694201765,176,103,0.0535355565726107,176,103,"350"
"B14A",0.0247879542689718,228,89,139,0.0329450510611826,0.0165754802826415,217,78,0.0400238572591766,217,78,"350"
"B2",0.0270471778173604,254,99,155,0.0276744360164989,0.0217302697683155,254,99,0.0524219763211768,254,99,"350"
"B37",0.00313447687440799,90,2,88,0.0420560259113268,0.0025718507373047,90,2,0.00620391825859238,90,2,"350"
"B66",0.027877840477041,245,103,142,0.0321209275899663,0.0188232717710531,229,87,0.0454662943444226,230,88,"350"
"B68",0.0302099291582055,261,108,153,0.0283467213413783,0.0238033199066848,268,115,0.0574521032883816,268,115,"350"
"B73",0.050841976191399,199,166,33,0.0532145738896721,0.0425215451757013,201,168,0.102571246362664,201,168,"350"
"B76",0.0258084234150827,164,92,72,0.0455529304399352,0.0228261309992869,180,108,0.055067506974068,180,108,"350"
"B77",0.0127346867350206,192,33,159,0.0258831942874128,0.00933339371360242,187,28,0.0225421373293505,187,28,"350"
"B79",0.0255585544588254,233,90,143,0.0315849547046195,0.0208461079494146,240,97,0.0502861724979129,240,97,"350"
"B91",0.0186954076313431,86,65,21,0.0579955515907392,0.015490877731513,92,71,0.0373674512192503,92,71,"350"
"BEI 10 = NORTH 10",0.0179438665047101,203,57,146,0.0310104791729023,0.0147935555299832,212,66,0.0356854491743107,212,66,"350"
"BO9",0.0238490969420364,139,87,52,0.0497365028847992,0.0183641983295137,137,85,0.044326106370524,136,84,"350"
"CG102",0.0371951033839416,201,140,61,0.0476513336319442,0.029974001307822,206,145,0.0723075052958685,205,144,"350"
"CH701-30",0.032483892540893,186,119,67,0.0465062937303825,0.0208106309517795,163,96,0.0502651121181204,163,96,"350"
"CH753-4",0.0523410864073955,291,168,123,0.036854957828873,0.0350197113628434,284,161,0.0845598975259324,284,161,"350"
"CR 22 INBRED",0.00864135591620494,52,14,38,0.0521373049563134,0.00694452634768969,53,15,0.0167556102418072,53,15,"350"
"DE811",0.0258414968034336,120,93,27,0.0551744631942895,0.0197314765534151,120,93,0.047627152544007,120,93,"350"
"DJ7",0.0318658337352032,168,115,53,0.0495032151687303,0.0234016453307379,166,113,0.0564909419637019,166,113,"350"
"DK3IIH6",0.00666772900591863,100,9,91,0.0416317149001521,0.0042760455140392,98,7,0.0103274003997688,98,7,"350"
"DK4676A",0.0114468861588973,53,24,29,0.0549044652187168,0.00799297259178083,49,20,0.0192974614399423,49,20,"350"
"DK78002A",0.0290121351524874,147,105,42,0.0517023241666189,0.0210001186130378,140,98,0.0506837922941026,140,98,"350"
"DK78371A",0.0181941765855941,169,60,109,0.0391373377378367,0.0162587639431501,186,77,0.0392210982291722,186,77,"350"
"DKFBHJ",0.0236231166306389,122,85,37,0.0525233369473675,0.0191771612768205,127,90,0.046271096829137,127,90,"350"
"DKMBNA",0.0138779778110274,53,37,16,0.05912851278136,0.0104197432042103,51,35,0.025151712206329,51,35,"350"
"DKPB80",0.0342740255338173,135,131,4,0.0799083922850116,0.0299026572893228,147,143,0.072140425616105,147,143,"350"
"E8501",0.0123821129364084,138,30,108,0.0392805481249088,0.0099450970232534,141,33,0.0239953497503696,141,33,"350"
"EAST 028",0.0458216915127918,162,159,3,0.0823496160456382,0.0320152724326104,154,151,0.0772999539114471,154,151,"350"
"F118",0.0462778314269917,202,162,40,0.0520529638423394,0.0323139340226348,192,152,0.0780157019297489,192,152,"350"
"H113",0.0463467589715194,260,163,97,0.0409481878981876,0.0297325439401076,239,142,0.0718090522398912,239,142,"350"
"H121",0.0350149738137341,259,133,126,0.0365042697943487,0.0286739361933031,265,139,0.0691685279399889,265,139,"350"
"H71",0.0358073985240056,263,138,125,0.0367730874764183,0.0229243614219465,234,109,0.0553701270510384,234,109,"350"
"H91",0.0327304031187389,166,122,44,0.051603669129269,0.0291249294541945,184,140,0.0702628185970237,184,140,"350"
"H96",0.0318428829230236,251,114,137,0.0335048806016739,0.0225622932125529,244,107,0.0544950098437079,244,107,"350"
"ICI 740",0.014856081022675,104,46,58,0.0481859041545774,0.011679816444574,104,46,0.0281907215704743,104,46,"350"
"IDS28",0.00573608868796058,92,7,85,0.0426646059409503,0.00411414101649574,90,5,0.0099367957541003,90,5,"350"
"IDS69",0.0170885553057391,218,53,165,0.0227542144345359,0.0153036155792383,235,70,0.0369170596795533,235,70,"350"
"INB 101LFY/LFY (A632 X M16 S5)",0.0523990081138148,195,169,26,0.0556921837641319,0.0355310595939595,188,162,0.0857904469026118,188,162,"350"
"INBRED 2-687",0.0184011393996084,220,63,157,0.0275617146358528,0.0148417477303772,224,67,0.0358087321907023,224,67,"350"
"K150",0.0424375744664986,233,153,80,0.0433830588436765,0.0340500045167865,237,157,0.0821467198288585,237,157,"350"
"L 127",0.041947730489263,291,151,140,0.0327706225701276,0.0300296035353203,286,146,0.0725300177529274,286,146,"350"
"L 289",0.00480190395305305,38,4,34,0.0527471471655169,0.00425142608513019,40,6,0.0102564560377071,40,6,"350"
"LH143 (Maintainer)",0.0559089330749872,192,170,22,0.056853418877245,0.0460137084235892,192,170,0.110995756761854,192,170,"350"
"LH146Ht",0.0365835298764335,140,139,1,0.0897516735205025,0.0235221814415078,115,114,0.0568088242873839,115,114,"350"
"LH149",0.0182260824041664,67,61,6,0.0727125563277407,0.0128593724524446,60,54,0.0310411668630995,60,54,"350"
"LH166",0.0072736017790855,62,11,51,0.0499504870352392,0.00494622493445484,61,10,0.0119471918121036,61,10,"350"
"LH181",0.0356271690594845,306,137,169,0.0206349096744656,0.0245555516807737,289,120,0.0592866747030535,289,120,"350"
"LH184",0.0231782018547344,213,78,135,0.034354710544281,0.0177703536208921,217,82,0.0428931039217365,217,82,"350"
"LH190",0.0116274846278274,140,26,114,0.038314041766977,0.0075850107411743,131,17,0.0183212535661636,131,17,"350"
"LH194",0.0020017564018966,128,1,127,0.0364521911636562,0.00144405076020433,128,1,0.0034852751674937,128,1,"350"
"LH195",0.014690323748575,132,43,89,0.0418828416745647,0.0128810653496221,144,55,0.0310725761262029,144,55,"350"
"LH202",0.0432654032029842,173,156,17,0.0589260423268498,0.0347973183225509,177,160,0.0839440406929048,177,160,"350"
"LH205",0.00370448433048262,161,3,158,0.0262798542718711,0.00297705041636449,161,3,0.00718179966680222,161,3,"350"
"LH206",0.0174354418839937,84,56,28,0.0550262499490841,0.0115761342993415,72,44,0.0279530110534034,72,44,"350"
"LH208",0.0353824430392507,218,136,82,0.0429293346072437,0.0252287198045799,205,123,0.0609059766392542,205,123,"350"
"LH214",0.0144368190045849,139,41,98,0.040832879614477,0.0116385724996264,143,45,0.0280899132355961,143,45,"350"
"LH215",0.0319874116271086,264,117,147,0.030710510499175,0.0261161667075958,273,126,0.0629988114019232,273,126,"350"
"LH295",0.0261325834898821,112,94,18,0.0588951954844942,0.0185611840160342,104,86,0.0448229273255376,104,86,"350"
"LH82",0.00647011690650722,112,8,104,0.0399339036318459,0.00454312854909192,113,9,0.0109731930681956,113,9,"350"
"LP1 NR HT",0.0215084988900136,205,72,133,0.0353726199333046,0.0139924366400212,195,62,0.0337908482845364,195,62,"350"
"LP5",0.0184117620017258,69,64,5,0.0760687005067267,0.0120822989618623,53,48,0.0291767302306536,53,48,"350"
"M14",0.0157313703314449,169,48,121,0.0371940832690469,0.0127063096698407,172,51,0.0306516313370926,172,51,"350"
"MBPM",0.0078321415753221,141,12,129,0.0361957705309531,0.00630520540522977,142,13,0.0152123058512307,142,13,"350"
"MBWZ",0.0151700645049496,191,47,144,0.0315816691599372,0.0137095470225977,204,60,0.0330733395631074,204,60,"350"
"MM501D",0.034126100768544,298,128,170,0.0177920162711643,0.027385863516116,302,132,0.0660666209928293,302,132,"350"
"Mo5",0.0109880847410632,186,18,168,0.0215939055198909,0.00918934415519776,195,27,0.0221667035329901,195,27,"350"
"MQ305",0.0193786273228985,151,68,83,0.0428413554575321,0.0143347347934078,147,64,0.0346030772481426,147,64,"350"
"MS132",0.0110277815334931,149,19,130,0.0359163598032081,0.00765415764003877,148,18,0.0184797205868991,148,18,"350"
"MS211",0.0216748525899301,85,73,12,0.0601532530674135,0.0158355407157672,87,75,0.0382174911411921,87,75,"350"
"MS224",0.0234872158087493,176,82,94,0.0414135958804229,0.0171831631330922,175,81,0.0414800700138809,175,81,"350"
"MS226",0.0110743894118325,194,21,173,0.0151357114846893,0.00888381744942305,197,24,0.0214323152134266,197,24,"350"
"MS24A",0.0190520004710415,132,67,65,0.0467253913058986,0.0123464334265332,115,50,0.0298221036725335,115,50,"350"
"MS71",0.0459131362682538,190,160,30,0.0543141179349878,0.0300982532870628,178,148,0.0726825970289773,178,148,"350"
"N192",0.0171594454627579,131,54,77,0.0444778213502675,0.0113544587119475,120,43,0.0274181124381849,120,43,"350"
"N28Ht",0.0263069484211548,262,95,167,0.0219959950642968,0.0222380934060152,271,104,0.0536679986053763,271,104,"350"
"N527",0.0288175559491237,129,104,25,0.0565446132096659,0.0247088908132174,146,121,0.0596036164322592,146,121,"350"
"NC250",0.0382693099092918,245,144,101,0.0403976838833465,0.0270434224338634,232,131,0.0653044197008162,232,131,"350"
"NC294",0.0112340020795625,85,23,62,0.0475457411085429,0.0081631468904289,84,22,0.0197147600939273,84,22,"350"
"NC310",0.0385961725608549,157,146,11,0.0610856225585655,0.0339779401792406,167,156,0.0819713478430813,167,156,"350"
"NC328",0.0240646344942112,207,88,119,0.0380861826489015,0.0195285453218452,211,92,0.0471083418024948,211,92,"350"
"ND259",0.0110869046870907,173,22,151,0.0291907634944517,0.00786947029281431,170,19,0.019007198132833,170,19,"350"
"ND265",0.0264602734353863,162,96,66,0.0466899712561412,0.0170848681345711,146,80,0.041260697495229,146,80,"350"
"NKS8326",0.0145306220278819,205,42,163,0.023632701735525,0.00952092690176981,193,30,0.0229916088912453,193,30,"350"
"NQ508",0.0295229540094373,163,106,57,0.048662878142677,0.0243343595423759,174,117,0.0587292748053934,174,117,"350"
"NY6371",0.0492534569959587,257,164,93,0.0414421286990406,0.0398130989517084,259,166,0.0960414904334011,259,166,"350"
"Ny821",0.0123885309096912,55,31,24,0.0565809182357441,0.00993962926190672,56,32,0.023979641632888,56,32,"350"
"Oh40B",0.0422181146158139,276,152,124,0.0368403980508942,0.034161095010041,282,158,0.0824227658574464,282,158,"350"
"Oh43",0.0459605290967058,245,161,84,0.0427346598863155,0.0378170254871706,249,165,0.0912528529769629,249,165,"350"
"OQ403",0.0179999293745723,171,58,113,0.038454144627196,0.0128530905953884,166,53,0.031029200664993,166,53,"350"
"Os420",0.032440372019794,150,118,32,0.0537370328169381,0.028065565646269,167,135,0.0677090265266199,167,135,"350"
"OS602",0.00896900717012727,163,15,148,0.0303370748378173,0.0070122942816582,164,16,0.0169200383118093,164,16,"350"
"Pa392",0.0426018401521005,241,154,87,0.0424727196049099,0.0299635550528404,231,144,0.0723532397303464,232,145,"350"
"Pa875",0.0219141996075708,186,74,112,0.0386592421087127,0.014206718097352,175,63,0.0343155299608035,175,63,"350"
"PH207",0.0056571820581713,77,6,71,0.0457263694802591,0.00453980667325928,79,8,0.0109519908336619,79,8,"350"
"PHBB3",0.0301880602321476,185,107,78,0.0443837264573339,0.0256663217833739,203,125,0.0619129424050727,203,125,"350"
"PHG29",0.0330058208694049,275,123,152,0.0284828482376094,0.0230700698350761,263,111,0.0557026487372039,263,111,"350"
"PHG80",0.0271797663073246,170,101,69,0.0463408999279376,0.0183567719340851,153,84,0.0443394878865044,154,85,"350"
"PHG83",0.0437727383817875,164,157,7,0.0710202605101139,0.036151005342904,171,164,0.0872476485675115,171,164,"350"
"PHH93",0.020754513407924,245,71,174,0.0141647586058598,0.0135389624467395,233,59,0.0327027572011322,233,59,"350"
"PHHV4",0.00897793606097525,133,16,117,0.038238059563168,0.00579514024591764,129,12,0.0139977459920192,129,12,"350"
"PHJ70",0.013898294299202,209,38,171,0.0177656183647683,0.0101724502654488,205,34,0.0245500052347406,205,34,"350"
"PHJ89",0.0146965226033447,89,44,45,0.051416880518363,0.0104770034327499,81,36,0.0253011279555283,81,36,"350"
"PHJ90",0.0319372857099535,170,116,54,0.0488592161109756,0.0261186553497972,181,127,0.0630046703768323,181,127,"350"
"PHJR5",0.0164516048176516,166,50,116,0.0382800932455794,0.011299314334589,158,42,0.0272812542640339,158,42,"350"
"PHK56",0.0110691502843481,184,20,164,0.0228526731098751,0.00840847659118075,187,23,0.0202963060047747,187,23,"350"
"PHK74",0.0158668040659974,135,49,86,0.0425799263984489,0.0128991259253934,142,56,0.0311236022379896,142,56,"350"
"PHKE6",0.0342117591110961,185,130,55,0.0488318199031727,0.0280166201468591,189,134,0.067602695402953,188,133,"350"
"PHN29",0.0341276167110967,295,129,166,0.022314233485926,0.0231307938757252,278,112,0.0558498493064202,278,112,"350"
"PHN66",0.0374864387581684,190,142,48,0.0501020275991014,0.0300803800183254,195,147,0.0725670858088375,195,147,"350"
"PHP55",0.0267228946615273,171,97,74,0.0451814357782747,0.0224750761130175,180,106,0.0542378480859843,180,106,"350"
"PHP76",0.0516104190670169,213,167,46,0.0511017763695966,0.0467186363306969,217,171,0.112700937964966,217,171,"350"
"PHPR5",0.0124985812367476,160,32,128,0.0363513276096959,0.0109259092205239,167,39,0.0263588001250763,167,39,"350"
"PHR30",0.018731048254567,129,66,63,0.0471352712969629,0.0149452205568041,131,68,0.0360599947786915,131,68,"350"
"PHR36",0.0195170210055896,175,70,105,0.0399208084542657,0.0156732313954915,179,74,0.0378102152568192,179,74,"350"
"PHR47",0.0220209834725482,150,75,75,0.0450077860772251,0.0178812752418738,158,83,0.0431428037791858,158,83,"350"
"PHR63",0.0330894463803022,200,124,76,0.0445106135547707,0.0239105138312805,192,116,0.0577085121765468,192,116,"350"
"PHT10",0.0223496870221886,132,76,56,0.0487775387091377,0.0191586170348622,145,89,0.0462150542081183,145,89,"350"
"PHTM9",0.0308361814979774,129,110,19,0.0586531494231213,0.0262400902985488,147,128,0.0633062107338644,147,128,"350"
"PHV63",0.0233589405066323,231,81,150,0.0299351730231558,0.0200365763279249,244,94,0.0483329120425503,244,94,"350"
"PHW30",0.0419249154005987,306,150,156,0.027605050714168,0.0292709619613361,297,141,0.0706701618289447,297,141,"350"
"PHW43",0.0311553223060076,207,112,95,0.0411114159222644,0.0266350400351951,224,129,0.0642498500291643,224,129,"350"
"R181B",0.0640138365762833,183,173,10,0.0618073099044252,0.0448302167629345,179,169,0.108224993623446,179,169,"350"
"R226",0.0325359777483845,180,121,59,0.0480695708830509,0.0230159909363897,169,110,0.0555909370320192,169,110,"350"
"R71",0.00696882171607397,57,10,47,0.0502138659821199,0.00562900078586188,58,11,0.0135789251161833,58,11,"350"
"R78",0.0257665801101193,198,91,107,0.0393581551240776,0.0188243367529716,195,88,0.0454649740511562,194,87,"350"
"SD101",0.0345083296346979,181,132,49,0.0500913919975315,0.0281837007166215,186,137,0.0679861946952438,186,137,"350"
"SD107",0.0166575964697508,189,51,138,0.0332859130885307,0.0145415337592666,203,65,0.0350779575089548,203,65,"350"
"SD40",0.0633327652272546,192,172,20,0.0584847380814217,0.0515092218635662,193,173,0.124254117022007,193,173,"350"
"SD44",0.038114269664631,174,143,31,0.0538995626279774,0.0311929720587895,180,149,0.0752594662400103,180,149,"350"
"TZU-CHIAO-HSI-WU 105",0.00564270146406895,95,5,90,0.0418794565322481,0.00395980802742964,94,4,0.00956155957299656,94,4,"350"
"Va26",0.0395686022136627,248,148,100,0.040635607261447,0.0280060677415558,233,133,0.0676122754327043,234,134,"350"
"Va35",0.0117257268567102,130,27,103,0.0400011932224286,0.00989980087611229,134,31,0.0238915930953423,134,31,"350"
"Va99",0.0429502837580586,178,155,23,0.0568283172286284,0.0361326742880485,186,163,0.0871740738095542,186,163,"350"
"W22",0.0147546407185032,199,45,154,0.0282270585175403,0.0122142974986155,203,49,0.0294740861072866,203,49,"350"
"W24",0.0311569223705785,194,113,81,0.0432793390637915,0.0250161150153586,203,122,0.0603584657785805,203,122,"350"
"W552",0.0140847462449724,201,40,161,0.0256011660180682,0.00901076328857394,186,25,0.0217635895298516,186,25,"350"
"W605S",0.023315684999211,150,80,70,0.0461967990144299,0.0169306563032686,149,79,0.0408615343136954,149,79,"350"
"W607S",0.0168416323211265,224,52,172,0.0154346270785635,0.0138277711981113,233,61,0.033366178871869,233,61,"350"
"W612S",0.0131129881127255,181,36,145,0.0315239305494891,0.0105826500257371,183,38,0.0255287802536697,183,38,"350"
"W614S",0.0231068835617889,197,77,120,0.0373448932337024,0.0202782601295615,215,95,0.0489211940859372,215,95,"350"
"W64A",0.0128238556154247,98,34,64,0.0470647055227698,0.0117287750395463,111,47,0.028294599689567,111,47,"350"
"W701BC",0.0235954616369929,225,84,141,0.0326229378355618,0.0151234049911609,210,69,0.0365285662368678,210,69,"350"
"W810G",0.0140057900558416,82,39,43,0.0516318755224066,0.0128433634555805,95,52,0.0309833824714875,95,52,"350"
"W8304",0.0304574206147736,177,109,68,0.0463823462177916,0.0244734596360159,187,119,0.0590447220047677,187,119,"350"
"W9",0.0274101085503759,224,102,122,0.0369298562678152,0.022415875148768,227,105,0.054087969317624,227,105,"350"
"WU-TAN-TZAO",0.0373781623656108,273,141,132,0.0354644385462683,0.0243344777232878,250,118,0.0587659920923835,250,118,"350"
"YING-55",0.106311097819629,176,174,2,0.0830355455330934,0.0880362765221649,176,174,0.212401864616329,176,174,"350"
"Yu796 NS",0.0181411392999058,174,59,115,0.0383048527849471,0.0133358441164826,173,58,0.0322087859001095,173,58,"350"
"3IJI1",0.0291461541799361,222,83,139,0.0445305633945955,0.0218859583007124,236,97,0.0489604194418248,236,97,"400"
"4N506",0.0421540249721099,167,127,40,0.0687434983883997,0.0305228463458394,172,132,0.0682814692315907,172,132,"400"
"6M502",0.0518935799574546,166,152,14,0.0791906321661963,0.0391381840379439,173,159,0.0875548803294364,173,159,"400"
"6M502A",0.0425430546735878,250,129,121,0.0502987915559536,0.0262191923653549,235,114,0.058655696626867,235,114,"400"
"764",0.0447296668260143,222,136,86,0.0574706470564555,0.034862844751299,233,147,0.0779906390784791,233,147,"400"
"78010",0.00698252105477668,97,6,91,0.0566241849358001,0.00490239782584148,99,8,0.0109669443056801,99,8,"400"
"87916W",0.0456496060260879,191,138,53,0.0648451312974049,0.0329614347231418,194,141,0.0737374047331614,194,141,"400"
"A",0.0325087635858901,235,99,136,0.0470115138470918,0.0206111402744738,223,87,0.0461098864938277,223,87,"400"
"A239",0.0402487665371165,145,121,24,0.0755893171916748,0.0293744591887154,154,130,0.0657129141489382,154,130,"400"
"A305",0.0125520623738647,133,21,112,0.0513573963814511,0.00839885826256791,131,19,0.0187889939233741,131,19,"400"
"A572",0.0245157385652981,175,68,107,0.0517738858568714,0.0187032141537529,187,80,0.0418404405267181,187,80,"400"
"A632",0.0663597561584056,256,166,90,0.056842769960723,0.0462517888817953,258,168,0.103467876399619,258,168,"400"
"A648",0.0390184884455075,259,116,143,0.0421618410899905,0.0288563477274782,270,127,0.064553488543384,270,127,"400"
"A663",0.0174691338151826,71,38,33,0.0716731347775452,0.0120925402443042,73,40,0.0270520614237515,73,40,"400"
"A672",0.0201121621343224,79,48,31,0.0722373715636512,0.0128387299222061,78,47,0.0287215261006609,78,47,"400"
"A679",0.0322331766281235,161,96,65,0.0616286983514038,0.0241508399395493,171,106,0.054027292241639,171,106,"400"
"A682",0.0235003085905189,192,62,130,0.0490623135933726,0.0144107429231571,186,56,0.0322385888097556,186,56,"400"
"A73",0.0467411265823852,156,141,15,0.078836134005239,0.0355234332193819,165,150,0.0794684970408832,165,150,"400"
"AQA3",0.0397698954023189,222,118,104,0.0532784019390115,0.0285887501159737,230,126,0.0639547514058689,230,126,"400"
"AS6103",0.0721093903169592,179,169,10,0.0812737511358273,0.0476119128017456,181,171,0.106512216039241,181,171,"400"
"AusTRCF 306238",0.0291298702987058,242,82,160,0.035024351140099,0.017910229417106,234,74,0.0400672973630478,234,74,"400"
"B-18 INBR.FR.SUPERGOLD",0.0183258030092618,54,41,13,0.0801685990777985,0.0112949357408912,47,34,0.0252682204994257,47,34,"400"
"B103",0.0551135577369016,230,156,74,0.0601329099459504,0.036352366141878,225,151,0.0813235854010043,225,151,"400"
"B108",0.0219451649068052,119,58,61,0.0621143928693248,0.0141681344309853,115,54,0.0316960072065253,115,54,"400"
"B111",0.0160797204149142,65,30,35,0.071504533408349,0.0122623836622926,77,42,0.0274318776751089,77,42,"400"
"B115",0.0161321447045133,192,31,161,0.0347830847265082,0.010081429580606,190,29,0.0225532609461235,190,29,"400"
"B121",0.0297357048204195,167,88,79,0.0586652250896974,0.0215685904799218,174,95,0.0482502574721651,174,95,"400"
"B14A",0.0399830852853079,253,119,134,0.0475501499542821,0.0249119203846189,245,111,0.0557307211029533,245,111,"400"
"B2",0.0240499333351211,227,65,162,0.0343054660119506,0.018632050231391,241,79,0.0416811914140315,241,79,"400"
"B37",0.00307274873929506,102,2,100,0.0537274317761101,0.00219574784570037,102,2,0.0049120240399792,102,2,"400"
"B66",0.0334416510378751,241,100,141,0.043373166263817,0.0214394629154723,235,94,0.0479629751948011,235,94,"400"
"B68",0.0389777537656938,267,115,152,0.0394077667887334,0.0275946826856164,272,120,0.0617316125277056,272,120,"400"
"B73",0.0670958097872098,205,167,38,0.0699396451156002,0.0470184051708574,208,170,0.105182852129522,208,170,"400"
"B76",0.0287343216012072,140,81,59,0.0627621178444329,0.0212529382906172,152,93,0.0475444199269318,152,93,"400"
"B77",0.0166747328542466,193,34,159,0.0351993250292763,0.0104618307589192,190,31,0.0234044615908521,190,31,"400"
"B79",0.0261275105091004,223,75,148,0.0406860607352313,0.0192496680752855,229,81,0.0430627247085452,229,81,"400"
"B91",0.0243562807964238,97,67,30,0.0726083317351443,0.0168241924859011,98,68,0.0376371262903563,98,68,"400"
"BEI 10 = NORTH 10",0.0246814498025038,212,70,142,0.0430972134375237,0.0172403604126497,212,70,0.0385676640535319,212,70,"400"
"BO9",0.0423424598933427,199,128,71,0.0603488978422781,0.032450723495579,209,138,0.0725946336765936,209,138,"400"
"CG102",0.054437724792431,230,154,76,0.059158913627566,0.0383155836009134,232,156,0.0857142279999525,232,156,"400"
"CH701-30",0.0297313553871748,157,87,70,0.0607503261367108,0.018611647682303,148,78,0.0416367222724851,148,78,"400"
"CH753-4",0.0698621779282217,279,168,111,0.0515011893743359,0.043302644336454,275,164,0.0968729057350455,275,164,"400"
"CR 22 INBRED",0.00147656454138209,24,1,23,0.0756310458209254,0.0010778164056514,24,1,0.00241114596709632,24,1,"400"
"DE811",0.0311142525560909,127,93,34,0.0715865420094924,0.023550951583365,136,102,0.0526852724537666,136,102,"400"
"DJ7",0.0249240713728974,135,71,64,0.0617121754736127,0.0183954838076946,140,76,0.0411521450126302,140,76,"400"
"DK3IIH6",0.0189061035328813,124,43,81,0.058429204739156,0.0118602167253203,120,39,0.0265325857089833,120,39,"400"
"DK4676A",0.00612465672591036,44,5,39,0.0690548768812366,0.00438718108078847,44,5,0.00981439788298013,44,5,"400"
"DK78002A",0.0359876506614752,122,105,17,0.077319387517526,0.0272406015416309,133,116,0.0609392116323024,133,116,"400"
"DK78371A",0.0192959844094609,166,46,120,0.0504184163670526,0.0140072539576617,171,51,0.0313350861397449,171,51,"400"
"DKFBHJ",0.0448171464062863,166,137,29,0.0733020958635375,0.0328534141198591,169,140,0.0734956971750707,169,140,"400"
"DKMBNA",0.00714404992256769,36,8,28,0.0735054702132205,0.00533690138510212,38,10,0.0119389952932351,38,10,"400"
"DKPB80",0.0368505728245362,110,107,3,0.104231396986106,0.028178750266145,125,122,0.0630377780706,125,122,"400"
"E8501",0.0159060302946648,138,29,109,0.0517562378662647,0.00985599821305455,137,28,0.0220489963524075,137,28,"400"
"EAST 028",0.0416917879484997,126,124,2,0.105447840897828,0.0258397265530438,115,113,0.0578064202153658,115,113,"400"
"F118",0.0607222830714108,205,162,43,0.0674419171983709,0.0376985028906091,196,153,0.084336242876955,196,153,"400"
"H113",0.0648575023226156,274,164,110,0.0515233560028521,0.0400123722897035,271,161,0.0895122993061301,271,161,"400"
"H121",0.0482844829949341,270,143,127,0.0495000086938332,0.0337199410479225,271,144,0.0754334201218708,271,144,"400"
"H71",0.0363440297045562,243,106,137,0.046386347057171,0.0223193334105427,235,98,0.0499311602336736,235,98,"400"
"H91",0.0443683926973715,190,135,55,0.0641944577690837,0.031376348847686,188,133,0.070190712841757,188,133,"400"
"H96",0.0322894611367468,241,97,144,0.0421053155600185,0.0206371679120214,232,88,0.0461680736863947,232,88,"400"
"ICI 740",0.01177405197289,64,19,45,0.0672333036185075,0.00820878563096764,63,18,0.0183635212057185,63,18,"400"
"IDS28",0.00849864848170325,107,13,94,0.0560321176565821,0.00546252816223507,105,11,0.0122204144396768,105,11,"400"
"IDS69",0.0183037031651428,204,40,164,0.0304794440380168,0.0141852576496388,219,55,0.0317334079261795,219,55,"400"
"INB 101LFY/LFY (A632 X M16 S5)",0.087220597866412,222,173,49,0.0663984824988797,0.0548538685424668,221,172,0.122713980236857,221,172,"400"
"INBRED 2-687",0.026908523964183,230,77,153,0.0393488163579059,0.0194194920056561,237,84,0.0434425799805251,237,84,"400"
"K150",0.0478700637506723,231,142,89,0.056921986285399,0.0338865952499644,235,146,0.0758063562833026,235,146,"400"
"L 127",0.0736186148647463,293,170,123,0.050204907186858,0.0458435458852727,290,167,0.10255804137225,290,167,"400"
"L 289",0.0082084370431924,54,12,42,0.0682806161176654,0.00579886654381753,55,13,0.0129724001969693,55,13,"400"
"LH143 (Maintainer)",0.0655723801567016,186,165,21,0.0760897749872966,0.0457819570373212,187,166,0.102416866647724,187,166,"400"
"LH146Ht",0.0385553488581678,115,114,1,0.11620910782066,0.0240714072034064,106,105,0.0538503803711348,106,105,"400"
"LH149",0.0216176243684538,63,57,6,0.0939813902927254,0.0134899614045916,55,49,0.0301787559968163,55,49,"400"
"LH166",0.0131150153154041,72,24,48,0.0663995219585068,0.0086359352077984,69,21,0.0193197635632445,69,21,"400"
"LH181",0.0513872358413047,318,150,168,0.029479319838775,0.0321861408926749,304,136,0.0720038912779023,304,136,"400"
"LH184",0.0340298564704058,234,101,133,0.047956550480349,0.0208759354287208,222,89,0.0467019898384031,222,89,"400"
"LH190",0.0379113540088266,199,112,87,0.0574365685411563,0.0233938767804341,188,101,0.0523351162285049,188,101,"400"
"LH194",0.0112721612878665,142,16,126,0.0496476970661131,0.0074102787299362,142,16,0.0165777930060237,142,16,"400"
"LH195",0.023094501970964,143,61,82,0.058112792343661,0.0171060170092528,151,69,0.0382674429108153,151,69,"400"
"LH202",0.0555269768905758,176,158,18,0.0770079868688515,0.0387258960215324,176,158,0.0866320407360149,176,158,"400"
"LH205",0.00709500649056212,165,7,158,0.0371641935637442,0.00465810161551965,164,6,0.0104206204075207,164,6,"400"
"LH206",0.020243726380419,62,50,12,0.0802487960746154,0.0124378562548603,56,44,0.0278249611508446,56,44,"400"
"LH208",0.0431486164414283,217,133,84,0.057855995002683,0.0297700483782321,215,131,0.066598195095018,215,131,"400"
"LH214",0.0205376152592656,166,51,115,0.0511828431409469,0.0140498257713709,168,53,0.0314307042428268,168,53,"400"
"LH215",0.0379240208609806,267,113,154,0.0392792291393323,0.0264901154571203,269,115,0.0592598906755832,269,115,"400"
"LH295",0.0259570115245199,96,74,22,0.0758659003371834,0.0164761214438308,88,66,0.0368592451377955,88,66,"400"
"LH82",0.00753879603960634,107,10,97,0.0547391408821296,0.00489214419378475,104,7,0.0109443817029195,104,7,"400"
"LP1 NR HT",0.0177733260391756,171,39,132,0.0482819513199787,0.0116123039921569,167,35,0.0259778505768842,167,35,"400"
"LP5",0.00796017317741208,15,11,4,0.098699489785794,0.00557675133260595,16,12,0.0124755174108821,16,12,"400"
"M14",0.0235748060552734,194,63,131,0.0485324569544927,0.0164563307868364,196,65,0.0368137559829562,196,65,"400"
"MBPM",0.0171707599057352,154,37,117,0.0508321860201017,0.0128179975791698,162,45,0.0286747458173703,162,45,"400"
"MBWZ",0.0241218201701806,213,66,147,0.0408671572564111,0.0149250712997454,206,59,0.0333891236188525,206,59,"400"
"MM501D",0.0464933482873646,309,140,169,0.0266869666984261,0.0327180059731637,308,139,0.073192114396835,308,139,"400"
"Mo5",0.0123303938969708,187,20,167,0.0297833743269682,0.00899141726259378,193,26,0.020114357078221,193,26,"400"
"MQ305",0.0207753484689494,130,53,77,0.0590180212675141,0.0155419142119984,140,63,0.0347684635890937,140,63,"400"
"MS132",0.00326110758961437,141,3,138,0.0462674575472087,0.00232869914608525,141,3,0.00520949214109865,141,3,"400"
"MS211",0.0323080714871848,117,98,19,0.0764275650692126,0.0202466437249171,104,85,0.045293911458052,104,85,"400"
"MS224",0.0433745301806245,209,134,75,0.0597840677417682,0.0274480481263431,193,118,0.0614041696078765,193,118,"400"
"MS226",0.0127808297716304,197,23,174,0.0228301379919512,0.00893730451321678,199,25,0.0199932578166648,199,25,"400"
"MS24A",0.0245203361126236,154,69,85,0.0576264280894451,0.0150873116901569,145,60,0.0337522384824346,145,60,"400"
"MS71",0.0622165502371821,199,163,36,0.071183475769404,0.0384161070035521,193,157,0.0859412491856558,193,157,"400"
"N192",0.0202420074939905,109,49,60,0.062124286550689,0.0128204672384072,106,46,0.0286807298384001,106,46,"400"
"N28Ht",0.0301493222592512,257,91,166,0.0298358914200781,0.0231388956901068,266,100,0.0517634007786428,266,100,"400"
"N527",0.0359820116807132,130,104,26,0.0741393971035623,0.0253904247125751,138,112,0.0567998466625944,138,112,"400"
"NC250",0.0358876597099485,222,103,119,0.0504775110325496,0.02379820906882,223,104,0.0532398388028105,223,104,"400"
"NC294",0.0224451808071435,132,59,73,0.0602080156334013,0.0140171084417676,125,52,0.0313580548127909,125,52,"400"
"NC310",0.0498827368198655,154,146,8,0.0858644856198303,0.0320950005521182,143,135,0.0717996601295805,143,135,"400"
"NC328",0.0298347963971033,211,89,122,0.0502820924593196,0.0209865319469824,212,90,0.0469480765522483,212,90,"400"
"ND259",0.0214382232934858,212,56,156,0.0384214660748051,0.0132153726871552,204,48,0.0295643222354603,204,48,"400"
"ND265",0.0276814765613444,133,79,54,0.0645341928963207,0.0178423592138649,125,71,0.0399151442093338,125,71,"400"
"NKS8326",0.019112581343921,208,45,163,0.032673106089311,0.0117492055459256,201,38,0.0262843615311691,201,38,"400"
"NQ508",0.0549107992847745,199,155,44,0.0673940822651671,0.0377933080614865,198,154,0.084546940796176,198,154,"400"
"NY6371",0.056119769317797,262,159,103,0.0535617777205278,0.0396812395486083,263,160,0.0887692345400829,263,160,"400"
"Ny821",0.0126401132093304,54,22,32,0.0721676837755902,0.00883207410287725,56,24,0.0197578508819249,56,24,"400"
"Oh40B",0.0553731045446185,265,157,108,0.0517564676035614,0.0406584439006634,270,162,0.0909556431261525,270,162,"400"
"Oh43",0.0589780855386162,240,160,80,0.0586235431545134,0.0418721560145712,243,163,0.0936714988425202,243,163,"400"
"OQ403",0.0212258880747378,160,55,105,0.052185976642624,0.0148896691593434,163,58,0.0333090400874098,163,58,"400"
"Os420",0.0426942119121781,156,131,25,0.0744896932902752,0.031827476905844,159,134,0.071200432236199,159,134,"400"
"OS602",0.0106905534342515,161,15,146,0.0413950244480668,0.00683195288371546,160,14,0.0152837612744186,160,14,"400"
"Pa392",0.052467547310597,251,153,98,0.0546585050874575,0.0338843023225242,243,145,0.0758037066081335,243,145,"400"
"Pa875",0.0115216919746682,114,18,96,0.054929900336162,0.00788299617579282,113,17,0.0176353368946622,113,17,"400"
"PH207",0.0098437269860056,92,14,78,0.0589603811474669,0.00699636698128419,93,15,0.0156512831832552,93,15,"400"
"PHBB3",0.0402683356694749,190,122,68,0.0609789826964407,0.0293295205723399,197,129,0.0656119488895207,197,129,"400"
"PHG29",0.0395452876364901,272,117,155,0.0386333363630143,0.024508531482162,262,107,0.0548283856494245,262,107,"400"
"PHG80",0.0308983675790627,155,92,63,0.0619116269130043,0.0193536193401316,146,83,0.0432966130947133,146,83,"400"
"PHG83",0.0503705614942301,156,149,7,0.0906738768488357,0.0376476886640876,159,152,0.084220486480768,159,152,"400"
"PHH93",0.0256307438414817,244,73,171,0.0251734413021211,0.0159416220962088,235,64,0.0356631835715411,235,64,"400"
"PHHV4",0.0183745957039676,170,42,128,0.0494054948134132,0.0112701744241687,161,33,0.0252127460563591,161,33,"400"
"PHJ70",0.0138099693164845,198,26,172,0.0247899224344523,0.00865142227405827,194,22,0.0193541600128039,194,22,"400"
"PHJ89",0.0343037864549485,129,102,27,0.073883178832227,0.0216569440942765,123,96,0.0484494798810504,123,96,"400"
"PHJ90",0.031724305021548,167,95,72,0.0602597560693573,0.023707155666604,175,103,0.0530344491598192,175,103,"400"
"PHJR5",0.0189807880840666,137,44,93,0.0564204878924132,0.0138009589174575,143,50,0.030873641195264,143,50,"400"
"PHK56",0.00751638307097909,174,9,165,0.0301270510853852,0.00509927798903252,174,9,0.011407543248179,174,9,"400"
"PHK74",0.0284487402887464,149,80,69,0.0609433348519783,0.0203970908276762,155,86,0.0456295684438571,155,86,"400"
"PHKE6",0.0296864685561561,148,86,62,0.0619143090532189,0.0212028574410075,153,91,0.0474321045189311,153,91,"400"
"PHN29",0.0227473809812312,230,60,170,0.0265042144537388,0.0151395656944746,231,61,0.0338686206644249,231,61,"400"
"PHN66",0.0420595710501022,167,126,41,0.0684382932666845,0.0293157476590442,169,128,0.0655809938419195,169,128,"400"
"PHP55",0.0418417140820211,213,125,88,0.0571167570705194,0.0283955404736825,213,125,0.0635233750557722,213,125,"400"
"PHP76",0.0595090981416178,211,161,50,0.0658878122456232,0.0444910697245871,215,165,0.0995294193310717,215,165,"400"
"PHPR5",0.0138542944785368,151,27,124,0.0499489561205452,0.010593399820486,156,32,0.0236981547564899,156,32,"400"
"PHR30",0.0296198009807434,143,85,58,0.0627673022136217,0.0185091405738794,135,77,0.0414069567413197,135,77,"400"
"PHR36",0.020639455937266,177,52,125,0.0497259764025898,0.0144477964830506,182,57,0.0323205426705661,182,57,"400"
"PHR47",0.0270024944677336,177,78,99,0.0543953281927849,0.0193504802930114,181,82,0.0432881791503621,181,82,"400"
"PHR63",0.0265943903510878,159,76,83,0.0579305218588198,0.0178849059064184,156,73,0.0400101105347767,156,73,"400"
"PHT10",0.0250032194837535,124,72,52,0.0648562075181337,0.0167221350371647,119,67,0.0374089068581113,119,67,"400"
"PHTM9",0.042935804298131,143,132,11,0.0805176844191473,0.0273518924055405,128,117,0.0611889434895123,128,117,"400"
"PHV63",0.0301115730636004,239,90,149,0.0406144312389546,0.0212077033644197,241,92,0.0474428527194966,241,92,"400"
"PHW30",0.0502512070297334,299,148,151,0.0398785192933583,0.0323804822393737,288,137,0.0724394528464304,288,137,"400"
"PHW43",0.0376217582416319,202,110,92,0.0565221803236613,0.0281772877153133,213,121,0.0630344332717018,213,121,"400"
"R181B",0.074820301850203,180,171,9,0.0844496462204179,0.0467570294956272,178,169,0.104600549426448,178,169,"400"
"R226",0.0426283505287456,197,130,67,0.0611694061428747,0.0275831079354017,186,119,0.0617071537864116,186,119,"400"
"R71",0.0168477607210982,93,36,57,0.062778989354102,0.0122577216016322,98,41,0.0274213203753723,98,41,"400"
"R78",0.0374560459669473,214,108,106,0.0520527942028566,0.024747219420546,215,109,0.0553628748576024,215,109,"400"
"SD101",0.0501752262763729,198,147,51,0.0652679915935616,0.038169356760677,206,155,0.0853874188502763,206,155,"400"
"SD107",0.0166779049088408,170,35,135,0.0473138517554976,0.0116407614697745,171,36,0.0260410508490236,171,36,"400"
"SD40",0.0822189489926046,192,172,20,0.0763323890522811,0.0573088407802413,193,173,0.128203135634474,193,173,"400"
"SD44",0.046466444823831,176,139,37,0.0707210661451647,0.0330079115654538,179,142,0.0738413312640149,179,142,"400"
"TZU-CHIAO-HSI-WU 105",0.00560099131927066,99,4,95,0.0550913244089579,0.00373055954456522,99,4,0.00834577059393674,99,4,"400"
"Va26",0.0497913783367699,261,145,116,0.0508733265833204,0.0333175023312444,259,143,0.0745343273941035,259,143,"400"
"Va35",0.0164250705801134,134,33,101,0.053679644778631,0.0116467054409476,138,37,0.0260543857916852,138,37,"400"
"Va99",0.0516709603328139,167,151,16,0.0778482892000253,0.0354673300042281,165,149,0.079343419475175,165,149,"400"
"W22",0.0208609021340419,204,54,150,0.0404329738884309,0.0153588448631947,212,62,0.0343587639949753,212,62,"400"
"W24",0.0376919681144934,213,111,102,0.0535811130208012,0.0282127982204401,226,124,0.0631138704356533,226,124,"400"
"W552",0.0142837363845382,185,28,157,0.0378334066993133,0.00881296670752718,180,23,0.0197157414677663,180,23,"400"
"W605S",0.0294214355246584,140,84,56,0.0639437331376089,0.018235566578913,131,75,0.0407950448673875,131,75,"400"
"W607S",0.0240052342485502,237,64,173,0.0245291521508681,0.0178791659472974,245,72,0.0399969228293983,245,72,"400"
"W612S",0.0137780508416449,170,25,145,0.0415559625283469,0.00961491620822515,172,27,0.0215091183378949,172,27,"400"
"W614S",0.0314294602592583,207,94,113,0.0513196937342945,0.0225786652363789,212,99,0.0505102437869299,212,99,"400"
"W64A",0.0162491232763752,98,32,66,0.0613461013005539,0.0102294099850446,96,30,0.0228842659319879,96,30,"400"
"W701BC",0.0401087672713962,249,120,129,0.0491786591192947,0.0246004458932276,237,108,0.055034253593333,237,108,"400"
"W810G",0.0114204040693828,64,17,47,0.0668895427590112,0.00844559969362335,67,20,0.0188934412646894,67,20,"400"
"W8304",0.0484993326191404,190,144,46,0.0670025394341352,0.0349833625787983,194,148,0.0782600071178492,194,148,"400"
"W9",0.0375321142402793,223,109,114,0.0513099628287632,0.0281890951149339,237,123,0.0630609782447588,237,123,"400"
"WU-TAN-TZAO",0.0406149989948832,263,123,140,0.0443267744227403,0.0249092922978827,250,110,0.0557251114234812,250,110,"400"
"YING-55",0.133323609842685,179,174,5,0.0974183984655598,0.0863859406819473,179,174,0.193253650169535,179,174,"400"
"Yu796 NS",0.0199998046172321,165,47,118,0.0506590767174261,0.012410395669777,161,43,0.0277636767926288,161,43,"400"
"1538",0.021220580740512,268,35,233,0.0777719927304288,0.00841752807000555,297,64,0.0319956036052413,295,62,"450"
"29MIBZ2",0.018529180165118,135,26,109,0.0948394994819865,0.00670123816549721,141,32,0.025241266559147,142,33,"450"
"2FACC",0.0592623204424578,333,231,102,0.0955842379450754,0.020286942174571,344,242,0.0552538805566176,271,169,"450"
"2MA22",0.0149845675302427,354,17,337,0.0559981948735885,0.00398301682103002,348,11,0.0170930506449423,351,14,"450"
"3IJI1",0.0524007061659405,456,192,264,0.0716917877260183,0.0149883209625895,431,167,0.0452471693610048,394,130,"450"
"4226",0.055810661384541,374,215,159,0.0862219092607453,0.0168644457076282,357,198,0.0658065462027643,374,215,"450"
"4N506",0.092297024829628,518,337,181,0.0833200357174692,0.0295477246659424,510,329,0.126660670388997,535,354,"450"
"6M502",0.087030418983531,364,329,35,0.113308875554589,0.0255568805487027,337,302,0.0856206826913333,312,277,"450"
"6M502A",0.0785795000402163,515,306,209,0.080762892741492,0.0241334422699067,501,292,0.0647762783604069,418,209,"450"
"764",0.0674482084018841,425,263,162,0.0859585804778407,0.0235267715690616,440,278,0.0891978149469192,446,284,"450"
"78010",0.0351858581239936,292,108,184,0.0831096323748137,0.0117212853501507,311,127,0.0389704544796597,284,100,"450"
"793",0.0293930953241286,337,83,254,0.0728781595714362,0.0105188990542349,356,102,0.0409785495905231,364,110,"450"
"87916W",0.0799722297700477,394,310,84,0.0990439645585607,0.0235983254795989,365,281,0.0769622796940964,341,257,"450"
"911",0.00625321114812173,250,1,249,0.0749807491538808,0.0018391764311308,251,2,0.00732898384794752,250,1,"450"
"912",0.06394251629809,443,248,195,0.0821605648140015,0.0244586879610284,489,294,0.0942044514379267,494,299,"450"
"91IFC2",0.0227388773228898,184,44,140,0.0891940255650308,0.00730974439975286,183,43,0.0286582528094835,187,47,"450"
"A",0.0698863993232416,536,270,266,0.0712662821968765,0.0238727697103736,554,288,0.0657330839074356,479,213,"450"
"A208",0.0197435207027818,245,29,216,0.0798370610675648,0.00777461916673363,266,50,0.0298283638325388,268,52,"450"
"A239",0.0477150063423287,273,175,98,0.0960929346885709,0.0125345450308052,237,139,0.0445909400368285,223,125,"450"
"A272",0.0478704683957236,518,177,341,0.0557242399631122,0.0187563423710092,563,222,0.0711952092354435,574,233,"450"
"A305",0.0358728289729626,314,118,196,0.0820488681686097,0.012905687203778,340,144,0.03873274984649,293,97,"450"
"A322",0.0529523405148132,231,197,34,0.113834518255274,0.0156775498492012,215,181,0.0668422686394149,254,220,"450"
"A334",0.0328926833771395,136,100,36,0.113027785935705,0.0117895944387272,164,128,0.0443808823192674,159,123,"450"
"A340",0.0755207448711901,366,290,76,0.100857625108956,0.0255248258426533,376,300,0.10080888677609,391,315,"450"
"A374",0.106236345762737,354,350,4,0.138985294298938,0.0261521772102632,311,307,0.0981840526528963,315,311,"450"
"A385",0.0809331473189453,573,314,259,0.072387400361116,0.0298413235771727,591,332,0.112574883750506,594,335,"450"
"A401",0.0180691530118237,246,24,222,0.0789973088754516,0.00609358228001658,249,27,0.0229434871758529,250,28,"450"
"A427",0.0475584200836244,196,173,23,0.119305697465336,0.0136570790649711,177,154,0.0576585473351249,199,176,"450"
"A548",0.0671673339151909,379,261,118,0.0921539112171602,0.0221343957204729,383,265,0.0840033725004035,391,273,"450"
"A572",0.0727333855328942,410,279,131,0.0905284718238499,0.0232466150754413,407,276,0.0948131497911222,431,300,"450"
"A619",0.0366809695091053,316,123,193,0.0825033641608197,0.0133575407990265,344,151,0.0518621160732866,346,153,"450"
"A627",0.0757077206898042,545,293,252,0.0735019056365321,0.0248992960698263,549,297,0.0952644079275611,554,302,"450"
"A632",0.08877292236124,503,334,169,0.0846381503820027,0.0257245273474561,473,304,0.110166565639059,502,333,"450"
"A635",0.0443360193040054,408,164,244,0.0756133858673351,0.0145900057726316,408,164,0.0559067523051873,415,171,"450"
"A641",0.0892277255545074,487,335,152,0.0874130369035937,0.0331953760683595,497,345,0.128403587194042,508,356,"450"
"A648",0.0640237983055804,512,249,263,0.0718296396251511,0.0240491595455418,554,291,0.0972216605660501,570,307,"450"
"A663",0.0390820378051804,270,137,133,0.0902892180445898,0.0112850530000799,252,119,0.0454013156027891,265,132,"450"
"A672",0.0199060549693478,97,30,67,0.103205596206797,0.00680766339420655,101,34,0.0280785738291562,112,45,"450"
"A674",0.081311299013165,332,315,17,0.122187022387349,0.0250658317064735,315,298,0.103537064724972,337,320,"450"
"A679",0.0848624355493618,404,324,80,0.100044195704856,0.0271636350260549,395,315,0.0874433329668426,361,281,"450"
"A680",0.0282271581884175,175,76,99,0.0956642416081729,0.00727633615457797,140,41,0.0312037893854582,155,56,"450"
"A682",0.0931179565190724,631,339,292,0.0647692146192433,0.0270536325678533,606,314,0.104186319463068,613,321,"450"
"A71",0.0206356091523321,54,32,22,0.1196037215937,0.00686024518435216,58,36,0.0265834293361283,58,36,"450"
"A73",0.085386343948038,355,326,29,0.115825433961311,0.0271804573232921,345,316,0.115861110849711,374,345,"450"
"A797NW",0.0375137586061763,417,126,291,0.0648653103021182,0.0127491750646826,433,142,0.0502747636506135,442,151,"450"
"AQA3",0.0608773182679767,438,240,198,0.0818204636946031,0.0186266102798363,419,221,0.0762084148643157,451,253,"450"
"AS6103",0.0970241558975026,383,343,40,0.110343179918427,0.0326910601616034,383,343,0.112974738292328,376,336,"450"
"AusTRCF 306238",0.0395478907365234,498,141,357,0.0452202568098012,0.0148433171027758,523,166,0.0586742412139697,537,180,"450"
"B-18 INBR.FR.SUPERGOLD",0.0696998034273689,287,269,18,0.121879606607356,0.0205023987513188,261,243,0.0785971685064088,280,262,"450"
"B-28",0.0386701867668541,291,134,157,0.086260406217319,0.0131702036199411,306,149,0.0495432247431615,306,149,"450"
"B103",0.0832416193409938,485,319,166,0.0849520740566128,0.0298220785945668,497,331,0.113282877108726,504,338,"450"
"B104",0.068983202171282,472,268,204,0.0813965331459093,0.023368990126898,481,277,0.0761370463074985,456,252,"450"
"B105",0.0820454918852557,409,317,92,0.0976184417110969,0.0300600429159666,425,333,0.116582083274154,438,346,"450"
"B108",0.0255344696835416,181,56,125,0.0911832095506789,0.00716451975594932,164,39,0.0291856273511573,175,50,"450"
"B109",0.0711171031428495,546,275,271,0.0700456958106749,0.0272121731514954,588,317,0.103026389262844,590,319,"450"
"B110",0.0765911746289673,535,295,240,0.0764719395042903,0.0279636206217068,562,322,0.0781009376936587,500,260,"450"
"B111",0.0353805360777076,169,110,59,0.10541985398306,0.0106161279048384,163,104,0.0355115073042859,145,86,"450"
"B115",0.0378583324943749,472,129,343,0.0545423101920215,0.0127078393581247,484,141,0.036532443197983,432,89,"450"
"B119",0.0364720757296451,371,120,251,0.0741203052933876,0.0121865748734298,384,133,0.0459581545253635,386,135,"450"
"B120",0.167524854448089,380,365,15,0.123131903810881,0.0499567439969692,377,362,0.20477960227368,379,364,"450"
"B121",0.055847495681718,434,216,218,0.0796264791515674,0.0190300404305239,447,229,0.079938529661362,482,264,"450"
"B14A",0.0770410088562941,554,301,253,0.0731860183852122,0.0226114313703844,522,269,0.0631404080119276,454,201,"450"
"B164",0.0282660703997933,154,77,77,0.100843824114501,0.00744151293386501,124,47,0.0319363436019579,138,61,"450"
"B2",0.0363134560114223,450,119,331,0.057108707998907,0.0127659924737502,474,143,0.0488855601909493,477,146,"450"
"B37",0.0147843058129072,253,16,237,0.0774224426053134,0.00546455208015018,257,20,0.0184151903431253,254,17,"450"
"B47",0.0204439331634057,321,31,290,0.0649670285754614,0.00706058758048661,328,38,0.0252234051600839,322,32,"450"
"B57",0.00776601157252821,288,5,283,0.0672606009791784,0.00238628774783801,287,4,0.0099410574227527,288,5,"450"
"B66",0.125576883396124,521,360,161,0.0860453562810348,0.0442660933615922,522,361,0.125958760989666,514,353,"450"
"B68",0.0746842382398633,592,286,306,0.0620629995790088,0.0216145615472164,563,257,0.0650412938460895,517,211,"450"
"B73",0.0929940713126393,389,338,51,0.107029160866857,0.0302086824703394,386,335,0.128743134014914,408,357,"450"
"B75",0.0526018085253621,494,196,298,0.0634836917284284,0.0164143305828675,490,192,0.0670239240582218,519,221,"450"
"B76",0.0160088857115625,116,19,97,0.0966266412415785,0.00486067975531822,113,16,0.0208316616897827,119,22,"450"
"B77",0.0593743939896815,545,233,312,0.0603872057591108,0.0214502022029482,568,256,0.0608312079723914,500,188,"450"
"B79",0.0459463832876001,485,168,317,0.0598493887421277,0.0112003529614749,435,118,0.0442684615472927,439,122,"450"
"B87",0.0357583952532464,321,115,206,0.0812878383488393,0.0124421622252056,342,136,0.0467829005147715,345,139,"450"
"B88",0.0221090116265358,360,42,318,0.0596939434960254,0.00877190980913337,386,68,0.0333434860498538,387,69,"450"
"B91",0.0536003911600672,244,202,42,0.109979080390931,0.0188571784630215,268,226,0.0750595295815824,291,249,"450"
"B97",0.0240597544897868,397,50,347,0.0512826190928373,0.00799137256108898,402,55,0.0317279001108689,407,60,"450"
"BEI 10 = NORTH 10",0.0397658692166337,404,143,261,0.0720709837429812,0.0161378793979812,449,188,0.0613026074605631,454,193,"450"
"BO9",0.083792033312828,495,323,172,0.0844080030134608,0.0206859069078429,417,245,0.0862795238322569,452,280,"450"
"CA-4",0.0614575502006083,503,243,260,0.072098683350765,0.02377505754556,544,284,0.0687577872951129,486,226,"450"
"CG102",0.0830585656811224,559,318,241,0.0762490947993005,0.0276111601825123,560,319,0.113160206131884,578,337,"450"
"CH701-30",0.0426089606344019,299,155,144,0.0884277406386247,0.0139973682242252,302,158,0.0400475188920664,250,106,"450"
"CH711-10",0.0381619368927308,392,130,262,0.0719366369322135,0.0124415778174294,397,135,0.048910887078162,409,147,"450"
"CH753-4",0.113774078299327,510,354,156,0.0865008846386523,0.0366172780528515,509,353,0.109456254877472,486,330,"450"
"CH9",0.0713828582464983,398,278,120,0.0917564117568133,0.0243107417214465,413,293,0.100942236920326,436,316,"450"
"CI 40H",0.034775515290719,168,107,61,0.103903571339271,0.0115285985926486,186,125,0.0445715605477239,185,124,"450"
"CM105",0.0161273239588023,40,20,20,0.121535427974619,0.00605405437623576,46,26,0.0228764968769787,47,27,"450"
"CQ702RC",0.00691576383540542,193,3,190,0.0828604857232668,0.0021688834532654,193,3,0.00882658770026615,193,3,"450"
"CR 22 INBRED",0.087415409283069,341,331,10,0.13199860305768,0.0285144734781707,335,325,0.111112512713844,344,334,"450"
"DE2",0.0524833877644915,462,194,268,0.0705628868728055,0.0202061995763683,509,241,0.0765514676533762,524,256,"450"
"DE3",0.0383046527195147,497,131,366,0.0306818725720258,0.0142891169090483,527,161,0.0539619243419114,530,164,"450"
"DE4",0.0775645485397772,327,303,24,0.118634046611991,0.0239343082695239,314,290,0.0987314492372914,337,313,"450"
"DE811",0.0385256052975525,233,132,101,0.0956228858091646,0.0120015812846935,233,132,0.0489980087479311,249,148,"450"
"DJ7",0.0401660877910205,268,147,121,0.0917212846250914,0.0124524053019793,258,137,0.0426103395138895,238,117,"450"
"DK3IIH6",0.0654289995810872,342,253,89,0.098001360264791,0.0221055960645663,353,264,0.066519946093425,307,218,"450"
"DK4676A",0.0765241266397551,493,294,199,0.0817815234682212,0.0222830172841271,466,267,0.0919575264988143,492,293,"450"
"DK78002A",0.144990742955658,395,363,32,0.114426365141193,0.0501242341530704,395,363,0.156552425630568,394,362,"450"
"DK78010",0.058439971068116,361,227,134,0.0901133423176351,0.0152577489224221,308,174,0.0654722144228002,346,212,"450"
"DK78371A",0.0252152259449364,293,55,238,0.0771954780820154,0.0096957211320821,325,87,0.0395211793325551,342,104,"450"
"DKFAPW",0.0553699003056991,233,212,21,0.120709254187837,0.015006934729467,189,168,0.0610621096135732,213,192,"450"
"DKFBHJ",0.0582395068974411,298,224,74,0.101044968121756,0.0154573036336432,251,177,0.0618890628038903,271,197,"450"
"DKMBNA",0.0390697720809564,175,136,39,0.110685371393157,0.0109054513941006,152,113,0.0467388871074478,177,138,"450"
"DKPB80",0.0766894694511606,299,297,2,0.140950009549335,0.026246416882826,310,308,0.096272950272232,307,305,"450"
"E8501",0.0328182909751476,279,99,180,0.083392518937332,0.0104713544517308,280,100,0.0422355494755573,296,116,"450"
"EAST 028",0.0517094877468477,196,189,7,0.136636291329845,0.0175546309481983,218,211,0.0603518040501833,194,187,"450"
"Eng-Li Chih",0.0483541695370048,190,179,11,0.128635674885863,0.0173205498272049,219,208,0.0524103849118705,167,156,"450"
"F118",0.120725135156658,445,359,86,0.0987416020948001,0.042227754496562,444,358,0.123919794056907,438,352,"450"
"F2834T",0.0556400365356367,377,214,163,0.0855026215694512,0.019866250403254,399,236,0.0774293001087766,422,259,"450"
"FBLA",0.103894593428126,394,348,46,0.108601730500611,0.0369872941797467,400,354,0.106202709901777,371,325,"450"
"FR19",0.0426542861693335,477,156,321,0.0588683681293181,0.0107059121991772,427,106,0.0451016120473747,450,129,"450"
"H105W",0.0295085559345151,377,84,293,0.0645082899523198,0.00929106360372273,376,83,0.0377212810157169,386,93,"450"
"H110",0.0674991502027635,410,264,146,0.0882866231814255,0.0170425232306655,347,201,0.0714376952134632,381,235,"450"
"H113",0.0735252760291775,493,281,212,0.0803310781437845,0.0212761117470696,465,253,0.0741557844236434,459,247,"450"
"H121",0.0686617231518457,534,267,267,0.0706385892171259,0.0237824238298776,552,285,0.101838119270494,585,318,"450"
"H122w",0.0560545148203003,552,218,334,0.056751854180722,0.0224720801152643,602,268,0.0860334705295718,613,279,"450"
"H5",0.0484632564664114,321,180,141,0.0887162768687413,0.0150211116140246,310,169,0.0616689698046982,337,196,"450"
"H71",0.0737434429982588,554,284,270,0.0702429623140423,0.0239213959417404,559,289,0.0673571019364614,493,223,"450"
"H84",0.054283676135252,515,204,311,0.0605812359260812,0.0206870725226259,557,246,0.0664704860530567,528,217,"450"
"H91",0.064560396804363,361,251,110,0.0946458218029807,0.0153454263637574,285,175,0.0644470194896516,318,208,"450"
"H95",0.0593031994050521,514,232,282,0.0673565636004262,0.0171930377445714,487,205,0.0543566137805174,448,166,"450"
"H96",0.0735402998211269,595,282,313,0.0603563978016667,0.0254825829485951,612,299,0.0856095399201409,589,276,"450"
"H99",0.0464236078792064,360,171,189,0.0828716146688912,0.0170736005840911,391,202,0.0643951886753656,396,207,"450"
"HP301",0.0410383218569482,496,150,346,0.0519234135179174,0.0126099045424433,486,140,0.0525725479160576,504,158,"450"
"HUOBAI",0.0308969364471298,398,89,309,0.0615758022095288,0.00910825487846691,387,78,0.0362779220263893,397,88,"450"
"Hy",0.0206613670177354,396,33,363,0.0434187321902962,0.00683922092322625,398,35,0.026405728186504,398,35,"450"
"I29",0.115640524749739,405,357,48,0.108299466272065,0.0399090805590696,405,357,0.119598272261154,396,348,"450"
"Ia 453",0.108518679204667,384,351,33,0.114370799306002,0.034588715849337,382,349,0.131620604480751,392,359,"450"
"IA2132",0.0398350740389246,319,144,175,0.0839028499185658,0.0119126005563516,305,130,0.0473072416459885,315,140,"450"
"IBB15",0.0267235847627209,234,64,170,0.0845378497608414,0.00895557771393913,242,72,0.0354577209836434,254,84,"450"
"IBC2",0.0568028123337119,398,221,177,0.083786019691364,0.0182206575763171,394,217,0.0714593167789567,413,236,"450"
"ICI 193",0.0230868647281644,318,45,273,0.0692413947004239,0.00838949963614954,335,62,0.0357977081418276,360,87,"450"
"ICI 740",0.0588706257073385,375,228,147,0.0880884629624975,0.0190252584725092,375,228,0.0728730837965903,388,241,"450"
"ICI 893",0.0357216489255259,443,114,329,0.057898883487035,0.0109920629344437,444,115,0.0460649898274148,465,136,"450"
"ICI 986",0.0711957758200589,502,276,226,0.0787224940173648,0.0211666757648072,478,252,0.0857338180459634,504,278,"450"
"IDS28",0.011201788780084,192,6,186,0.0830735721742694,0.00369147486571509,194,8,0.0135534241273395,192,6,"450"
"IDS69",0.0344507367456434,469,105,364,0.0415796292701435,0.0100791906907905,458,94,0.0402573100742558,472,108,"450"
"IDS91",0.0212943054317679,372,36,336,0.0563221941469974,0.00659406567247669,367,31,0.0278132109352478,378,42,"450"
"INB 101LFY/LFY (A632 X M16 S5)",0.136692005160313,506,361,145,0.0882866850293053,0.0393471802836438,501,356,0.113397406624234,484,339,"450"
"INBRED 141",0.0357733135068436,403,116,287,0.0660979410073826,0.012455804093424,425,138,0.048816217720073,432,145,"450"
"INBRED 2-687",0.0802536019820741,536,311,225,0.0787831617267059,0.0260787091908134,530,305,0.107991234595467,553,328,"450"
"INBRED 305",0.0173802340557187,381,23,358,0.044521290583365,0.00561316376413457,379,21,0.01798789527031,374,16,"450"
"INBRED 321",0.0274110246389611,374,71,303,0.0623106254590895,0.0090153667057188,379,76,0.0343195319872449,381,78,"450"
"K150",0.0582503249995999,413,225,188,0.0828914231165341,0.0181578983300012,404,216,0.0740292561933011,434,246,"450"
"K41",0.071202744275758,520,277,243,0.07580565191642,0.0208096555910721,491,248,0.07547809278039,494,251,"450"
"K47",0.0306051423897377,290,88,202,0.081572853944481,0.00988806778622918,293,91,0.0387365114848287,300,98,"450"
"KUNG-70",0.0165307026588457,337,21,316,0.0598989883302651,0.00633108556208843,344,28,0.0243802736310861,346,30,"450"
"L 127",0.111375647409815,549,352,197,0.0818895232455027,0.0364640965906187,549,352,0.104367345224737,520,323,"450"
"L 139",0.0582657337607574,482,226,256,0.07270567557313,0.0196853662152481,489,233,0.0636417131114686,461,205,"450"
"L 289",0.0290551368568017,164,81,83,0.0990877141197548,0.0104185802820363,181,98,0.0351138558998395,165,82,"450"
"LH1",0.0438779529104177,438,160,278,0.0682158811851154,0.0144258846721373,440,162,0.0550038204072637,445,167,"450"
"LH119",0.0286843726102823,83,78,5,0.138936772065056,0.00870992494289439,71,66,0.0344855849973922,84,79,"450"
"LH128",0.0144803418555148,131,15,116,0.0926938220723767,0.00433536446002228,129,13,0.0172125434223444,131,15,"450"
"LH143 (Maintainer)",0.0745042367523835,299,285,14,0.125265312648108,0.0201577306856556,253,239,0.0738821368512029,258,244,"450"
"LH146Ht",0.0970867342271735,345,344,1,0.146975166804175,0.0300933080186738,335,334,0.0803951082704419,266,265,"450"
"LH149",0.0197003020248289,37,28,9,0.132624472179616,0.00584135284046622,32,23,0.0207566067677629,30,21,"450"
"LH165",0.0245783548896496,352,52,300,0.0632952460577641,0.00890899232376853,371,71,0.0335625705392617,370,70,"450"
"LH166",0.0358004885206015,243,117,126,0.0911520709382483,0.0107715151046151,234,108,0.0418610009198886,241,115,"450"
"LH181",0.0669467152450434,585,257,328,0.0579319447576686,0.0216926405301625,586,258,0.0705322241435526,559,231,"450"
"LH184",0.0913585870592043,450,336,114,0.0933908221816089,0.0297796233672973,444,330,0.109517447730427,445,331,"450"
"LH190",0.0613101842758215,450,242,208,0.0809255384250772,0.0227428203465895,478,270,0.0764896768934229,463,255,"450"
"LH192",0.0601651578589966,306,237,69,0.102396871367537,0.0238057554565583,355,286,0.0904614862033292,359,290,"450"
"LH194",0.052331078005991,479,191,288,0.065870975116648,0.0172245589541061,494,206,0.0634719496805691,492,204,"450"
"LH195",0.0851795810486906,403,325,78,0.100612989537779,0.027981043434235,401,323,0.113569313996999,418,340,"450"
"LH197",0.0832968311419158,394,321,73,0.101392941380501,0.0289913865537726,399,326,0.113632364951408,414,341,"450"
"LH198",0.0488967880068426,194,181,13,0.126655250893321,0.0185844686640346,233,220,0.0703124366524177,243,230,"450"
"LH202",0.0870791427243296,367,330,37,0.112872442726456,0.0197352803676672,271,234,0.0810352908451002,304,267,"450"
"LH204",0.0265472488857315,294,63,231,0.0779187253739285,0.00825791238881009,291,60,0.033799092049217,303,72,"450"
"LH205",0.0260857182446583,393,60,333,0.0568051952584151,0.00947504214927841,418,85,0.028063885341456,377,44,"450"
"LH206",0.11935035449237,385,358,27,0.116129841399848,0.0441585174081579,387,360,0.123436867949171,378,351,"450"
"LH208",0.0524489717752862,317,193,124,0.09150047382381,0.0129557113163581,270,146,0.0550951012384495,292,168,"450"
"LH209",0.0710583436135233,330,274,56,0.1059485903351,0.0236586822321012,338,282,0.0893054282658862,342,286,"450"
"LH214",0.034451080472694,345,106,239,0.0768259248241194,0.00923905863009944,320,81,0.038978117737814,340,101,"450"
"LH215",0.059674633316504,572,234,338,0.0559764712603357,0.0229681875271253,613,275,0.0937784396598517,635,297,"450"
"LH222",0.0769534561319138,338,300,38,0.111729654231312,0.0238717009815799,325,287,0.0979302803915297,348,310,"450"
"LH223",0.0323820662727405,108,96,12,0.126848946361577,0.0101856595239456,108,96,0.0413773615874909,124,112,"450"
"LH224",0.0837476475644851,674,322,352,0.0487968055428143,0.0334105079386552,699,347,0.127078714941421,707,355,"450"
"LH295",0.0290814966044674,144,82,62,0.103827752670029,0.0103327847493432,159,97,0.0324792881324905,128,66,"450"
"LH60",0.041324825173518,447,151,296,0.063825760221685,0.0165616736287573,490,194,0.063408033402196,498,202,"450"
"LH74",0.0522183575454818,258,190,68,0.102776303567505,0.0178779651039588,282,214,0.0672347293288331,290,222,"450"
"LH82",0.0221698783885215,198,43,155,0.0866160925154579,0.00743126622376307,201,46,0.0202071940235511,174,19,"450"
"LH93",0.0331198709625344,436,101,335,0.0567045236922069,0.0114560780139263,457,122,0.0449695426327955,462,127,"450"
"LIBC 4",0.0517090690423401,417,188,229,0.0783124284620282,0.0160056705673484,413,184,0.0657956336820991,443,214,"450"
"LP1 NR HT",0.106226572592285,457,349,108,0.0950201322998124,0.0345994604410475,458,350,0.120264744293544,457,349,"450"
"LP5",0.0260505371262921,67,59,8,0.134604781053531,0.00793309199616884,60,52,0.0251886226621395,39,31,"450"
"M14",0.0387715420156952,414,135,279,0.0678866657854377,0.013664664646877,434,155,0.0584065398889197,457,178,"450"
"MBPM",0.0231682344183108,294,46,248,0.0752314783015429,0.0054518687071603,267,19,0.0232822588166214,277,29,"450"
"MBWZ",0.0316040528662491,385,91,294,0.0642688409191143,0.0109467067116461,408,114,0.0390047642482831,396,102,"450"
"MM501D",0.0651773989917527,612,252,360,0.0436381536541042,0.0218975227529745,622,262,0.0934178589361081,656,296,"450"
"Mo17",0.0602680138645303,293,238,55,0.106169129212614,0.0211205008288844,305,250,0.0826506439194529,323,268,"450"
"Mo1W",0.0439564271427898,437,161,276,0.0685046985782208,0.0165961940026488,471,195,0.0627477856856123,476,200,"450"
"Mo46",0.0152499095838323,357,18,339,0.0558707122593104,0.00456754681416656,354,15,0.0190616134535818,357,18,"450"
"Mo47",0.0627909897341409,341,246,95,0.0969366692617573,0.0200662803458295,333,238,0.0808491083443518,361,266,"450"
"Mo5",0.0535195582875572,562,201,361,0.0434932178894758,0.0161068519824762,548,187,0.0679783531386979,585,224,"450"
"MQ305",0.0447126474526478,382,165,217,0.0796843838363952,0.016006583857701,402,185,0.0571785450903972,391,174,"450"
"MS116",0.0270025158824151,291,67,224,0.0788414939433249,0.0107713571286974,331,107,0.041261436865714,335,111,"450"
"MS132",0.0131627607532494,278,9,269,0.0704480324601554,0.00378701520979391,278,9,0.0137331517705364,276,7,"450"
"MS200",0.0457176509583426,297,167,130,0.0906389784270487,0.0114609747141048,253,123,0.0483504350104975,273,143,"450"
"MS211",0.070017136117997,388,271,117,0.0926033825395842,0.0201806881843622,357,240,0.0839051939355562,389,272,"450"
"MS221",0.0298442502126458,151,85,66,0.103415265340735,0.00795004043136045,119,53,0.0341163862587759,142,76,"450"
"MS224",0.0637832252582606,447,247,200,0.0817500280084817,0.0178160766993881,413,213,0.0701196955686133,429,229,"450"
"MS225",0.0560074090081007,411,217,194,0.0822622628448868,0.0172558107196373,401,207,0.073342706665184,436,242,"450"
"MS226",0.031987740435167,449,93,356,0.045280650388305,0.00978994429592172,445,89,0.0276895028448261,397,41,"450"
"MS24A",0.042216140368701,400,154,246,0.0753249265738913,0.0129140709885987,391,145,0.0382526047176701,341,95,"450"
"MS67",0.0217807057549247,389,38,351,0.0496452237360157,0.00735645851296551,396,45,0.0290596340763884,400,49,"450"
"MS71",0.100991853686199,431,346,85,0.0988331876689481,0.0307243932351656,422,337,0.0883797121019378,368,283,"450"
"MS72",0.0448867694296538,308,166,142,0.0885666908748512,0.0156757064711108,322,180,0.0613925859001945,336,194,"450"
"N192",0.03247686438593,187,97,90,0.0978841058755688,0.0119996856088205,221,131,0.0395108702335989,193,103,"450"
"N193",0.0188359283156213,76,27,49,0.108215024250254,0.00541992291995504,67,18,0.0162115562020145,60,11,"450"
"N200",0.0394792984648143,505,140,365,0.0394991111182823,0.0131232594752062,512,147,0.0520897320579484,520,155,"450"
"N201",0.0477810327150598,207,176,31,0.114644358022672,0.0157778320197415,213,182,0.0616101842892779,226,195,"450"
"N209",0.0385655257472709,488,133,355,0.0462687629536097,0.010604850117876,458,103,0.0454565185396856,488,133,"450"
"N211",0.0299714382616812,287,86,201,0.0816063749876685,0.0106188490529944,306,105,0.0399487289997703,306,105,"450"
"N217",0.0883057547711053,553,332,221,0.0791067589793349,0.0319613291123139,562,341,0.120394047230231,571,350,"450"
"N218",0.0391136151663781,482,138,344,0.0529213758888552,0.00995248548366415,436,92,0.0415163703043556,457,113,"450"
"N28Ht",0.0580555332605017,576,223,353,0.0485225976403385,0.0170776659850709,556,203,0.0496302737756991,503,150,"450"
"N501",0.0132726815248087,342,10,332,0.0570012713739645,0.00453423177809561,346,14,0.0170538015517406,345,13,"450"
"N523",0.0705890121633886,276,273,3,0.140665414142269,0.0217994717481021,263,260,0.0917550386240888,295,292,"450"
"N527",0.0785762617902123,331,305,26,0.116495186973776,0.0290168027001918,353,327,0.114192445346031,368,342,"450"
"N534",0.0268496708688263,289,66,223,0.0788608420245218,0.00808548987196414,280,57,0.0320646022620656,286,63,"450"
"N542",0.0625825585420588,566,244,322,0.058584436361832,0.0194410306397313,553,231,0.0772739609242751,580,258,"450"
"N6",0.0369339968082315,422,125,297,0.0636402610839177,0.0108274496434938,406,109,0.046448525905352,434,137,"450"
"NC250",0.0530808540353042,454,199,255,0.0728312722914701,0.0132588587213821,405,150,0.0524477098306782,412,157,"450"
"NC262",0.0525696336203656,544,195,349,0.0501495243220215,0.0138704534325899,506,157,0.0595275262960003,533,184,"450"
"NC294",0.076845298135209,544,299,245,0.0753934559716797,0.0263567019202095,555,310,0.0971720088571683,551,306,"450"
"NC310",0.0542564936089922,228,203,25,0.118011410373766,0.0183763787572357,243,218,0.0710897971876807,257,232,"450"
"NC326",0.0342491682341365,262,104,158,0.0862594916390869,0.0115051536010843,282,124,0.0433433263097696,277,119,"450"
"NC328",0.0590881522639255,513,229,284,0.0671788891036479,0.0195143039996312,516,232,0.0832114332865871,554,270,"450"
"NC342",0.0270339400577061,392,69,323,0.0585734587941223,0.00899130557934962,398,75,0.0339511119778308,398,75,"450"
"NC412",0.0815025254802823,566,316,250,0.074851689082511,0.0278988228698738,571,321,0.0855192672459252,525,275,"450"
"ND259",0.0243661357394597,393,51,342,0.0551823211764555,0.00766847459248981,391,49,0.0316875047721287,401,59,"450"
"ND265",0.0301583095990913,206,87,119,0.0919847098237398,0.00923325971775282,199,80,0.032372136621279,184,65,"450"
"NK740",0.0855499421801702,555,327,228,0.0784811018906628,0.034058919888188,576,348,0.129514233063717,586,358,"450"
"NK778",0.0612313701551892,456,241,215,0.0799686020893122,0.0197376044485011,450,235,0.0534642729853232,377,162,"450"
"NK807",0.0268225358944841,322,65,257,0.0726561825521726,0.00882743943571262,326,69,0.0338315223050208,331,74,"450"
"NKS8326",0.0626476615068925,590,245,345,0.0528039152282238,0.0217088146396887,604,259,0.0609839837351866,536,191,"450"
"NORTH 7",0.114594012373443,443,355,88,0.0981556291093844,0.0429871735817321,447,359,0.162424780653432,451,363,"450"
"NQ508",0.0794623476430789,422,309,113,0.0938474612337364,0.0205947186214099,357,244,0.0794741592358177,376,263,"450"
"NS501",0.0354545283326347,383,111,272,0.0698613671794943,0.0118243848844436,401,129,0.0446129095238274,398,126,"450"
"NS701",0.0530642231965542,418,198,220,0.0794149662833624,0.0176265266217928,432,212,0.0665864159455223,439,219,"450"
"NY6371",0.0755628915497683,451,291,160,0.086090858095695,0.0255521446594817,461,301,0.109623433027306,492,332,"450"
"Ny821",0.0288548098684702,144,79,65,0.10357145961049,0.00964622338966989,151,86,0.0303194412755535,118,53,"450"
"OH33",0.0577003584694173,344,222,122,0.0916928103140073,0.0166209539553852,318,196,0.0588632765762967,303,181,"450"
"Oh40B",0.0788266838796645,483,307,176,0.0838727590306993,0.0266674120430333,488,312,0.0997383997991781,490,314,"450"
"Oh43",0.101077193544854,410,347,63,0.103777482201448,0.0332002847096381,409,346,0.106261772021989,389,326,"450"
"Oh7",0.0320044499884752,442,94,348,0.0502817149372441,0.0116595507981509,474,126,0.0452659124352809,479,131,"450"
"OQ403",0.0767579947319898,435,298,137,0.0895876227880762,0.0261094414046811,443,306,0.0938558451979867,435,298,"450"
"OQ603",0.0138042285721763,63,13,50,0.108156294558601,0.00538327620080386,67,17,0.0206792569499998,70,20,"450"
"Os420",0.0430634881137515,215,158,57,0.10577736835354,0.0140312398710615,216,159,0.0601854283813758,242,185,"450"
"OS602",0.0288774628825791,395,80,315,0.0600015617255639,0.00783577298460623,366,51,0.0336165039276854,386,71,"450"
"Pa392",0.0601623682195149,423,236,187,0.0829529062292716,0.0222463605689274,453,266,0.0751432627812977,437,250,"450"
"Pa405",0.0356155056354445,298,113,185,0.0830992051027056,0.010141515871813,280,95,0.0433740021708218,305,120,"450"
"Pa875",0.0407379618792821,243,149,94,0.0972993452325262,0.0113374889875977,214,120,0.0485075592087761,238,144,"450"
"Pa880",0.0171947395386958,154,22,132,0.0904998561535861,0.00573509364060604,154,22,0.022276328127458,157,25,"450"
"Pa91",0.0395841410532609,389,142,247,0.0752606223393334,0.0114011121624487,368,121,0.0456453478309152,381,134,"450"
"PH207",0.00746176289234877,140,4,136,0.0897911487628648,0.00257607210632174,141,5,0.0096171477406325,140,4,"450"
"PHB09",0.0591625067375791,277,230,47,0.108491352366608,0.0212853758948116,301,254,0.074014602680294,292,245,"450"
"PHB47",0.0275485511391114,144,72,72,0.101434279557123,0.00922070790786683,151,79,0.03476024399463,153,81,"450"
"PHBA6",0.0264129478526791,148,61,87,0.098321579962154,0.0081161128433661,145,58,0.0338017093189518,160,73,"450"
"PHBB3",0.0748249812330134,416,288,128,0.0907266837778441,0.0218680941491648,389,261,0.0784023921939405,389,261,"450"
"PHEG9",0.0803863709160307,408,312,96,0.0968947133487245,0.0316688359931305,436,340,0.0911275972101015,387,291,"450"
"PHG29",0.0554868804029966,553,213,340,0.0557670131592549,0.0214309053330036,595,255,0.0609730664713458,530,190,"450"
"PHG47",0.111564629376575,532,353,179,0.0835921050489525,0.0379002032984503,534,355,0.115672415576144,523,344,"450"
"PHG71",0.0231826684905575,99,47,52,0.106855727570701,0.00645660018049913,82,30,0.0276554147225276,92,40,"450"
"PHG80",0.0319807369083592,219,92,127,0.0909195478755354,0.0108923601675362,239,112,0.0354175188998184,210,83,"450"
"PHG83",0.0514407532898796,206,187,19,0.121865904752683,0.0168647252264781,218,199,0.0642852180613275,225,206,"450"
"PHG86",0.115382907185656,460,356,104,0.0954008214031517,0.0355691764431387,455,351,0.141163746082315,464,360,"450"
"PHH93",0.0544308250345188,519,205,314,0.0601253928911319,0.0188448830230405,539,225,0.0649705543507444,524,210,"450"
"PHHH9",0.0752346011540929,503,289,214,0.0800939465269972,0.0283777327721176,538,324,0.107281571418601,541,327,"450"
"PHHV4",0.0513733129913038,364,186,178,0.0835924843318501,0.0150447788764345,348,170,0.0560532900909235,351,173,"450"
"PHJ70",0.0476352772351114,533,174,359,0.0439177819531431,0.0171629846094875,563,204,0.0482829786174563,501,142,"450"
"PHJ89",0.0368738102059091,194,124,70,0.101999523817025,0.0104548547039429,169,99,0.0428200629846371,188,118,"450"
"PHJ90",0.0547695272420005,412,207,205,0.0813313764793854,0.0152570078618002,378,173,0.0511787960033201,357,152,"450"
"PHJR5",0.0670956953198188,334,259,75,0.100924938387177,0.0247309334563686,371,296,0.0985797346767106,387,312,"450"
"PHK35",0.0671039954158629,290,260,30,0.114721980213562,0.0200251084131206,267,237,0.0850205015862866,304,274,"450"
"PHK42",0.0419164212582979,388,153,235,0.0775025359182009,0.0146511564852911,400,165,0.0573684283180535,410,175,"450"
"PHK56",0.0336825047296839,457,103,354,0.0483710655972267,0.0122363179035879,488,134,0.037114862218375,444,90,"450"
"PHK74",0.0463523475191856,263,170,93,0.097592763112121,0.0153882819088549,269,176,0.0660054333800214,309,216,"450"
"PHKE6",0.0513397251848753,290,185,105,0.0952992938354903,0.0161598198717731,294,189,0.0558763826853064,275,170,"450"
"PHM10",0.0117446936109681,333,7,326,0.0581409172455538,0.00388597841595933,336,10,0.0147049362598631,336,10,"450"
"PHN11",0.0505289995085821,318,183,135,0.0898597745363372,0.018432636118771,354,219,0.0715436797899369,374,239,"450"
"PHN29",0.0949137564708207,664,340,324,0.0583253024018064,0.0326024188526813,666,342,0.0926643476015517,618,294,"450"
"PHN66",0.0545412314938851,317,206,111,0.0941598683837577,0.0190636080848648,341,230,0.0699598903071234,339,228,"450"
"PHN82",0.0441959410860371,458,163,295,0.0639839018485328,0.0165227268909194,488,193,0.0624098591182218,494,199,"450"
"PHP02",0.0275829899527198,238,73,165,0.0851031102579397,0.00822825781039315,224,59,0.0326923548174418,232,67,"450"
"PHP55",0.0730214224464068,430,280,150,0.087747699169192,0.0209829434259389,399,249,0.0634660869723592,353,203,"450"
"PHP76",0.0756026271648773,374,292,82,0.0995210418879271,0.0257032749963371,385,303,0.109000702319983,411,329,"450"
"PHP85",0.0427214063624553,487,157,330,0.0578755779002884,0.0141595225952509,490,160,0.0519463908999137,484,154,"450"
"PHPR5",0.02189352956732,270,40,230,0.07796480177371,0.00687323562837518,267,37,0.0281576164786748,276,46,"450"
"PHR03",0.0126205869621032,289,8,281,0.0673871547756324,0.00421572285987865,293,12,0.0164352571678226,293,12,"450"
"PHR30",0.0675906706186523,403,265,138,0.089482220204457,0.0235721070156567,418,280,0.0714837891202034,376,238,"450"
"PHR31",0.0220348167570018,189,41,148,0.0878408383819179,0.00731682782287827,192,44,0.0276437650234793,187,39,"450"
"PHR36",0.0218417436201893,304,39,265,0.0713977016037284,0.00641717625579105,294,29,0.0214508131875586,288,23,"450"
"PHR47",0.0665189269269888,420,256,164,0.0851309481710888,0.0187816787010236,387,223,0.0619716576166947,362,198,"450"
"PHR63",0.0248854691330871,208,54,154,0.0867700251430254,0.00898509324291758,228,74,0.0303512594141464,208,54,"450"
"PHT10",0.0532879413476504,349,200,149,0.0877889698467463,0.0169893736348095,349,200,0.0691718418003403,376,227,"450"
"PHT47",0.0471748997325742,345,172,173,0.0840103762666128,0.0151456338480427,345,172,0.0608969262263665,362,189,"450"
"PHT55",0.0606434902539377,524,239,285,0.0671064608596433,0.0235332093489423,564,279,0.090459039699369,574,289,"450"
"PHTM9",0.0781190443841011,364,304,60,0.104457308532235,0.0229218130494067,333,273,0.0961256353871497,364,304,"450"
"PHV37",0.023271018365364,160,48,112,0.0940276674390581,0.00598094359553775,137,25,0.0256422666715694,146,34,"450"
"PHV57",0.0670776381602594,432,258,174,0.0839172258796795,0.0237285417970721,457,283,0.0892619447674385,459,285,"450"
"PHV63",0.037850531664435,429,128,301,0.063151637010855,0.0131492482058399,449,148,0.0560102440455205,473,172,"450"
"PHVA9",0.0133644171614941,214,11,203,0.0814031212749349,0.00359369672955693,210,7,0.0146588029461887,211,8,"450"
"PHVJ4",0.0321012143033211,262,95,167,0.0847403995719445,0.0108371869307992,278,111,0.0407987750931929,276,109,"450"
"PHW03",0.0459917167066076,212,169,43,0.109203293216002,0.0160307241310406,229,186,0.0602773847781599,229,186,"450"
"PHW17",0.0144560770744346,105,14,91,0.0977357002896806,0.00584391389302528,115,24,0.0223523988968583,117,26,"450"
"PHW20",0.0401504119574457,432,146,286,0.0670597200303259,0.0154652320435289,464,178,0.0585931897909502,465,179,"450"
"PHW30",0.0748068696619637,592,287,305,0.0621287277243324,0.0269971951340521,618,313,0.0957742944924399,608,303,"450"
"PHW43",0.0550556792800782,421,210,211,0.0805689531211644,0.0207077115553504,458,247,0.0833398239453895,482,271,"450"
"PHW52",0.0211691485697139,202,34,168,0.0846638689339827,0.00840778040780315,231,63,0.0322238966097038,232,64,"450"
"PHW53",0.0271851732171304,389,70,319,0.0591178134572047,0.00977446309573052,407,88,0.0279500043264272,362,43,"450"
"PHW80",0.0353536052694981,316,109,207,0.0811361176977748,0.0085537540207949,272,65,0.031362864588094,264,57,"450"
"PHWG5",0.0679336672613135,373,266,107,0.0950639689195732,0.0227886465487301,379,272,0.0901997564512924,395,288,"450"
"PHZ51",0.0664114787642987,308,255,53,0.106508367827761,0.0173248125812378,262,209,0.0714367763221241,287,234,"450"
"Q381",0.0399924777291282,379,145,234,0.0777393711554368,0.0144381407568701,397,163,0.0415460792430431,348,114,"450"
"R168",0.0809062702486855,484,313,171,0.0844783520970882,0.0276706336250556,491,320,0.0764084698797948,425,254,"450"
"R177",0.0232823728252709,359,49,310,0.0614909149729354,0.00677981215884499,343,33,0.0270759302264882,347,37,"450"
"R181B",0.144211856916933,403,362,41,0.110007033285033,0.0503198821372918,405,364,0.14970051659886,402,361,"450"
"R226",0.0441004103894886,305,162,143,0.0885455928072098,0.0156659722407649,322,179,0.0541313966069064,308,165,"450"
"R229",0.0365572775590632,340,121,219,0.0794726140129606,0.00986081787447998,309,90,0.040182832705114,326,107,"450"
"R71",0.0393494273232991,262,139,123,0.0915440499793863,0.00946376651533547,207,84,0.0374944910019343,215,92,"450"
"R78",0.0832839092051892,502,320,182,0.0833071105055535,0.0291097994782133,510,328,0.0949149209338697,483,301,"450"
"SD101",0.153253901497975,392,364,28,0.115901527570116,0.0521215846182506,393,365,0.207445926646963,393,365,"450"
"SD102",0.033499760329177,217,102,115,0.0929168097637756,0.00871571337907859,182,67,0.0373955924188274,206,91,"450"
"SD107",0.0507066245109135,426,184,242,0.0758098282124222,0.0162331061303084,432,190,0.0437337383929204,363,121,"450"
"SD40",0.0985119438360691,403,345,58,0.105563087907969,0.0274750151153247,376,318,0.117864016147244,405,347,"450"
"SD44",0.0791992725623383,362,308,54,0.106385066702637,0.0266384599056203,365,311,0.0898692025031731,341,287,"450"
"SG 30A",0.018192805737313,333,25,308,0.0616081231045997,0.00718511678516636,348,40,0.0272976090600835,346,38,"450"
"T242",0.0309938730863642,196,90,106,0.095218478334074,0.00797660139652064,160,54,0.0330825466524398,174,68,"450"
"Tr",0.0567239085819549,430,220,210,0.0805758074710533,0.0188037071170238,434,224,0.0733853659495558,453,243,"450"
"TZU-CHIAO-HSI-WU 105",0.0137678197943791,203,12,191,0.0828409327943103,0.00345671229357256,197,6,0.0146610776792814,200,9,"450"
"Va26",0.0548590710780678,489,209,280,0.0678054829772387,0.0178806513396672,495,215,0.0685755121225971,505,225,"450"
"Va35",0.0886979283839372,412,333,79,0.100161801706863,0.0308316192582351,417,338,0.114984166019162,422,343,"450"
"Va52",0.0950866312288983,357,341,16,0.122661628447308,0.033164770963566,360,344,0.10101008211256,333,317,"450"
"Va99",0.0561533326754841,264,219,45,0.108760127322309,0.0175224108538468,255,210,0.0743377457199826,293,248,"450"
"W182E",0.0407046039000415,361,148,213,0.0801307304123267,0.0136302292779586,366,153,0.0530796355304588,373,160,"450"
"W22",0.0325279497591021,397,98,299,0.0633459458798135,0.0104852535898216,400,101,0.0449739048886737,427,128,"450"
"W23",0.0277566237209247,155,74,81,0.0999800682575942,0.00885325135430367,151,70,0.0309274551481445,136,55,"450"
"W24",0.0736321956852441,541,283,258,0.0724729696712185,0.024551152762659,553,295,0.104524500579171,582,324,"450"
"W32",0.0282071960719922,307,75,232,0.077807120863632,0.00905056915451935,309,77,0.0354937218914127,317,85,"450"
"W37A",0.0551703065747592,485,211,274,0.0688444576130696,0.0159787178457364,457,183,0.0530572274365033,433,159,"450"
"W552",0.0216668932553135,357,37,320,0.0589349707331919,0.00728284903690143,362,42,0.0218848131751555,344,24,"450"
"W603S",0.0436083155794311,434,159,275,0.0685914248298317,0.0136283802411839,427,152,0.0577542230852584,452,177,"450"
"W604S",0.0642975317160768,442,250,192,0.0826790977574553,0.0167672117098648,389,197,0.0719254902052286,432,240,"450"
"W605S",0.0260353293530797,158,58,100,0.0956382149234026,0.00764249734191825,148,48,0.0315958590213282,158,58,"450"
"W607S",0.0377698870510856,489,127,362,0.0434754355563571,0.0108339218802085,472,110,0.0379673092531579,456,94,"450"
"W610S",0.0246319641196081,380,53,327,0.058076497657245,0.01003663668328,420,93,0.0382686969573959,423,96,"450"
"W611S",0.0366570565436943,305,122,183,0.083289205164947,0.00928952515045811,265,82,0.038844192132808,282,99,"450"
"W612S",0.0354969865640311,414,112,302,0.0625440948403253,0.0110694022959453,418,116,0.0295974476356481,353,51,"450"
"W614S",0.0771250391779771,431,302,129,0.0907146717142837,0.0227752029096009,400,271,0.0973664742540777,437,308,"450"
"W64A",0.0265283991667503,213,62,151,0.087650313362935,0.00898021315452679,224,73,0.0288693028298642,199,48,"450"
"W701BC",0.0702004989122595,499,272,227,0.0785032003875987,0.0211421381384749,478,251,0.0589459397078805,410,183,"450"
"W803G",0.0258583941682124,361,57,304,0.0621516713008866,0.0080613657701675,360,56,0.0341270287830171,381,77,"450"
"W809G",0.086534658627835,431,328,103,0.0955205461482054,0.0313499731926447,442,339,0.0932240877536259,398,295,"450"
"W810G",0.0960187179977948,386,342,44,0.108832412790976,0.0302900511431982,380,336,0.104198649700403,366,322,"450"
"W811G",0.0414198414271203,429,152,277,0.068224851550548,0.0111130985711993,394,117,0.0476827132439913,418,141,"450"
"W813G",0.0548401410727741,361,208,153,0.0870261006964309,0.0138022359456303,309,156,0.0589212382867071,335,182,"450"
"W8304",0.0766073232762966,360,296,64,0.103589243765205,0.0229239740109426,338,274,0.097696688209713,373,309,"450"
"W9",0.0499322254492858,418,182,236,0.077461598208616,0.0150765473493329,407,171,0.0536311288280916,399,163,"450"
"WIL900",0.0067652487468625,309,2,307,0.0616965595125648,0.00177165612188948,308,1,0.00760283969227694,309,2,"450"
"WU-TAN-TZAO",0.067176010113627,587,262,325,0.0581855606203756,0.0262951139102684,634,309,0.0877262311527774,607,282,"450"
"YE 4",0.059822860614033,585,235,350,0.0499746115903279,0.0188720037045605,577,227,0.0714654138870588,587,237,"450"
"YING-55",0.196239267632911,372,366,6,0.137306264578743,0.0667589058330706,372,366,0.261210101070225,372,366,"450"
"Yu796 NS",0.0480523727755148,317,178,139,0.089224713378348,0.0163637696290068,330,191,0.0533496342248451,300,161,"450"
"ZS365",0.0657113617347974,543,254,289,0.065592024699333,0.021948153868164,552,263,0.082778438927437,558,269,"450"
"ZS635",0.0270321041571803,139,68,71,0.101911919503166,0.00830622292350185,132,61,0.034605094434246,151,80,"450"
"1538",0.0287882527179942,282,43,239,0.115983624137049,0.0085021324147681,292,53,0.0472035123977646,310,71,"500"
"29MIBZ2",0.0545463965347011,206,139,67,0.149524333678679,0.0160759593236729,227,160,0.0887512693636933,269,202,"500"
"2FACC",0.0609500875086288,269,171,98,0.141274291893825,0.0170987076577331,274,176,0.0772184338999773,261,163,"500"
"2MA22",0.0183937265124387,341,12,329,0.0900253952568379,0.0036342564660897,337,8,0.019934832562277,337,8,"500"
"3IJI1",0.0881042275294387,520,265,255,0.110673693506737,0.0234824620297271,504,249,0.101602232040365,499,244,"500"
"4226",0.0731131550788583,370,218,152,0.130334702434255,0.0237896486811256,404,252,0.0708219243835559,295,143,"500"
"4N506",0.1209379847884,533,328,205,0.121619039407219,0.0382326659734481,539,334,0.165650400273274,547,342,"500"
"6M502",0.129050136727726,377,342,35,0.163235095737896,0.0332287745421601,343,308,0.157108345584481,370,335,"500"
"6M502A",0.117409183602519,508,323,185,0.124834106482557,0.0336022497126246,496,311,0.130858885736695,492,307,"500"
"764",0.0855348839526116,427,255,172,0.127330875002165,0.0289840774189048,455,283,0.0956533002032193,395,223,"500"
"78010",0.0518447296102726,274,118,156,0.129805490890665,0.0147680193165278,293,137,0.076481524258687,313,157,"500"
"793",0.0352928048276093,306,61,245,0.113141152512142,0.0115251113113594,343,98,0.0638986101587365,368,123,"500"
"87916W",0.118122699216565,402,324,78,0.146637244403162,0.0306236993786183,371,293,0.15145037860055,410,332,"500"
"911",0.01888218655073,199,13,186,0.124761986127968,0.00353703519117939,193,7,0.0193364664930868,193,7,"500"
"912",0.0559202557631899,383,148,235,0.117249007953543,0.0185417068821205,429,194,0.102832597185755,485,250,"500"
"91IFC2",0.0234444376923224,110,23,87,0.14364140360735,0.00679128729831656,125,38,0.0374188035909796,136,49,"500"
"A",0.0991107145181362,564,288,276,0.10545189466218,0.031526723996169,574,298,0.100028011330192,516,240,"500"
"A208",0.0264220744074702,284,38,246,0.112783422713554,0.00767095185146908,291,45,0.0422806293312839,307,61,"500"
"A239",0.0294320905375866,153,45,108,0.138956094127505,0.00524451199225809,129,21,0.0242204668988934,120,12,"500"
"A272",0.0607525839979054,505,170,335,0.0877989097618174,0.0196905383070619,545,210,0.10915151986699,603,268,"500"
"A305",0.0474405732168269,301,101,200,0.122170867045578,0.0156340803122973,352,152,0.0485416593021286,275,75,"500"
"A322",0.0562579795402962,208,152,56,0.153725472124579,0.0104846739112185,134,78,0.0571021984467875,157,101,"500"
"A334",0.0178408828288808,81,11,70,0.148938621853895,0.00585821095439073,98,28,0.0324834544383975,103,33,"500"
"A340",0.0945659531593218,341,277,64,0.151058375636627,0.0264047558366618,329,265,0.146645507867429,392,328,"500"
"A374",0.142926488107176,356,348,8,0.186696282318445,0.0277131595429445,286,278,0.122319873901382,305,297,"500"
"A385",0.0821363746386456,512,253,259,0.109812447687609,0.025060081282108,517,258,0.138641712936054,573,314,"500"
"A401",0.0238938510968961,273,24,249,0.112283778361986,0.00460633867833975,263,14,0.0252331800808656,264,15,"500"
"A427",0.0614473034501361,202,172,30,0.167237018412393,0.01736685075727,209,179,0.0602166192592124,139,109,"500"
"A548",0.0910488808102805,376,271,105,0.139313009503014,0.0262917385989964,368,263,0.14477048724111,426,321,"500"
"A572",0.0827547087526653,389,254,135,0.134245190699677,0.0201899076571728,348,213,0.110821498626028,407,272,"500"
"A619",0.0302383133835829,201,48,153,0.130214285602818,0.0097877313788395,224,71,0.0542551274913968,248,95,"500"
"A627",0.101308464235651,579,297,282,0.103672331091596,0.0292022783266931,568,286,0.16071322420798,620,338,"500"
"A632",0.123041263538054,510,333,177,0.126808523569993,0.0354700724280293,499,322,0.179553394718024,525,348,"500"
"A635",0.0586636157523707,417,163,254,0.110888311067125,0.0172025179842718,432,178,0.0949277904638382,476,222,"500"
"A641",0.110678119478032,533,317,216,0.120135773013546,0.0366613791327292,544,328,0.203320724364562,573,357,"500"
"A648",0.102528405409636,557,301,256,0.110216023045677,0.0367575261497243,585,329,0.143305388730738,576,320,"500"
"A663",0.031731138521658,221,53,168,0.127673284876191,0.0100329004570911,242,74,0.0307619377583263,197,29,"500"
"A672",0.0432023391503325,148,88,60,0.152625833523104,0.0110679916479216,147,87,0.0524468130331185,148,88,"500"
"A674",0.0720576749557977,238,213,25,0.169425687456009,0.0155413334160751,176,151,0.0860730820576151,218,193,"500"
"A679",0.103007554441434,394,302,92,0.141792914214419,0.0279023423212855,372,280,0.14140328383315,410,318,"500"
"A680",0.0215204593413039,102,17,85,0.143924339999444,0.00444905755655036,97,12,0.0242416308703737,98,13,"500"
"A682",0.146431668062606,639,351,288,0.101796914233579,0.0305907023252347,579,291,0.160661480189613,625,337,"500"
"A71",0.044449909428896,115,92,23,0.172901357325773,0.0114249188876363,117,94,0.0624894443779916,139,116,"500"
"A73",0.121711302169387,361,330,31,0.16666260314925,0.0324838018815184,334,303,0.155992321812756,365,334,"500"
"A797NW",0.0538344349477566,404,133,271,0.10716833137761,0.0149317923678309,412,141,0.0829300620272258,446,175,"500"
"AQA3",0.102100992127041,470,300,170,0.127577629127989,0.0270491069707659,443,273,0.114252723737403,449,279,"500"
"AS6103",0.105696201197246,385,306,79,0.146566724885659,0.034716222607734,397,318,0.100728531026049,321,242,"500"
"AusTRCF 306238",0.064124781249705,543,182,361,0.0684502626432227,0.0166608965309817,530,169,0.089374494290274,565,204,"500"
"B-18 INBR.FR.SUPERGOLD",0.0634559821570754,211,179,32,0.166579188387438,0.0125905159862934,139,107,0.0647607931828392,157,125,"500"
"B-28",0.0729784211344947,353,216,137,0.133961811159397,0.0214267108199749,369,232,0.118251802031642,426,289,"500"
"B103",0.122371277922816,480,332,148,0.131399858030646,0.0405461398037131,488,340,0.117407995015972,435,287,"500"
"B104",0.0638967395437868,414,180,234,0.117344647864103,0.0178556752675549,423,189,0.0840003298114775,414,180,"500"
"B105",0.0936934632005139,382,275,107,0.139131542721051,0.0293587269907486,394,287,0.162928723922803,447,340,"500"
"B108",0.0530091813780458,249,129,120,0.13695544968332,0.0092111808237811,184,64,0.0511412541277043,204,84,"500"
"B109",0.119085958763231,596,326,270,0.107414553449786,0.0373553750262027,603,333,0.206885575557714,629,359,"500"
"B110",0.0981308586834022,509,286,223,0.118925617321804,0.0341421094280129,539,316,0.101759177077658,468,245,"500"
"B111",0.0529064207385332,185,128,57,0.153636783583092,0.013876045184279,182,125,0.0683554734587007,194,137,"500"
"B115",0.0620828323251034,519,176,343,0.0838780712510971,0.0179113965694066,533,190,0.0626373210383067,460,117,"500"
"B119",0.0602182648582725,418,167,251,0.111808790942052,0.0174715114226874,433,182,0.096289847631633,477,226,"500"
"B120",0.215355353279612,379,364,15,0.17753766972829,0.0673303766910844,378,363,0.223443558280382,377,362,"500"
"B121",0.0820569996369059,478,252,226,0.118450463689931,0.026561328958756,494,268,0.105297498260694,482,256,"500"
"B14A",0.111249303987867,593,319,274,0.105641139172313,0.0291631188481469,559,285,0.124829201656067,574,300,"500"
"B164",0.0389867000114423,151,78,73,0.147760755352417,0.0081028602989373,122,49,0.0445443361733691,138,65,"500"
"B2",0.0524963550325318,443,126,317,0.0928933074683403,0.018879200040155,515,198,0.0745845285930714,468,151,"500"
"B37",0.0480928782325495,340,103,237,0.116248017774706,0.0130701789870404,354,117,0.0507521079586642,317,80,"500"
"B47",0.0254366168013496,315,34,281,0.103964729620882,0.00916319252638611,343,62,0.0267755308561905,302,21,"500"
"B57",0.0134059783342276,303,7,296,0.0982328861099445,0.00385880285795254,306,10,0.0212193842947359,306,10,"500"
"B66",0.14558805150781,515,349,166,0.127805379316035,0.0468237736170227,518,352,0.173190906856181,512,346,"500"
"B68",0.126840171920587,644,341,303,0.096983578797194,0.0331370218405925,610,307,0.142121150605729,622,319,"500"
"B73",0.125487658159702,388,337,51,0.15504433918505,0.0361315508256649,377,326,0.190798274976292,405,354,"500"
"B75",0.0776085552957372,560,236,324,0.0902806314227015,0.0174214283155837,504,180,0.0966493272100445,554,230,"500"
"B76",0.0316855247578354,128,52,76,0.14701420433848,0.00594905638053737,106,30,0.0316172197263441,106,30,"500"
"B77",0.0870125989708139,568,259,309,0.0951788093700252,0.0301171980610909,599,290,0.0913541008055227,519,210,"500"
"B79",0.076048396099301,552,227,325,0.0902806146636861,0.0176143060390543,508,183,0.0823496417233253,497,172,"500"
"B87",0.0689956199692961,348,198,150,0.130608706270981,0.0201906502000075,364,214,0.111394174664539,424,274,"500"
"B88",0.0357165281942265,375,63,312,0.0942649794935597,0.010955498251262,396,84,0.0606241512838892,422,110,"500"
"B91",0.0694467378225988,237,201,36,0.163163449365106,0.0237857583921204,287,251,0.0868184012672573,230,194,"500"
"B97",0.0251910018754778,367,30,337,0.0867323149522426,0.00531823222569292,359,22,0.0293396681161525,361,24,"500"
"BEI 10 = NORTH 10",0.0680066905244175,471,193,278,0.105130092910639,0.0199984363496468,490,212,0.1109814771391,551,273,"500"
"BO9",0.101226011859584,440,295,145,0.132796602509952,0.0222592933675689,383,238,0.103755975442031,397,252,"500"
"CA-4",0.0943631050587624,534,276,258,0.109938486247419,0.0328753120206461,563,305,0.108085959914356,519,261,"500"
"CG102",0.109976158520116,544,314,230,0.118003794496941,0.0312739928042132,526,296,0.16549998753494,571,341,"500"
"CH701-30",0.0430043522935743,228,87,141,0.133723782760173,0.0147749579416797,279,138,0.0465681861708374,211,70,"500"
"CH711-10",0.0520310514094767,384,119,265,0.108214450558792,0.0122195137395736,370,105,0.0665883994161254,394,129,"500"
"CH753-4",0.173704651818094,500,358,142,0.133312286094999,0.0520969357407213,499,357,0.173105100282037,487,345,"500"
"CH9",0.12420515352541,448,334,114,0.138457275345833,0.0433315359341791,462,348,0.146169874526085,440,326,"500"
"CI 40H",0.06429841011787,237,185,52,0.154999975603777,0.0187108215018579,248,196,0.103163142019305,303,251,"500"
"CM105",0.0255198706740583,56,35,21,0.173577971193109,0.00488088573262244,41,20,0.0265743899704114,41,20,"500"
"CQ702RC",0.0335309398597453,217,57,160,0.129378227640069,0.00920468614784952,223,63,0.0511244006528748,243,83,"500"
"CR 22 INBRED",0.139174231211958,348,346,2,0.198434633517476,0.0468319993790134,355,353,0.132579385967581,312,310,"500"
"DE2",0.0659999542824997,432,188,244,0.113261104106313,0.0202911544763112,460,216,0.11229548273459,520,276,"500"
"DE3",0.0490897657214839,472,106,366,0.046951974459079,0.0128489829877717,479,113,0.0713749068116946,511,145,"500"
"DE4",0.069090780869799,239,199,40,0.16233932119969,0.0146563183176555,176,136,0.0807345284708645,209,169,"500"
"DE811",0.0454026420372599,224,97,127,0.136214948880789,0.0130669742375419,243,116,0.0668996871977959,258,131,"500"
"DJ7",0.0569361369533761,294,156,138,0.133904313217181,0.0160327889883182,297,159,0.0857963613011361,328,190,"500"
"DK3IIH6",0.0694908835768335,286,202,84,0.144234932853462,0.0204700087396319,302,218,0.083674441424988,262,178,"500"
"DK4676A",0.126495964815074,531,340,191,0.123628571010659,0.037111250180077,523,332,0.146130735871796,516,325,"500"
"DK78002A",0.214263203172963,379,363,16,0.17576004437533,0.0712096135071854,380,364,0.204848232749132,374,358,"500"
"DK78010",0.0574664928916954,248,158,90,0.142272684224214,0.0105871316933902,170,80,0.0577106078816535,194,104,"500"
"DK78371A",0.0400681806306108,290,83,207,0.120892584612409,0.0140973760397052,335,128,0.0483741243442157,281,74,"500"
"DKFAPW",0.0721071044778281,241,214,27,0.169044692319271,0.0209671095442636,255,228,0.114939378505669,310,283,"500"
"DKFBHJ",0.0566407471172585,232,155,77,0.146745744657663,0.0127972543085142,187,110,0.0634007934844415,199,122,"500"
"DKMBNA",0.0351213481711741,109,60,49,0.156404439025621,0.0122223096489915,155,106,0.0345329353297488,88,39,"500"
"DKPB80",0.0979935371359946,289,285,4,0.19721295025468,0.0323761628417191,306,302,0.0945240306880402,224,220,"500"
"E8501",0.0550408516413971,313,144,169,0.127624511922448,0.0128387239944623,281,112,0.0695166045208861,309,140,"500"
"EAST 028",0.0540239332535132,145,135,10,0.184101641468414,0.0177694623590438,197,187,0.0514801034800067,96,86,"500"
"Eng-Li Chih",0.0962328840382158,294,283,11,0.183508081143718,0.0342252440855462,328,317,0.0990333294820922,248,237,"500"
"F118",0.158277887594631,479,355,124,0.136320298988276,0.0523021181734799,482,358,0.145178755143502,447,323,"500"
"F2834T",0.0619642372119917,381,175,206,0.121543991706047,0.020499557792872,425,219,0.113713793672494,484,278,"500"
"FBLA",0.163527846024182,385,356,29,0.167654934938314,0.0555085871846661,388,359,0.166158194372481,372,343,"500"
"FR19",0.0545844765004555,479,141,338,0.0867224553019963,0.0103180198253958,414,76,0.0564479777563589,437,99,"500"
"H105W",0.0471463373463095,387,100,287,0.102082178992453,0.0119507202675305,388,101,0.066385381179515,415,128,"500"
"H110",0.0771976979326864,392,233,159,0.129618146209408,0.0160132100600386,317,158,0.0872558250108907,356,197,"500"
"H113",0.0776705110264546,448,237,211,0.120607731057335,0.0207832647308111,438,227,0.0797494150553384,378,167,"500"
"H121",0.0949631602865396,527,280,247,0.112549355536512,0.0322510809439425,548,301,0.139991895629029,564,317,"500"
"H122w",0.0606434974263332,477,169,308,0.0952731462473843,0.019678409616489,517,209,0.109087298872857,575,267,"500"
"H5",0.0656724308388801,286,187,99,0.140925362483486,0.0145885220603811,233,134,0.0809077865498548,269,170,"500"
"H71",0.120511299491675,596,327,269,0.107724810284983,0.0354584762869723,590,321,0.121034489678223,565,296,"500"
"H84",0.0875332939671627,576,262,314,0.0931283552165013,0.0317102064021988,613,299,0.093198903395527,532,218,"500"
"H91",0.0779397440954344,374,238,136,0.134193381073255,0.0171916286470576,313,177,0.0911751682887722,344,208,"500"
"H95",0.0773906483039403,535,235,300,0.097809440778997,0.0207043151495409,521,221,0.109076357167185,566,266,"500"
"H96",0.110105967230449,626,315,311,0.0943034219338228,0.0365919297490215,638,327,0.100376928797685,552,241,"500"
"H99",0.0521826931801185,336,122,214,0.120180669382381,0.0165528399713192,380,166,0.0918525253049548,427,213,"500"
"HP301",0.0437798041391312,425,91,334,0.0880290330254276,0.00927634266536715,400,66,0.051111158065566,416,82,"500"
"HUOBAI",0.0400332337698418,404,82,322,0.0912932483647117,0.0115222577100977,419,97,0.0633340230114963,443,121,"500"
"Hy",0.0362200985247412,427,65,362,0.0676007802560524,0.0104250770562215,439,77,0.0572990039429675,464,102,"500"
"I29",0.181329117082642,387,361,26,0.169189800975853,0.0618632286104424,387,361,0.183725280279141,377,351,"500"
"Ia 453",0.149692304838943,373,353,20,0.173692799526778,0.0512340769137316,376,356,0.145470674666976,344,324,"500"
"IA2132",0.0550412769134677,275,145,130,0.135519202901289,0.0158506923049997,285,155,0.0871964006385623,326,196,"500"
"IBB15",0.0285995667271016,171,42,129,0.135684778587462,0.00831948878581061,181,52,0.0458678092905182,197,68,"500"
"IBC2",0.0643824854488519,359,186,173,0.127239087153019,0.0185151187770216,366,193,0.101458443499778,416,243,"500"
"ICI 193",0.0384727628164613,325,72,253,0.111146901451605,0.0137422923733756,376,123,0.0508843620092438,334,81,"500"
"ICI 740",0.0817140822364136,393,250,143,0.133158249960768,0.0193455785987824,348,205,0.107240179729161,402,259,"500"
"ICI 893",0.0465786184687684,419,99,320,0.0917654444032846,0.0093615372024666,387,67,0.0513920750206575,405,85,"500"
"ICI 986",0.102046863596798,524,299,225,0.118689908120516,0.0290785111374229,509,284,0.112509617558544,502,277,"500"
"IDS28",0.0349312770707157,243,59,184,0.125039246701522,0.00775973165351326,231,47,0.0403568982029315,243,59,"500"
"IDS69",0.0388514508219012,439,76,363,0.067525093230789,0.00800268954193949,411,48,0.0436180145676916,427,64,"500"
"IDS91",0.00351147301515771,348,2,346,0.0809470139285495,0.000798594790334654,347,1,0.00435840930748176,347,1,"500"
"INB 101LFY/LFY (A632 X M16 S5)",0.174945020029696,523,359,164,0.128250930589931,0.0463571169485667,515,351,0.191326428074048,519,355,"500"
"INBRED 141",0.0562031978791176,449,150,299,0.097810885478759,0.0178365052909601,487,188,0.0989752797117054,535,236,"500"
"INBRED 2-687",0.120980848946815,550,329,221,0.119553549494322,0.0410814635932848,562,341,0.129667414668912,526,305,"500"
"INBRED 305",0.0493043510934201,467,108,359,0.0710058259597067,0.0100170432134912,432,73,0.040338461546813,417,58,"500"
"INBRED 321",0.0520364759181764,450,120,330,0.0899689500051849,0.0150293637464318,472,142,0.0827603838958965,503,173,"500"
"K150",0.0749662040995583,381,224,157,0.129745933392038,0.0203109082295988,374,217,0.109864753352078,426,269,"500"
"K41",0.100824450221332,535,294,241,0.114562641198145,0.0299673931295364,530,289,0.109011662734327,505,264,"500"
"K47",0.0370015247098125,268,69,199,0.122291045268741,0.00690813079252994,238,39,0.037621482609503,249,50,"500"
"KUNG-70",0.0252932846753957,337,31,306,0.095709290832413,0.00537599829005552,330,24,0.029733335176622,332,26,"500"
"L 127",0.111793722310617,532,320,212,0.12058968981549,0.0389723966523647,549,337,0.109993889208552,482,270,"500"
"L 139",0.0784178334220376,496,239,257,0.109984863906461,0.0257819269082518,518,261,0.0728182758917867,404,147,"500"
"L 289",0.0577641081093858,251,160,91,0.142214788995426,0.0163720995226556,253,162,0.0836004527911357,268,177,"500"
"LH1",0.0524835786450443,404,125,279,0.104286113074926,0.0151237495463907,423,144,0.0832228717530507,455,176,"500"
"LH119",0.0362714151515821,72,66,6,0.191378968106296,0.0104950955190214,85,79,0.0575772084955967,109,103,"500"
"LH128",0.0225185279604727,133,20,113,0.13851483701819,0.00657388695745918,150,37,0.0362594866307917,156,43,"500"
"LH143 (Maintainer)",0.126087787661031,352,338,14,0.179671530838522,0.0356335202510068,338,324,0.12884550209712,317,303,"500"
"LH146Ht",0.146303721552754,351,350,1,0.201555012072774,0.0397267601170854,340,339,0.160562223784573,337,336,"500"
"LH149",0.0319951567568598,59,54,5,0.194390237170118,0.00891929032987164,63,58,0.0434383597059814,68,63,"500"
"LH165",0.0304941135970924,341,50,291,0.0998491949377848,0.0096198114418933,361,70,0.0533831396582851,385,94,"500"
"LH166",0.0533689650671108,263,131,132,0.134880060409411,0.0166372180780006,300,168,0.0521638503522917,219,87,"500"
"LH181",0.087351695000457,565,261,304,0.0962368766821438,0.0284051205918662,586,282,0.0945418819833551,525,221,"500"
"LH184",0.140883493333156,442,347,95,0.141613179384159,0.0490665358712423,449,354,0.14490747431229,417,322,"500"
"LH190",0.086070970220191,474,256,218,0.119954309009302,0.0306154684679643,510,292,0.0907859635585564,425,207,"500"
"LH192",0.0751950942123347,343,225,118,0.137144357939729,0.0229752856221388,363,245,0.12711610862539,420,302,"500"
"LH194",0.0742281571117515,522,221,301,0.0972412323179528,0.0265921272572644,570,269,0.079040407838998,467,166,"500"
"LH195",0.129609908502595,424,343,81,0.146026919811246,0.0435581867034938,430,349,0.137966942372022,394,313,"500"
"LH197",0.110651060906859,374,316,58,0.153413944984868,0.033041516709076,364,306,0.183431617777446,408,350,"500"
"LH198",0.0688840950600319,210,197,13,0.180354988404726,0.0214745677621787,246,233,0.118907789141593,304,291,"500"
"LH202",0.101236250797004,343,296,47,0.157963693594236,0.0228656375351631,290,243,0.10799808735612,307,260,"500"
"LH204",0.0385348890984851,287,74,213,0.120404108346132,0.00950990833156364,281,68,0.0528231745274114,304,91,"500"
"LH205",0.0339352204073863,403,58,345,0.0832815476798188,0.0112218709039919,435,90,0.0340027569160125,382,37,"500"
"LH206",0.191834400385799,381,362,19,0.174435601973448,0.0651991757116029,381,362,0.190113468925906,372,353,"500"
"LH208",0.0591762707577759,284,165,119,0.137086284492859,0.00992430976935448,191,72,0.0551300491177872,217,98,"500"
"LH209",0.0928638239791156,315,273,42,0.159938141956353,0.0267320553152984,313,271,0.147011291125097,372,330,"500"
"LH214",0.0571104137791039,372,157,215,0.120136045860448,0.0186225297110439,410,195,0.0752708096402028,371,156,"500"
"LH215",0.0960073277024485,613,282,331,0.0896245164342195,0.0321909675177926,631,300,0.103941357292847,584,253,"500"
"LH222",0.0749564806585288,262,223,39,0.162520111609385,0.0162013463878513,200,161,0.0897410517283816,244,205,"500"
"LH223",0.0360897807008396,86,64,22,0.17290682044025,0.00903896528064235,82,60,0.0502096984555323,101,79,"500"
"LH224",0.118574628697485,673,325,348,0.0786579436900224,0.0390923007547154,686,338,0.21685655157295,709,361,"500"
"LH295",0.0367190277914622,149,67,82,0.145789892301282,0.0115135862627344,178,96,0.0363007009807458,126,44,"500"
"LH60",0.0453477304144862,373,96,277,0.105310354597841,0.0148425945680517,417,140,0.0822957942138447,448,171,"500"
"LH74",0.0660134098721822,258,189,69,0.149119860081915,0.0192929843787,272,203,0.106427125008712,327,258,"500"
"LH82",0.0390396526871,204,79,125,0.136320225249948,0.013599417993535,245,120,0.0396244663075066,179,54,"500"
"LH93",0.0562257026735894,484,151,333,0.0887294258494356,0.0139852665938376,460,127,0.077683945812938,498,165,"500"
"LIBC 4",0.0560786850261274,320,149,171,0.127486262969111,0.0121935899074149,275,104,0.0675649933887344,303,132,"500"
"LP1 NR HT",0.103559140916057,421,304,117,0.137859518102479,0.0261250396130381,379,262,0.138934022862177,433,316,"500"
"LP5",0.0511577708060926,126,117,9,0.186596171597267,0.0147906277822651,148,139,0.0532299640299257,102,93,"500"
"M14",0.0523807833364265,413,124,289,0.101442833322812,0.0176756765269229,474,185,0.0771711744277099,451,162,"500"
"MBPM",0.024347199171362,270,27,243,0.114077357765078,0.00692396019244015,283,40,0.0373411826058337,291,48,"500"
"MBWZ",0.0500205336802509,415,110,305,0.0959463568088216,0.0169452679359609,479,174,0.0550866751802335,402,97,"500"
"MM501D",0.0809370573890303,604,247,357,0.0737970925309559,0.0273240576434394,632,275,0.117016011448063,643,286,"500"
"Mo17",0.0171914777884192,107,10,97,0.141544574969242,0.00536121719818534,120,23,0.0297536275409717,124,27,"500"
"Mo1W",0.055714125377721,413,147,266,0.108167425521855,0.0174454212942674,447,181,0.0966123944891676,495,229,"500"
"Mo46",0.0241913126486848,367,26,341,0.0845712344355811,0.00477789790812086,358,17,0.026256835277342,358,17,"500"
"Mo47",0.0629855600498902,281,177,104,0.139389694371764,0.0196368600681994,311,207,0.108980672360642,367,263,"500"
"Mo5",0.0794820472382162,601,241,360,0.0707700371296836,0.0212932401684777,590,230,0.0855647146728506,549,189,"500"
"MQ305",0.0520780936029032,324,121,203,0.121878002226842,0.0158971959880332,359,156,0.0881610905077975,402,199,"500"
"MS116",0.0509672861617972,318,116,202,0.121987035825687,0.0154898753156602,351,149,0.0859821243410264,394,192,"500"
"MS132",0.0325909616975936,318,56,262,0.109061996709868,0.00866840662169539,318,56,0.0394952036878376,315,53,"500"
"MS200",0.0713490737986936,388,212,176,0.127024431290234,0.0137382468629401,297,121,0.074799534682108,329,153,"500"
"MS211",0.0769781652513334,425,232,193,0.123253479203978,0.0207026292730448,413,220,0.0765105756255837,351,158,"500"
"MS221",0.0197471000675824,68,14,54,0.154688940898436,0.00397664917994935,65,11,0.0218325586737508,65,11,"500"
"MS224",0.081187562063656,439,249,190,0.124041681128825,0.0207636218699906,415,225,0.0735792037886429,339,149,"500"
"MS225",0.0642567290145494,403,184,219,0.119793083219739,0.0198003080955008,430,211,0.0966559193125595,450,231,"500"
"MS226",0.061659494353655,525,173,352,0.0771049756184347,0.0165398683193506,516,164,0.077130261488533,513,161,"500"
"MS24A",0.0452586369138577,358,95,263,0.108968835789191,0.0118217605090038,362,99,0.054564428299053,359,96,"500"
"MS67",0.0385141464261385,428,73,355,0.0757928497269499,0.0112058947455605,444,89,0.0622206359558852,470,115,"500"
"MS71",0.131339369199206,454,345,109,0.1388378222435,0.0387031400296001,445,336,0.131507014129078,417,308,"500"
"MS72",0.0253686524576507,225,33,192,0.123614926313156,0.00730243757322056,234,42,0.040157714081378,248,56,"500"
"N192",0.0545082515779709,199,138,61,0.152182941773832,0.0150864414356417,204,143,0.0531287497308067,153,92,"500"
"N193",0.0283850829160582,89,41,48,0.156531951400876,0.00927301526217116,113,65,0.0324483915986586,80,32,"500"
"N200",0.0551698976663234,510,146,364,0.066275720029365,0.0120258398482181,466,102,0.0666440282855615,494,130,"500"
"N201",0.0487382839361085,143,105,38,0.162687450032331,0.0126876790166013,146,108,0.0694114986366161,177,139,"500"
"N209",0.0747579526028587,580,222,358,0.0729185173450747,0.0137667127950653,482,124,0.0750868463492969,512,154,"500"
"N211",0.0354959512034545,223,62,161,0.12907278225046,0.0102954752374833,236,75,0.0564589488697375,261,100,"500"
"N217",0.109881406340956,492,313,179,0.126245613042418,0.0336478264007794,492,313,0.186182613505974,531,352,"500"
"N218",0.0544041209854126,487,137,350,0.0785908572016827,0.0153437232979499,496,146,0.0840540166283517,531,181,"500"
"N28Ht",0.0881040613197385,615,264,351,0.077542765107702,0.0242013055695256,604,253,0.0918788060080767,565,214,"500"
"N501",0.00378704398217651,330,3,327,0.0901582368325429,0.00109012924677271,330,3,0.00599497569783965,330,3,"500"
"N523",0.0890101098590702,269,266,3,0.197319429151827,0.0165598187973238,170,167,0.0904715458395214,209,206,"500"
"N527",0.125089188027759,363,335,28,0.168060241248654,0.0358202778032843,353,325,0.198612709195918,384,356,"500"
"N534",0.0446779340029753,268,94,174,0.127039841954826,0.00850776854474913,228,54,0.0463216306244649,243,69,"500"
"N542",0.0808783168568284,582,246,336,0.0873131903275141,0.0167683192816491,506,170,0.0914338768428445,547,211,"500"
"N6",0.0479131338693848,409,102,307,0.0955591748092288,0.010827056789449,389,82,0.0473733391954198,379,72,"500"
"NC250",0.0546407383111807,414,142,272,0.106498742992086,0.00951343219835133,341,69,0.0528050568516198,362,90,"500"
"NC262",0.0684572056891498,549,195,354,0.0759930406976505,0.0128664015007147,468,114,0.070060472886414,495,141,"500"
"NC294",0.103191545581244,535,303,232,0.117767466776856,0.0348967527902103,551,319,0.095905108717727,456,224,"500"
"NC310",0.0696548003594696,220,203,17,0.174683831653668,0.0196738282705763,225,208,0.0999700179956818,256,239,"500"
"NC326",0.0578305911095844,350,161,189,0.124276338370749,0.0169256681091847,362,173,0.0933822017200039,408,219,"500"
"NC328",0.0737117531024899,503,219,284,0.102980553305237,0.0247043896742258,540,256,0.0931018850393624,501,217,"500"
"NC342",0.0228199335585152,323,21,302,0.0972308055052801,0.00657105101006496,338,36,0.0361460649117631,344,42,"500"
"NC412",0.12545508103037,569,336,233,0.117398666155523,0.04152930172747,577,344,0.114315476806108,513,280,"500"
"ND259",0.0241645792045717,365,25,340,0.0848721844306004,0.00757730584874246,384,44,0.0342374568727356,378,38,"500"
"ND265",0.0403028287085751,194,84,110,0.138663938086862,0.0113163171167303,201,91,0.0620465599209356,224,114,"500"
"NK740",0.12233003869652,591,331,260,0.109434330710961,0.038356362346461,595,335,0.212426323146068,620,360,"500"
"NK778",0.0670869028983776,417,190,227,0.11834375174151,0.0231365819971303,473,246,0.0675741428209345,360,133,"500"
"NK807",0.0532060332199288,382,130,252,0.111728341852074,0.0154235399528604,400,148,0.0849912176173867,436,184,"500"
"NKS8326",0.108813423385861,653,311,342,0.0841195855930489,0.0340219960812275,657,315,0.109034664539387,607,265,"500"
"NORTH 7",0.147077767794994,496,352,144,0.132948046535227,0.045966468918242,494,350,0.254545095393835,509,365,"500"
"NQ508",0.105839655117376,422,307,115,0.138147804845571,0.0223425951755257,354,239,0.101820854939315,362,247,"500"
"NS501",0.0526627780944701,388,127,261,0.109151778820858,0.0159319150422205,418,157,0.0881051273479696,459,198,"500"
"NS701",0.0788044253491714,490,240,250,0.112248100808582,0.0226923027237502,492,242,0.124668234621093,549,299,"500"
"NY6371",0.100740161438116,474,293,181,0.125652680575263,0.0312184758304274,476,295,0.146312402968662,508,327,"500"
"Ny821",0.0433912735061154,163,89,74,0.147564209001342,0.0143422748336021,206,132,0.0403719395513552,134,60,"500"
"OH33",0.0548389123030789,321,143,178,0.126450936228474,0.0154056789430828,325,147,0.059432161932246,285,107,"500"
"Oh40B",0.110738606106186,526,318,208,0.120850122226827,0.0328642671157082,512,304,0.182457917245184,557,349,"500"
"Oh43",0.163997537402253,394,357,37,0.162792900908067,0.0495476427936344,392,355,0.168674876465713,381,344,"500"
"Oh7",0.050451448414633,460,111,349,0.0785953523267516,0.011339590610194,442,93,0.0629110847359627,468,119,"500"
"OQ403",0.129683384256638,447,344,103,0.140084796497064,0.0432404122111203,450,347,0.122641762305294,401,298,"500"
"OQ603",0.0219967670035637,53,19,34,0.1644199517104,0.00476999838697232,50,16,0.0264267348350239,52,18,"500"
"Os420",0.041754239185775,139,86,53,0.15470737488163,0.0118857821207202,153,100,0.0597922774863392,161,108,"500"
"OS602",0.0505092613451274,405,112,293,0.0992464687084047,0.0145754372732988,426,133,0.0475100482483958,366,73,"500"
"Pa392",0.071299960796878,376,211,165,0.128028339227624,0.0221619311196609,402,237,0.0680091567411631,299,134,"500"
"Pa405",0.0484060712594226,300,104,196,0.122525929503446,0.00892783774015913,255,59,0.0487175312096876,273,77,"500"
"Pa875",0.0810814339484538,341,248,93,0.141785310983391,0.0217388485673469,328,235,0.088261519727623,293,200,"500"
"Pa880",0.0394805873348908,177,81,96,0.141607769147494,0.00825489651258343,146,50,0.0449864355040234,162,66,"500"
"Pa91",0.052360268040018,371,123,248,0.11239449745837,0.0137420352033039,370,122,0.0751901610798217,403,155,"500"
"PH207",0.0248791536971117,135,29,106,0.139184739600153,0.00702118868558788,147,41,0.0390007055484518,157,51,"500"
"PHB09",0.106018825208086,352,308,44,0.15956722293524,0.0367849950576799,374,330,0.104324194731092,298,254,"500"
"PHB47",0.0109495830647393,77,6,71,0.147859616676211,0.00307231852434144,76,5,0.0168289948545238,76,5,"500"
"PHBA6",0.0417033469210074,147,85,62,0.151924247700454,0.00882943141786899,119,57,0.048657701910474,138,76,"500"
"PHBB3",0.0986695152853324,438,287,151,0.130447797621368,0.0269653212166583,423,272,0.0885041509177126,352,201,"500"
"PHEG9",0.117034624564703,385,322,63,0.151905698847916,0.0411756847832134,405,342,0.132886840312362,374,311,"500"
"PHG29",0.0634476027500005,499,178,321,0.0916013597723831,0.0223489805119523,561,240,0.0766722517860007,480,159,"500"
"PHG47",0.0870779877485293,535,260,275,0.105596873278236,0.0253325325445768,535,260,0.0966964334708878,507,232,"500"
"PHG71",0.0279048458080879,84,39,45,0.159111206808783,0.00647794227605267,79,34,0.0359625103269302,86,41,"500"
"PHG80",0.0377249384473174,201,70,131,0.134898617947676,0.0107797206953971,212,81,0.0424214978810988,193,62,"500"
"PHG83",0.0566271375764701,172,154,18,0.174667093792047,0.0151528726295419,163,145,0.0839234334202246,197,179,"500"
"PHG86",0.151386476572044,493,354,139,0.13385108619371,0.0416565363341481,484,345,0.231383467440147,502,363,"500"
"PHH93",0.076316592976112,527,229,298,0.0979197668834368,0.0235278050539467,548,250,0.130692962093296,604,306,"500"
"PHHH9",0.0934969327145778,468,274,194,0.122861624901806,0.0293969131022642,482,288,0.162821453602286,533,339,"500"
"PHHV4",0.0765854248507104,392,230,162,0.12889496147972,0.0190675128714263,364,202,0.0922213367360598,378,216,"500"
"PHJ70",0.081823471842811,616,251,365,0.0636091646888508,0.0231557623794047,612,247,0.0888175129022819,568,203,"500"
"PHJ89",0.0389069785381925,163,77,86,0.143883239992319,0.00909483917888184,147,61,0.0495868621293256,164,78,"500"
"PHJ90",0.0507541720097086,309,114,195,0.122746796871057,0.0143044675523421,326,131,0.0524866403975302,284,89,"500"
"PHJR5",0.115365231015659,364,321,43,0.159656793402127,0.0412167757071205,386,343,0.148429323321865,374,331,"500"
"PHK35",0.079591023930594,275,242,33,0.165900637427494,0.01901372206981,233,200,0.0972308525131452,266,233,"500"
"PHK42",0.0580419426894241,360,162,198,0.122296856331636,0.0139263884422046,324,126,0.0773416576334829,362,164,"500"
"PHK56",0.0759638265090981,573,226,347,0.0804120224728239,0.0226075122913526,588,241,0.07671396495944,507,160,"500"
"PHK74",0.0604063024695938,248,168,80,0.146345289261386,0.0193179538145453,284,204,0.0853285058560988,267,187,"500"
"PHKE6",0.0802872708817863,332,244,88,0.142600556268576,0.0207473694762909,310,222,0.102317091479769,337,249,"500"
"PHM10",0.0102779096375154,323,5,318,0.0926204415890134,0.00313986160359109,324,6,0.0173718964247412,324,6,"500"
"PHN11",0.0211722387090063,199,16,183,0.125041142546946,0.0048721198291227,201,18,0.0270438868701543,205,22,"500"
"PHN29",0.10864837775884,642,310,332,0.0895973936666514,0.0336271362490237,644,312,0.11818727822435,620,288,"500"
"PHN66",0.0697706175877462,305,204,101,0.140508470536449,0.0190183341701482,302,201,0.101801491973786,347,246,"500"
"PHN82",0.0704137001095873,490,207,283,0.103339782699246,0.021393091282013,514,231,0.11833113190306,573,290,"500"
"PHP02",0.0508828059822958,312,115,197,0.122309963922898,0.0146447841390969,332,135,0.0805140388809176,365,168,"500"
"PHP55",0.10699500763801,420,309,111,0.138615346271611,0.027735937787426,390,279,0.126901100112025,412,301,"500"
"PHP76",0.0799485413111302,359,243,116,0.138145094185656,0.0220017824690679,352,236,0.11614688138701,401,285,"500"
"PHP85",0.0729277318241507,538,215,323,0.0905003273406887,0.0229531492778066,567,244,0.0747797196178583,475,152,"500"
"PHPR5",0.027939586758073,249,40,209,0.120627486240882,0.00861720866014834,264,55,0.0399853494849417,264,55,"500"
"PHR03",0.0253598817894976,299,32,267,0.108129765465695,0.0073041900463755,310,43,0.0401844983349732,324,57,"500"
"PHR30",0.0865657415492498,378,257,121,0.136737349465982,0.0282298254825781,402,281,0.0828617404195502,295,174,"500"
"PHR31",0.0217553831331779,141,18,123,0.136349137553907,0.00656847544740279,158,35,0.036320566862673,168,45,"500"
"PHR36",0.0291027889688475,329,44,285,0.102792899733711,0.00770821346522911,331,46,0.0359157460507738,325,40,"500"
"PHR47",0.0693540926444379,410,200,210,0.120626464010613,0.0189711352392192,409,199,0.0681910469478427,345,135,"500"
"PHR63",0.056489917444364,316,153,163,0.128772305121834,0.0164654167387025,326,163,0.0656075914284305,290,127,"500"
"PHT10",0.087748227785132,438,263,175,0.127026075837617,0.0250088252453603,432,257,0.102139005137927,423,248,"500"
"PHT47",0.070643300193805,440,209,231,0.117996672060116,0.0165513883772263,396,165,0.0918973297876649,446,215,"500"
"PHT55",0.0898319796989852,560,268,292,0.0994667708003196,0.0264484820578136,558,266,0.146843929578186,621,329,"500"
"PHTM9",0.0995592443980818,356,290,66,0.15006191984324,0.0244220354110953,321,255,0.135236420935744,378,312,"500"
"PHV37",0.0231482118152793,150,22,128,0.136099549974573,0.00487431613624643,147,19,0.0265664099675916,147,19,"500"
"PHV57",0.0703486810029672,407,206,201,0.122038519620478,0.0207639870064008,427,226,0.114646650420026,483,282,"500"
"PHV63",0.0436311886259119,384,90,294,0.0989344282888272,0.014241297576812,424,130,0.0630626987155579,414,120,"500"
"PHVA9",0.0197507682600448,169,15,154,0.130110834308538,0.00375774375779707,163,9,0.0204595763817459,163,9,"500"
"PHVJ4",0.0738939848639577,366,220,146,0.132751823996173,0.0216350384142978,380,234,0.119369211181526,438,292,"500"
"PHW03",0.0536902757050417,187,132,55,0.154140683083211,0.0155183976260105,205,150,0.0851540218973101,241,186,"500"
"PHW17",0.0171047970411095,149,9,140,0.133847560895301,0.00462290140478063,155,15,0.0256778525208958,156,16,"500"
"PHW20",0.0641922556633195,480,183,297,0.097922798029518,0.0207580017620106,521,224,0.115062605020482,581,284,"500"
"PHW30",0.0995230265717735,579,289,290,0.101156911094975,0.0336518055592327,604,314,0.0999566898741292,528,238,"500"
"PHW43",0.0760567015499468,445,228,217,0.120071633026124,0.0267196588331991,487,270,0.0912407682175941,426,209,"500"
"PHW52",0.0162301000403087,163,8,155,0.129808153249521,0.00449006416937013,168,13,0.0249377679075417,169,14,"500"
"PHW53",0.0591565328501586,503,164,339,0.086141128353469,0.0177448024764473,525,186,0.0592164063517287,445,106,"500"
"PHW80",0.0455454376736515,320,98,222,0.119069371651911,0.0114301329858314,317,95,0.0392699406110948,274,52,"500"
"PHWG5",0.060030530209792,299,166,133,0.134585244337083,0.0134105246281661,251,118,0.0743877302147896,283,150,"500"
"PHZ51",0.0766676220688799,314,231,83,0.144540944969479,0.0167849184564885,254,171,0.0915430981596439,295,212,"500"
"Q381",0.077382973828672,422,234,188,0.124581919659081,0.0271394975618423,462,274,0.0869098604686807,383,195,"500"
"R168",0.0972766576601196,488,284,204,0.12171625829771,0.0332713605392167,513,309,0.108882718032455,466,262,"500"
"R177",0.0367932591704746,394,68,326,0.0902364724392381,0.0113393789198485,418,92,0.0627607211540855,444,118,"500"
"R181B",0.180939055188527,401,360,41,0.16082106842322,0.0614151578994262,401,360,0.179153745986079,388,347,"500"
"R226",0.0493860304698188,267,109,158,0.129687443186635,0.0142400668853311,287,129,0.0455983119686943,225,67,"500"
"R229",0.0322487222610843,242,55,187,0.124586903485848,0.0060856240125006,218,31,0.0331359051386287,222,35,"500"
"R71",0.0866915392671837,352,258,94,0.141706100113122,0.0195176621045717,300,206,0.0720128098714326,240,146,"500"
"R78",0.126316909907216,519,339,180,0.125768853776987,0.0425714379454361,526,346,0.119385978513131,473,293,"500"
"SD101",0.236061812361602,389,365,24,0.172646763384464,0.0784891741381561,389,365,0.254030394060493,388,364,"500"
"SD102",0.0297540765971832,147,47,100,0.140838407771175,0.00613111322824924,132,32,0.0334050236166716,136,36,"500"
"SD107",0.0897140491236427,496,267,229,0.11806114350532,0.0273623052279182,505,276,0.0959059043020496,454,225,"500"
"SD40",0.105623589944543,373,305,68,0.149427085837661,0.0264999776566694,335,267,0.129549569240526,372,304,"500"
"SD44",0.109425758804578,362,312,50,0.155680551351198,0.0368661930410724,381,331,0.111943868757102,325,275,"500"
"SG 30A",0.00264926192890574,317,1,316,0.0930636028789936,0.00086552020436696,318,2,0.00480166121792114,318,2,"500"
"T242",0.0295286027784497,148,46,102,0.140362587665125,0.00543661320288401,127,25,0.0296450249085255,127,25,"500"
"Tr",0.0706077199801099,375,208,167,0.127693414910136,0.0202150915791262,382,215,0.110766134284492,438,271,"500"
"TZU-CHIAO-HSI-WU 105",0.0305390814391924,233,51,182,0.125134346575801,0.00585181081649075,209,27,0.0319709953070154,213,31,"500"
"Va26",0.0679614165865385,486,191,295,0.0983119556668584,0.0188607500470453,492,197,0.104652773698938,550,255,"500"
"Va35",0.0679680931736581,304,192,112,0.138524014993264,0.0207490010969541,335,223,0.114382832674424,393,281,"500"
"Va52",0.0919440569706663,284,272,12,0.182132187836324,0.0307612052616081,306,294,0.0842346051999431,194,182,"500"
"Va99",0.0686596959159698,242,196,46,0.158552400615666,0.0183506561118657,238,192,0.0858327028040105,237,191,"500"
"W182E",0.069855109957918,443,205,238,0.116005931323139,0.0176619760815532,422,184,0.096575712745877,466,228,"500"
"W22",0.0505768502425968,393,113,280,0.10416009883161,0.0156545639533619,433,153,0.0643047019859257,404,124,"500"
"W23",0.0538469764665167,199,134,65,0.15008345974788,0.0135684198573401,184,119,0.0710721334554149,209,144,"500"
"W24",0.101518566234003,540,298,242,0.114384264794525,0.0335597584455558,552,310,0.138853134908126,557,315,"500"
"W32",0.0383927336924101,311,71,240,0.115000476649594,0.0110997419361964,328,88,0.0611350657332996,352,112,"500"
"W37A",0.0491549851976998,393,107,286,0.1022516848122,0.0130335711781365,401,115,0.0682669569422702,422,136,"500"
"W552",0.0245933726205955,341,28,313,0.0934372218514372,0.00641780877635008,346,33,0.0272950578074995,336,23,"500"
"W603S",0.0542429478391032,409,136,273,0.106104711852681,0.0110643776220335,359,86,0.0607792453003811,384,111,"500"
"W604S",0.10056060115442,512,292,220,0.119788029079713,0.0243890373094305,474,254,0.12008812295462,515,295,"500"
"W605S",0.0303933351475727,124,49,75,0.147058147815084,0.00827152029621597,126,51,0.0363715917762396,121,46,"500"
"W607S",0.0710441901136857,563,210,353,0.0764350216544789,0.0182545797319339,544,191,0.0850132425827571,538,185,"500"
"W610S",0.0388224383092892,394,75,319,0.0920792403458123,0.0110466440132874,404,85,0.0613443864109885,432,113,"500"
"W611S",0.0445373333931004,329,93,236,0.117027003376486,0.0128184615486966,347,111,0.0704731006827681,378,142,"500"
"W612S",0.057480530805743,474,159,315,0.0930797737588986,0.0169741982374857,490,175,0.0580260796010396,420,105,"500"
"W614S",0.0900262273717987,391,269,122,0.136663367143831,0.0251280565218662,381,259,0.0974985462497757,356,234,"500"
"W64A",0.0392476877678569,229,80,149,0.130927590677857,0.0108907476512145,232,83,0.0368906713635523,196,47,"500"
"W701BC",0.094921306228324,503,279,224,0.118811770057716,0.0263013638650918,488,264,0.0986111765577166,459,235,"500"
"W803G",0.0260398002964612,346,36,310,0.0946191862119139,0.0055826011136832,336,26,0.0304358543234707,338,28,"500"
"W809G",0.0997453147406262,417,291,126,0.136250739722812,0.0355449481787607,449,323,0.120036014759641,420,294,"500"
"W810G",0.0806066645555651,317,245,72,0.147792540210757,0.021203826065385,301,229,0.0964512959863956,299,227,"500"
"W811G",0.0616914410443613,438,174,264,0.108854546839854,0.0120396556081186,367,103,0.0655556419812136,390,126,"500"
"W813G",0.0683754984725388,341,194,147,0.132135362123084,0.0126959968910011,256,109,0.0691553623903292,285,138,"500"
"W8304",0.090937351409907,329,270,59,0.153362828735924,0.0313765720319003,356,297,0.132352377541342,368,309,"500"
"W9",0.0640988793513205,409,181,228,0.118286374742901,0.0168026376726472,400,172,0.0844165505619569,411,183,"500"
"WIL900",0.0078271135729484,332,4,328,0.0901560777918933,0.00227541359250359,332,4,0.0125439495800526,332,4,"500"
"WU-TAN-TZAO",0.0954749610997998,625,281,344,0.0833625209330536,0.0352980245587319,664,320,0.106319365812561,601,257,"500"
"YE 4",0.0730759698894636,573,217,356,0.0748335759038522,0.0232184498088789,604,248,0.0728823905606917,504,148,"500"
"YING-55",0.265558200824287,373,366,7,0.187893433780219,0.0809401686260686,373,366,0.282684273856522,373,366,"500"
"Yu796 NS",0.0545817383670578,274,140,134,0.134495559759071,0.0158209243616631,288,154,0.0855608207760009,322,188,"500"
"ZS365",0.0946751419046737,546,278,268,0.107895908148072,0.0276496810635357,545,277,0.152513669745157,601,333,"500"
"ZS635",0.0263066687275918,126,37,89,0.142298233234005,0.0059078203505899,118,29,0.0327753555562793,123,34,"500"
"1538",0.0427184322060265,272,42,230,0.148621269347157,0.0106818824045099,276,46,0.0394383040754621,265,35,"550"
"29MIBZ2",0.104876400119207,314,262,52,0.195829794491152,0.0337615540888926,350,298,0.103386502497888,304,252,"550"
"2FACC",0.0808528376521902,287,192,95,0.181102037169906,0.0216311487351303,283,188,0.0729883336086912,251,156,"550"
"2MA22",0.0306180558855608,347,24,323,0.118061236704067,0.00566412163299904,335,12,0.0287519987948405,347,24,"550"
"3IJI1",0.116975078035373,563,292,271,0.13657160444775,0.0307494683155228,547,276,0.104331811083044,526,255,"550"
"4226",0.0863262427392878,354,211,143,0.169225442967485,0.0221746734770516,334,191,0.112651660835037,413,270,"550"
"4N506",0.137993426116987,514,321,193,0.157912139709846,0.0422797555059881,532,339,0.162998759682437,529,336,"550"
"6M502",0.152598744795189,375,338,37,0.204980529558486,0.0401559525800914,366,329,0.134348724593738,339,302,"550"
"6M502A",0.158388559515391,506,341,165,0.165448806816738,0.0410377835171629,499,334,0.155917008930477,495,330,"550"
"764",0.0958315715042397,409,237,172,0.163921943357505,0.025806678906299,409,237,0.121746600290053,458,286,"550"
"78010",0.0661840543263458,287,125,162,0.166323788094426,0.0224518892831465,359,197,0.0685317024040426,305,143,"550"
"793",0.0546483834545708,325,82,243,0.14463293133986,0.0181393050443264,378,135,0.0542516326286785,330,87,"550"
"87916W",0.143374232435041,402,330,72,0.18689636326622,0.0400293227434238,399,327,0.12595101513477,366,294,"550"
"911",0.0399128290544385,192,34,158,0.166680056351056,0.00732719987111666,183,25,0.0371631462365127,189,31,"550"
"912",0.0562585825259517,343,94,249,0.143741270652843,0.0194754179532063,405,156,0.0588907036771152,350,101,"550"
"91IFC2",0.0233723028648658,82,15,67,0.189793718232781,0.00718429966529676,90,23,0.0234802971560383,82,15,"550"
"A",0.123735103236861,556,301,255,0.141069284775208,0.0299441196551675,526,271,0.122797769138033,545,290,"550"
"A208",0.0423893967946686,306,40,266,0.138905487803711,0.0129322709684963,341,75,0.0446996994909368,318,52,"550"
"A239",0.0470830123030297,142,58,84,0.184450349191669,0.00891283278122675,117,33,0.0415573248274712,127,43,"550"
"A272",0.0758929596774759,493,166,327,0.115535027896754,0.0251343285305469,559,232,0.079870796230373,514,187,"550"
"A305",0.051268338374143,264,70,194,0.157324891419731,0.0156145649275682,310,116,0.0687069678183442,338,144,"550"
"A322",0.0513223177503308,141,71,70,0.188878277339194,0.0134859282784053,156,86,0.0499423954806225,140,70,"550"
"A334",0.00736346910581225,98,1,97,0.18041598638028,0.00247613029287737,99,2,0.00741182429520099,98,1,"550"
"A340",0.109145363084078,337,277,60,0.191760484509255,0.0389091672806615,383,323,0.121049370802483,343,283,"550"
"A374",0.168817862687562,354,347,7,0.232879351310463,0.0366802679835463,320,313,0.153255383908008,336,329,"550"
"A385",0.0776214177166256,430,177,253,0.14235930449033,0.0263444891916649,497,244,0.0790359826481125,435,182,"550"
"A401",0.0572895051822835,356,99,257,0.140806021370182,0.0117072629639931,314,57,0.0557364331074018,349,92,"550"
"A427",0.0560563234364058,128,92,36,0.205758075371841,0.0149450900947583,144,108,0.0683044206389893,178,142,"550"
"A548",0.116577278244297,381,290,91,0.18187130822739,0.0375477423180063,410,319,0.114849588427263,363,272,"550"
"A572",0.100606714576931,399,245,154,0.16774524531329,0.0230698389921412,357,203,0.0869961753667777,365,211,"550"
"A619",0.0327386957400602,154,25,129,0.172042050377926,0.010784007083628,176,47,0.0322968710149279,157,28,"550"
"A627",0.140357509962239,616,324,292,0.128948001409623,0.0449189573890928,633,341,0.140408465789699,607,315,"550"
"A632",0.173112448991288,526,348,178,0.161418928605921,0.0521623503897678,534,356,0.166756852156196,516,338,"550"
"A635",0.0727835241867555,416,153,263,0.139358876933265,0.0245797122002306,483,220,0.0736411071448283,420,157,"550"
"A641",0.155750172589791,586,339,247,0.143749243482208,0.0540852923265037,604,357,0.163794374557462,584,337,"550"
"A648",0.145752756262311,591,331,260,0.140385093010647,0.04392309273661,600,340,0.180301936211266,610,350,"550"
"A663",0.00775671963398522,172,2,170,0.164369917935643,0.00233777147206886,171,1,0.00743327033507052,172,2,"550"
"A672",0.0769757280055894,224,174,50,0.196417726052626,0.0192047493073006,201,151,0.081715427916424,242,192,"550"
"A674",0.069322364564262,171,138,33,0.206305278467637,0.014189706667794,129,96,0.0669932256468918,167,134,"550"
"A679",0.125759820899175,422,308,114,0.175945924910302,0.0350323397151691,420,306,0.112762556307181,385,271,"550"
"A680",0.0200516908820502,81,10,71,0.187279765503371,0.00644249289137889,87,16,0.0217865716342799,83,12,"550"
"A682",0.20318881499315,646,358,288,0.130681582656733,0.0408686281102198,621,333,0.179173212684413,636,348,"550"
"A71",0.0754716768367417,180,164,16,0.220119055621562,0.0203406552211995,185,169,0.0743478420080873,181,165,"550"
"A73",0.1591639151855,373,342,31,0.207903537911245,0.0404056183326876,362,331,0.143429827404274,350,319,"550"
"A797NW",0.070372315045282,396,142,254,0.141753762393117,0.0227896787475958,453,199,0.0729793714990932,409,155,"550"
"AQA3",0.141092379490939,471,326,145,0.169004491421672,0.0332001239647733,438,293,0.134938666712991,451,306,"550"
"AS6103",0.114286744785039,392,284,108,0.177051031000422,0.0282587044388092,368,260,0.140490490007594,424,316,"550"
"AusTRCF 306238",0.0773925282258258,537,176,361,0.0895675589233053,0.020090959301869,527,166,0.0706746123707155,508,147,"550"
"B-18 INBR.FR.SUPERGOLD",0.070141028626012,175,140,35,0.205870613262213,0.0110012315272387,85,50,0.0554117253906324,125,90,"550"
"B-28",0.110041738176265,385,280,105,0.177589856023542,0.036011131749947,415,310,0.108144848889918,367,262,"550"
"B103",0.141548371207222,448,327,121,0.173294298968074,0.0340659360856212,424,303,0.172360221703774,464,343,"550"
"B104",0.0548797002020334,330,85,245,0.144174692485467,0.0149197389473219,352,107,0.0511331869932219,320,75,"550"
"B105",0.108787711220196,399,275,124,0.172878583061783,0.0392033297460425,448,324,0.121305709692587,409,285,"550"
"B108",0.083465669839744,302,202,100,0.179491810924972,0.0146175914734273,203,103,0.0651071969578745,230,130,"550"
"B109",0.174211671588629,625,350,275,0.135993987070578,0.0596206725381863,637,362,0.17938584633562,624,349,"550"
"B110",0.101871616832476,483,252,231,0.14843192377927,0.0270054003899407,482,251,0.128565740271261,526,295,"550"
"B111",0.0716600546617954,198,145,53,0.195671537984113,0.0190577723056414,200,147,0.063615800584035,175,122,"550"
"B115",0.0901812188310023,557,218,339,0.11035316722523,0.0222927909592865,533,194,0.0828672818729752,535,196,"550"
"B119",0.0810110388822456,460,193,267,0.137988642722163,0.0264037293646702,512,245,0.0795068459528363,450,183,"550"
"B120",0.211847878677048,391,363,28,0.211460619090548,0.0513142685509135,382,354,0.241544839255276,391,363,"550"
"B121",0.0936924814883604,444,230,214,0.153098220560255,0.0273708296463361,468,254,0.108780897944632,478,264,"550"
"B14A",0.140620088467628,609,325,284,0.131484362668327,0.0368738093249182,600,316,0.122323421250412,573,289,"550"
"B164",0.0518142119339946,139,73,66,0.189889779273389,0.0106769317081489,111,45,0.0493772733025514,134,68,"550"
"B2",0.0807753273579917,505,191,314,0.121815423571191,0.0248634893550134,538,224,0.0974811713915962,552,238,"550"
"B37",0.0768131023983876,407,171,236,0.146754922346381,0.0195033666466803,393,157,0.067704337002273,374,138,"550"
"B47",0.0203897599962585,279,11,268,0.13774995740044,0.00538447083531549,279,11,0.0258889238906729,287,19,"550"
"B57",0.0385192679572017,338,33,305,0.123876252659143,0.0123136482614411,373,68,0.0388094213745352,338,33,"550"
"B66",0.150851774684791,493,334,159,0.166555004930741,0.0412591503240441,495,336,0.182326933298191,510,351,"550"
"B68",0.15638855091696,637,340,297,0.128028851620093,0.0417613621864339,635,338,0.137256965011597,608,311,"550"
"B73",0.152370440938596,400,337,63,0.191340827892678,0.0477433263326338,407,344,0.15113063905366,390,327,"550"
"B75",0.0918948836778851,575,225,350,0.102189006579848,0.0237886027168261,559,209,0.0855902929394176,555,205,"550"
"B76",0.0680220361693238,214,133,81,0.185130569408033,0.0117958835585512,139,58,0.0594268147167489,188,107,"550"
"B77",0.103122193507386,554,258,296,0.128170308756552,0.0263314855239571,539,243,0.11851250712436,573,277,"550"
"B79",0.11612511572385,621,289,332,0.113105008796497,0.028505141843914,595,263,0.11170763429908,599,267,"550"
"B87",0.102121541929513,362,256,106,0.177493095532404,0.0333392349039513,400,294,0.100269763007651,351,245,"550"
"B88",0.0468173627758439,367,57,310,0.122981228132114,0.0158857559099328,429,119,0.0476552279394468,370,60,"550"
"B91",0.0790352359494455,223,182,41,0.202391531969406,0.019921637101523,204,163,0.0848601810076267,242,201,"550"
"B97",0.0449893608443804,377,52,325,0.116175261683659,0.00824681081839087,355,30,0.0403068790293806,361,36,"550"
"BEI 10 = NORTH 10",0.0991472974736908,522,242,280,0.133385099268358,0.0311859769820504,559,279,0.0991588737083112,523,243,"550"
"BO9",0.105760278669699,337,264,73,0.186752283763066,0.0251315539971566,304,231,0.0986756146085508,314,241,"550"
"CA-4",0.109753832847841,557,279,278,0.134954756015285,0.0309930851748314,555,277,0.145508245566967,599,321,"550"
"CG102",0.136193307085944,524,319,205,0.155601045576547,0.0408479687266973,537,332,0.129657740610706,502,297,"550"
"CH701-30",0.0554516782065412,241,88,153,0.168040478810727,0.0108803795291247,202,49,0.0529743274421201,236,83,"550"
"CH711-10",0.0533302594931374,341,80,261,0.140268154728072,0.0133945132540645,344,83,0.0486519351978817,325,64,"550"
"CH753-4",0.203418557462374,527,359,168,0.165023176044614,0.0491112023318757,515,347,0.198792700482789,523,355,"550"
"CH9",0.15137727352318,496,335,161,0.166437894670689,0.0401513251197427,489,328,0.190016361643474,513,352,"550"
"CI 40H",0.104367754679889,299,260,39,0.203314430649844,0.0337799166164688,339,300,0.10246303150203,288,249,"550"
"CM105",0.0442741045364172,61,47,14,0.221130520048309,0.00827110149058352,45,31,0.0419665549711555,59,45,"550"
"CQ702RC",0.0643072225758776,270,120,150,0.168191642788675,0.0187488088721695,293,143,0.0627981373374162,266,116,"550"
"CR 22 INBRED",0.127212358466492,311,309,2,0.242981525699896,0.0321057582982957,288,286,0.161815669507845,337,335,"550"
"DE2",0.0792860822166198,410,184,226,0.150485061540791,0.0265775746703703,472,246,0.0795159380652728,410,184,"550"
"DE3",0.0721264830069258,512,146,366,0.0547741130148702,0.0151943489324707,478,112,0.0673223128054093,503,137,"550"
"DE4",0.0668457492584484,171,129,42,0.202152368898951,0.0122475853961988,108,66,0.0620873753503327,156,114,"550"
"DE811",0.05203986213267,211,74,137,0.170317846095367,0.0155432292944049,252,115,0.0535251662629355,221,84,"550"
"DJ7",0.0842385873049748,362,205,157,0.166726479432955,0.0243408224139876,374,217,0.0783201797915385,338,181,"550"
"DK3IIH6",0.0766554801832763,253,170,83,0.184658116622719,0.019786847589345,245,162,0.0860128676841774,289,206,"550"
"DK4676A",0.130635642590053,453,313,140,0.169517371524531,0.0398113509515287,466,326,0.138783771184454,453,313,"550"
"DK78002A",0.212039073193063,381,364,17,0.217364745753029,0.0553458732016658,376,359,0.266006869013464,381,364,"550"
"DK78010",0.0359226314955507,116,28,88,0.183536865722236,0.00660183255474978,108,20,0.0321406076941374,115,27,"550"
"DK78371A",0.0528376915361498,270,79,191,0.158460595784177,0.0143594995721744,288,97,0.0679526048332489,331,140,"550"
"DKFAPW",0.104456267294258,283,261,22,0.214835921526189,0.0334170481429494,317,295,0.104698587153916,278,256,"550"
"DKFBHJ",0.059175557700896,184,105,79,0.185469668102015,0.0136382272724132,168,89,0.0592588213036186,184,105,"550"
"DKMBNA",0.0443529670973148,113,49,64,0.190528273591922,0.0108705363521225,112,48,0.0407884902441499,104,40,"550"
"DKPB80",0.0695154333373787,144,139,5,0.238952979575056,0.0170603958817937,132,127,0.0864384788362341,214,209,"550"
"E8501",0.0818252740094997,368,197,171,0.164098624120971,0.0186431430927092,312,141,0.071665213588686,323,152,"550"
"EAST 028",0.0612516711471505,123,111,12,0.224904878996433,0.0133720701132765,94,82,0.0648149647248907,139,127,"550"
"Eng-Li Chih",0.11581276923035,301,288,13,0.222256851029962,0.0289719051664499,281,268,0.131809651923587,313,300,"550"
"F118",0.168221607228913,473,346,127,0.17212052297664,0.0402319162955104,457,330,0.204365284053216,483,356,"550"
"F2834T",0.0802972774216313,425,187,238,0.146700592424318,0.0285595418010338,502,264,0.0876521497818786,453,215,"550"
"FBLA",0.204539174746453,388,361,27,0.212720994901925,0.050077204597676,379,352,0.218490443429406,385,358,"550"
"FR19",0.0663891953558233,473,128,345,0.107399951487823,0.0135775481619188,433,88,0.064355353640973,470,125,"550"
"H105W",0.0595199784230689,384,107,277,0.135512454804993,0.020344046472581,447,170,0.0640161820399194,400,123,"550"
"H110",0.0834593697089627,368,201,167,0.16512406157856,0.0197126047781752,327,160,0.0776628237989987,344,177,"550"
"H113",0.0759217673227447,385,167,218,0.152298167310079,0.0170201105579951,344,126,0.0772037315543705,393,175,"550"
"H121",0.119705979553688,522,299,223,0.15070319530668,0.0364097972005251,535,312,0.139526027416126,537,314,"550"
"H122w",0.0674485815257381,430,132,298,0.12711951811521,0.0233547168764023,504,206,0.0706291914491201,444,146,"550"
"H5",0.0868828818392703,290,212,78,0.185594791825031,0.0190466911235319,224,146,0.0798587859636953,264,186,"550"
"H71",0.1504000413936,583,333,250,0.143356559341176,0.0367093939460132,564,314,0.141036105083166,567,317,"550"
"H84",0.0884672208768418,517,215,302,0.12547534799804,0.0246905442742077,524,222,0.121841377020756,589,287,"550"
"H91",0.0907356456852598,376,220,156,0.167253768667504,0.0239018861121526,367,211,0.0863215077389887,363,207,"550"
"H95",0.0957849125072857,536,236,300,0.126141379246129,0.0282346674479927,559,259,0.0872359948935302,512,212,"550"
"H96",0.107354805978496,568,269,299,0.12703520642296,0.0260462105477355,541,242,0.131082478698008,598,299,"550"
"H99",0.0654924506753892,358,124,234,0.146784784976388,0.0212587121873388,417,183,0.0680204939154209,375,141,"550"
"HP301",0.0492251962376657,389,63,326,0.115823349012135,0.0095503477220146,365,39,0.0480770309416394,388,62,"550"
"HUOBAI",0.0515809720927503,402,72,330,0.11435740269044,0.0168064902582485,455,125,0.0506199834338879,402,72,"550"
"Hy",0.0641032268391057,483,119,364,0.0861443398471063,0.0204961291003067,537,173,0.0671502592418887,499,135,"550"
"I29",0.207652477900477,388,362,26,0.212903411889231,0.0521119096820404,381,355,0.240618056272714,388,362,"550"
"Ia 453",0.13419059634717,335,316,19,0.216959697883434,0.0331075619186488,311,292,0.16802835682574,360,341,"550"
"IA2132",0.0876163207860492,289,213,76,0.185802970722478,0.0280595146884467,333,257,0.0873825615878557,290,214,"550"
"IBB15",0.0443043319462521,137,48,89,0.182168071756767,0.0138251308728387,183,94,0.0473665281135462,148,59,"550"
"IBC2",0.0674335713863283,317,131,186,0.160162994456439,0.021549670864204,373,187,0.0701517730426637,331,145,"550"
"ICI 193",0.0435799856193962,268,43,225,0.15061081190303,0.0126841681411472,296,71,0.0572185417430008,323,98,"550"
"ICI 740",0.108540629661238,404,274,130,0.171818386222626,0.0260033185768603,371,241,0.0965812002968764,367,237,"550"
"ICI 893",0.0551310902857008,415,86,329,0.11512867827079,0.0101427272546139,371,42,0.051463474293942,407,78,"550"
"ICI 986",0.124836700392891,517,305,212,0.154225121222223,0.0326620575020804,503,291,0.130266622801575,510,298,"550"
"IDS28",0.0779764941693799,364,179,185,0.160189475272836,0.0160510239444232,307,122,0.065735779013053,316,131,"550"
"IDS69",0.0565755701654751,456,96,360,0.0901359499919765,0.0096890343659668,400,40,0.0487455539762603,425,65,"550"
"IDS91",0.0278631227745337,377,21,356,0.0958409179915337,0.00513891534117872,366,10,0.0260819033831608,377,21,"550"
"INB 101LFY/LFY (A632 X M16 S5)",0.198372167825977,545,355,190,0.158643469788468,0.0497512595282581,539,349,0.176797855494513,537,347,"550"
"INBRED 141",0.0912850371030949,527,221,306,0.123586537195457,0.0315087315431864,588,282,0.0951476788725039,536,230,"550"
"INBRED 2-687",0.135089584172752,557,317,240,0.146400624770086,0.0340438080624408,542,302,0.167242794453153,580,340,"550"
"INBRED 305",0.100669233343797,605,246,359,0.0919699489680986,0.0170696461638428,487,128,0.0804775813553055,548,189,"550"
"INBRED 321",0.0829095811943061,541,200,341,0.10875177605581,0.0266400890478431,588,247,0.0819648228943532,535,194,"550"
"K150",0.0933162239484227,362,227,135,0.171275505927755,0.0270338157139619,387,252,0.0949123546271765,363,228,"550"
"K41",0.115079090940795,546,287,259,0.14044476383566,0.0321197969065789,546,287,0.136711293795528,568,309,"550"
"K47",0.0454062805509428,263,54,209,0.155045089827179,0.00924451214287713,245,36,0.0458321791461872,264,55,"550"
"KUNG-70",0.030271768497589,339,23,316,0.120962611662944,0.00602650203582013,331,15,0.0301029646468463,341,25,"550"
"L 127",0.13928169745506,533,323,210,0.154912291586848,0.0322218164915149,498,288,0.1597288112831,544,334,"550"
"L 139",0.0750702445592529,395,162,233,0.147027347178103,0.018600876353338,372,139,0.0941759096170742,455,222,"550"
"L 289",0.104939095106927,337,263,74,0.186561351935546,0.0288692592780584,341,267,0.0932262647538617,293,219,"550"
"LH1",0.0615415260167133,395,113,282,0.132833815076828,0.019744109985389,443,161,0.0610378338859172,395,113,"550"
"LH119",0.0506262262575525,74,68,6,0.238231974201152,0.0161728774109419,129,123,0.0514520700133238,83,77,"550"
"LH128",0.0411940601216765,154,38,116,0.174724141229946,0.0133148829224465,196,80,0.0404670603393098,154,38,"550"
"LH143 (Maintainer)",0.159501121064778,361,343,18,0.216992895387623,0.0395526669274983,343,325,0.144184168759185,338,320,"550"
"LH146Ht",0.173386778188508,353,349,4,0.241165235410749,0.0463569372355419,347,343,0.150646257616582,329,325,"550"
"LH149",0.0627941209275338,118,115,3,0.241428717101225,0.019098595701693,152,149,0.0593909377265357,109,106,"550"
"LH165",0.0451685839372302,346,53,293,0.128853848284158,0.0128416714932498,366,73,0.0435819506104795,341,48,"550"
"LH166",0.0644657128125922,263,122,141,0.169398868720673,0.0173942671122355,271,130,0.0824674903306639,336,195,"550"
"LH181",0.0945617938805573,537,233,304,0.124943891852899,0.024985365972157,532,228,0.119247703935214,583,279,"550"
"LH184",0.20451618967795,450,360,90,0.182045629985161,0.0507606506412068,443,353,0.231152545091802,451,361,"550"
"LH190",0.0933437714434588,447,228,219,0.15216716849629,0.0238213116352181,429,210,0.120866900050877,501,282,"550"
"LH192",0.0982670545573704,404,240,164,0.166147225363341,0.0318750637879617,448,284,0.0964201870357895,400,236,"550"
"LH194",0.0945061291970625,539,232,307,0.123525095747302,0.0231112520327412,512,205,0.101117578536914,554,247,"550"
"LH195",0.147230755447309,442,332,110,0.176841734644511,0.036269489113227,421,311,0.176331239576157,455,345,"550"
"LH197",0.142017240538365,375,329,46,0.1999750064998,0.0500389004738037,397,351,0.156138623159742,377,331,"550"
"LH198",0.0918669599007006,233,224,9,0.229642749950047,0.0313982859977359,290,281,0.094423035547729,234,225,"550"
"LH202",0.117482957629842,343,294,49,0.196845148322978,0.0302702044353153,321,272,0.11189612086903,317,268,"550"
"LH204",0.051222919745711,272,69,203,0.155942534192344,0.0147522696140698,307,104,0.0497230983900865,272,69,"550"
"LH205",0.0500416973800771,408,66,342,0.108203343372685,0.0119331609081725,405,63,0.0492344589577223,409,67,"550"
"LH206",0.183188274642966,377,352,25,0.213653759669706,0.0482885765345304,370,345,0.230671133087722,385,360,"550"
"LH208",0.0739663600660156,275,157,118,0.174136594078762,0.0118396611472239,178,60,0.0596093041162535,227,109,"550"
"LH209",0.117129849489868,322,293,29,0.210008511726477,0.0374113577378613,347,318,0.120005569629288,309,280,"550"
"LH214",0.0841229724390331,401,204,197,0.156586373152136,0.0242324420329259,413,216,0.094769634701618,424,227,"550"
"LH215",0.101670119822457,559,250,309,0.123025824456432,0.0249636639540403,535,226,0.124690504039332,600,291,"550"
"LH222",0.0681417400657159,172,134,38,0.20458875184939,0.0150863959293708,148,110,0.0625128874584708,153,115,"550"
"LH223",0.0399831786438092,65,35,30,0.208073058117818,0.0137581349055275,123,93,0.0414882160277325,71,41,"550"
"LH224",0.16423630999734,695,344,351,0.101073020699598,0.056041790025046,712,361,0.176432968124013,697,346,"550"
"LH295",0.0448013359539812,158,51,107,0.177400425930293,0.0111454992288447,159,52,0.0403162631294086,144,37,"550"
"LH60",0.0565593326138989,364,95,269,0.137719457863896,0.0190961717343955,417,148,0.057209141886659,366,97,"550"
"LH74",0.0760563818283865,244,169,75,0.186116810246923,0.0247879397411225,298,223,0.0746435776832523,242,167,"550"
"LH82",0.0454910194628303,158,55,103,0.178464719325022,0.0113521033772052,158,55,0.0561911172796972,196,93,"550"
"LH93",0.0814932424452278,528,195,333,0.112836657851004,0.0202261484905667,501,168,0.0751183781526781,502,169,"550"
"LIBC 4",0.0556287873554507,244,89,155,0.167525788467976,0.0131593325961809,234,79,0.0509274397752376,229,74,"550"
"LP1 NR HT",0.100754920345524,367,247,120,0.173572520264161,0.02752650844905,376,256,0.0954161804226299,351,231,"550"
"LP5",0.0860901174314788,217,209,8,0.231708614357916,0.0214336605201752,194,186,0.0852320976367048,212,204,"550"
"M14",0.0599094054048468,395,109,286,0.130740638262848,0.0179063490907288,419,133,0.063417454590295,404,118,"550"
"MBPM",0.0425194634296506,268,41,227,0.14942053782899,0.0134360082409707,311,84,0.0406649191510178,266,39,"550"
"MBWZ",0.0850106677498371,518,207,311,0.122610857501774,0.0226462717089527,509,198,0.105361180629282,568,257,"550"
"MM501D",0.0807161152508908,538,190,348,0.104211324097747,0.0250847151767483,578,230,0.103387856000586,601,253,"550"
"Mo17",0.0330733179670773,162,26,136,0.170946657563524,0.00725867122289283,160,24,0.0303919135820729,162,26,"550"
"Mo1W",0.070914949924692,406,144,262,0.139783449092062,0.0240375073288643,475,213,0.0720874600972773,415,153,"550"
"Mo46",0.0578972334726263,440,100,340,0.110022189412854,0.0127650721726334,412,72,0.0490750407408079,406,66,"550"
"Mo47",0.0795605355919663,281,185,96,0.180580824693486,0.0283262328201103,357,261,0.0869896034841999,306,210,"550"
"Mo5",0.0877200690386725,571,214,357,0.0957936925484759,0.0190194865854524,502,145,0.0764729347519342,531,174,"550"
"MQ305",0.0703246802235694,339,141,198,0.156578051177577,0.0222658688648559,390,192,0.0672222342112625,334,136,"550"
"MS116",0.0724188547764672,325,148,177,0.161560944688299,0.0259532852248619,417,240,0.0800258049038104,365,188,"550"
"MS132",0.0486027995183696,324,60,264,0.139251409695967,0.0134746325885807,349,85,0.0454928802734271,318,54,"550"
"MS200",0.0742938447923839,389,160,229,0.149032101721965,0.0148913354409477,335,106,0.0662351542381308,362,133,"550"
"MS211",0.0738678668273017,356,156,200,0.156326663074075,0.0137122039563858,291,91,0.0650728910815999,329,129,"550"
"MS221",0.0281326341430014,78,22,56,0.195183480649878,0.00512936665885904,65,9,0.02594143898434,76,20,"550"
"MS224",0.0934135451241432,402,229,173,0.163854149892392,0.0186343629144893,313,140,0.0850305002995355,376,203,"550"
"MS225",0.0783611124678081,385,181,204,0.155903364807693,0.0230312881218779,406,202,0.0780203359249186,383,179,"550"
"MS226",0.0783343639276778,529,180,349,0.103611312185607,0.0240710097657682,563,214,0.0742854470766402,513,164,"550"
"MS24A",0.0493311264419684,337,64,273,0.136323253346724,0.0122759699777768,340,67,0.0445729549448934,324,51,"550"
"MS67",0.0597638862872262,463,108,355,0.09593794321481,0.0208777172531394,535,180,0.0634217002828008,474,119,"550"
"MS71",0.141699809158677,432,328,104,0.178041030290766,0.0342254243521661,408,304,0.141424220455334,422,318,"550"
"MS72",0.056902066086848,319,97,222,0.150888736559446,0.0105033770240421,265,43,0.0508206160430897,295,73,"550"
"N192",0.0624003567393315,158,114,44,0.20059399470242,0.0118090422836323,103,59,0.059028365777737,147,103,"550"
"N193",0.0422384272025597,84,39,45,0.200172002856674,0.00943162136656249,83,38,0.0452502930131787,98,53,"550"
"N200",0.0758646410613111,528,165,363,0.0864237559086681,0.0155024529514383,477,114,0.0755207670541137,535,172,"550"
"N201",0.0558747091990251,125,91,34,0.206118402763213,0.0136438976024894,124,90,0.0526599941558665,116,82,"550"
"N209",0.105855124818201,627,265,362,0.0879270720189637,0.0196364690415872,521,159,0.0944003259783978,586,224,"550"
"N211",0.0644473727940525,255,121,134,0.171338117304552,0.0144318141264995,234,100,0.0589106445110219,236,102,"550"
"N217",0.13389042033427,465,314,151,0.168169954814131,0.0453173114328442,493,342,0.135848972775923,458,307,"550"
"N218",0.100912723403039,602,249,353,0.100549031345895,0.0323469811398478,642,289,0.108033177511727,614,261,"550"
"N28Ht",0.100779963121115,595,248,347,0.104436877059056,0.0256703060650261,583,236,0.088854914134336,564,217,"550"
"N501",0.0251372575673971,346,18,328,0.115205226414625,0.00809673576702883,356,28,0.0247632848950064,345,17,"550"
"N523",0.107370858153437,271,270,1,0.251760920664448,0.0211121088153741,183,182,0.0955260257186324,233,232,"550"
"N527",0.176015802601497,371,351,20,0.216391189102274,0.0543359192580415,378,358,0.175117715001673,364,344,"550"
"N534",0.0650574503712415,270,123,147,0.168679901043697,0.0118414569875358,208,61,0.0586448810473825,246,99,"550"
"N542",0.109585487638455,616,278,338,0.111423027693142,0.0212658250647113,522,184,0.100889578571076,584,246,"550"
"N6",0.0525778319561579,390,78,312,0.12231856797733,0.00969483741181071,353,41,0.0472911353194344,370,58,"550"
"NC250",0.0898249652309173,448,216,232,0.147412799558018,0.0207991424049949,411,179,0.10565750585106,490,258,"550"
"NC262",0.0905850718474934,577,219,358,0.093350654555007,0.0194200173149815,513,155,0.0818138993971115,551,193,"550"
"NC294",0.0560678405003524,272,93,179,0.16118652101164,0.0150332190869394,288,109,0.0708789694529958,327,148,"550"
"NC310",0.0708261717029647,158,143,15,0.221104920104555,0.0246548785475897,236,221,0.0762187948776203,188,173,"550"
"NC326",0.0819546932539193,414,198,216,0.152609782170455,0.026850925144869,466,250,0.0805859537393903,406,190,"550"
"NC328",0.076959178569137,443,173,270,0.137339554511943,0.02069850991105,447,177,0.0932570951200199,490,220,"550"
"NC342",0.0217760734232107,309,14,295,0.1282625136807,0.00587716861866073,309,14,0.021466694830492,306,11,"550"
"NC412",0.129672686081327,549,312,237,0.14671148224712,0.0312380568379058,517,280,0.15859409472477,569,332,"550"
"ND259",0.0105039427770723,339,3,336,0.11170908229782,0.00317014833781884,341,5,0.0119177958903717,339,3,"550"
"ND265",0.0587986620420041,205,103,102,0.178875038146932,0.0179131215346012,236,134,0.0557297085133758,193,91,"550"
"NK740",0.164687836801949,634,345,289,0.130654235144912,0.0557594035041869,649,360,0.167166415959911,628,339,"550"
"NK778",0.0772549495629409,417,175,242,0.145587880013474,0.0200761205272196,407,165,0.0987458466801007,484,242,"550"
"NK807",0.0845901254608052,457,206,251,0.143281090245129,0.027384868877034,506,255,0.0830396071273283,448,197,"550"
"NKS8326",0.138676560812942,653,322,331,0.113953475711337,0.0337685516619095,630,299,0.135953902317414,639,308,"550"
"NORTH 7",0.18893583416053,533,353,180,0.161030540650842,0.0641359507011628,545,365,0.19242463508213,533,353,"550"
"NQ508",0.107225971521007,400,268,132,0.17153453202906,0.0201134883035466,299,167,0.0993685204887371,376,244,"550"
"NS501",0.0730311386174126,410,154,256,0.140979144278294,0.0249323857003621,481,225,0.0749469000700053,424,168,"550"
"NS701",0.100376974250366,527,244,283,0.131865754393066,0.0320608251194761,568,285,0.103042459641236,533,250,"550"
"NY6371",0.125702379922589,514,307,207,0.155292614838032,0.0370815513620582,524,317,0.134645192768704,511,304,"550"
"Ny821",0.0439474387735241,138,46,92,0.181746423377806,0.0120721949957029,156,64,0.0562827682238901,187,95,"550"
"OH33",0.0760248486819557,352,168,184,0.160388198106676,0.0181435453894352,320,136,0.0743776007580088,350,166,"550"
"Oh40B",0.151484190996088,560,336,224,0.15062872777011,0.0487689809727015,570,346,0.151940288463286,552,328,"550"
"Oh43",0.202809299455146,389,357,32,0.206609037173165,0.0498990911043525,382,350,0.207252438678867,389,357,"550"
"Oh7",0.0750773928036488,515,163,352,0.100881437957877,0.0153269005277627,465,113,0.0738522794525096,512,160,"550"
"OQ403",0.135874495901917,427,318,109,0.176977978731655,0.0336221039659444,406,297,0.170431141801467,451,342,"550"
"OQ603",0.0362303802106044,52,29,23,0.214511969023841,0.00680065138113686,44,21,0.0344857564483235,52,29,"550"
"Os420",0.0476843098380972,117,59,58,0.192698887136272,0.0144155614028816,157,99,0.048164835184731,121,63,"550"
"OS602",0.0547442043043824,364,83,281,0.132927507240345,0.0129416968186715,357,76,0.064064997177295,405,124,"550"
"Pa392",0.0816521684980418,335,196,139,0.169854084039886,0.0176987970760819,271,132,0.0888275781810057,355,216,"550"
"Pa405",0.0497608055092615,286,65,221,0.15115172974583,0.00925353524935358,258,37,0.044349662927582,271,50,"550"
"Pa875",0.102954167114234,383,257,126,0.17233396355619,0.0267267081661938,375,249,0.102118136489585,374,248,"550"
"Pa880",0.0436943341578763,103,44,59,0.192209276791069,0.00904653500564486,93,34,0.0391613346779393,93,34,"550"
"Pa91",0.0586767671357054,367,102,265,0.139226271759584,0.0188341509713197,409,144,0.063382729750519,382,117,"550"
"PH207",0.0635594486059292,211,118,93,0.181258678398327,0.0192261588358226,245,152,0.0602146810351244,203,110,"550"
"PHB09",0.108286115016626,334,273,61,0.191678742366472,0.0267144075917521,309,248,0.134587665378681,364,303,"550"
"PHB47",0.0177885120887144,86,6,80,0.185214890634048,0.00373125132012737,86,6,0.0166510581821743,86,6,"550"
"PHBA6",0.0670416563501584,178,130,48,0.198097848075886,0.0128777214434818,122,74,0.0649981143356859,176,128,"550"
"PHBB3",0.114853531300271,452,286,166,0.16541689134944,0.0223862164087699,361,195,0.112461332513253,435,269,"550"
"PHEG9",0.123973382145224,364,302,62,0.191598187456062,0.0339245615313256,363,301,0.159545902686145,395,333,"550"
"PHG29",0.0747863751786682,479,161,318,0.119954532965134,0.0206568623842682,494,176,0.0955606847333235,551,233,"550"
"PHG47",0.0628806676053649,395,116,279,0.133798802537343,0.014497892980018,380,101,0.054818324344401,368,89,"550"
"PHG71",0.0409590600114612,80,37,43,0.201582911071816,0.0138995481818255,138,95,0.0416982996091168,87,44,"550"
"PHG80",0.0438253827842724,191,45,146,0.168725111987444,0.0121690769414361,211,65,0.0442282685713072,195,49,"550"
"PHG83",0.0990892029703749,262,241,21,0.215685965950353,0.0222822103135012,214,193,0.0843378013371954,221,200,"550"
"PHG86",0.201832296334598,531,356,175,0.162703651228168,0.0614477634229131,538,363,0.195453071659472,529,354,"550"
"PHH93",0.118302470311339,590,296,294,0.12836040445929,0.0385694163543658,615,321,0.115693426556084,567,273,"550"
"PHHH9",0.110986595163548,464,282,182,0.160885104328066,0.0387389241703944,504,322,0.117627331689676,457,275,"550"
"PHHV4",0.101711270010353,400,251,149,0.168452423408316,0.0241581782558613,364,215,0.0938332060674219,370,221,"550"
"PHJ70",0.0967705416905151,603,238,365,0.0799579415425676,0.0258685316625299,604,239,0.0840682746516762,564,199,"550"
"PHJ89",0.0683461593708272,234,135,99,0.180152351935548,0.0173515431966873,228,129,0.0605170304539511,211,112,"550"
"PHJ90",0.0525714107503261,285,77,208,0.15518405132516,0.013338281731493,289,81,0.0539643750975054,293,85,"550"
"PHJR5",0.136640406719252,374,320,54,0.195600329280161,0.0353012555960758,361,307,0.146849523260538,377,323,"550"
"PHK35",0.0860936813897755,250,210,40,0.203080891988409,0.0243965754804231,258,218,0.0849176999198094,242,202,"550"
"PHK42",0.0813716837620365,389,194,195,0.15726773047964,0.0175460315407088,326,131,0.0751375725312695,365,170,"550"
"PHK56",0.0956761786670037,579,235,344,0.107570061872383,0.0245302070451774,563,219,0.0873168257515286,557,213,"550"
"PHK74",0.0594846096168671,188,106,82,0.184743628960951,0.018363132676437,219,137,0.0635204511676182,202,120,"550"
"PHKE6",0.0803616600492161,305,188,117,0.174579541129041,0.022444180192168,313,196,0.0742471622717003,280,163,"550"
"PHM10",0.0145927697228756,320,5,315,0.121320486945838,0.00306477358890985,319,4,0.0136477940781358,320,5,"550"
"PHN11",0.0180541372296728,209,7,202,0.156118464343911,0.00651853198632179,221,19,0.0201948347732483,212,10,"550"
"PHN29",0.10188898114429,570,253,317,0.120231649644496,0.0251362175474199,550,233,0.105847817049935,576,259,"550"
"PHN66",0.0803650953039302,301,189,112,0.176401775860783,0.0251641624381532,346,234,0.0775304126653737,288,176,"550"
"PHN82",0.0925490015280978,513,226,287,0.13070361316047,0.0315118041694218,570,283,0.0946359780330685,513,226,"550"
"PHP02",0.0727371082539467,347,151,196,0.15694870417248,0.0236193104198896,403,207,0.0713626141191065,347,151,"550"
"PHP55",0.125524398862609,404,306,98,0.180394438165804,0.0358401676644552,407,309,0.119160353794482,376,278,"550"
"PHP76",0.103889785139414,403,259,144,0.169056495437936,0.0249756513025712,371,227,0.0915646623826111,362,218,"550"
"PHP85",0.0724527551891217,470,149,321,0.118932757266282,0.0157623268879726,439,118,0.0795586285133582,506,185,"550"
"PHPR5",0.0379503955901492,237,31,206,0.155449610982635,0.0112461462849425,260,54,0.0363002857386533,236,30,"550"
"PHR03",0.0381640992547406,290,32,258,0.140449077113317,0.0123415288029987,327,69,0.0374813523768776,290,32,"550"
"PHR30",0.0900883993646076,348,217,131,0.171757897324741,0.021794862923483,320,189,0.109953564309998,397,266,"550"
"PHR31",0.0210654757449022,114,13,101,0.17891079684338,0.00742282633373311,127,26,0.0226566432032373,114,13,"550"
"PHR36",0.0523405471547544,361,76,285,0.130986377685571,0.011890557582741,347,62,0.0476566416680581,346,61,"550"
"PHR47",0.068464171554074,364,136,228,0.149330750723797,0.0160223831053212,349,121,0.0739307886204954,389,161,"550"
"PHR63",0.0741243536656136,346,158,188,0.159342468761593,0.0192393140998376,341,153,0.0737616643914885,347,159,"550"
"PHT10",0.114561759104714,472,285,187,0.159700969812315,0.0305991331676713,462,275,0.118396435710385,463,276,"550"
"PHT47",0.0938708310109976,483,231,252,0.143016662331599,0.023022136438393,453,201,0.0863349308425695,460,208,"550"
"PHT55",0.117528116105954,608,295,313,0.121850333444752,0.0376713425853663,633,320,0.121087032129608,597,284,"550"
"PHTM9",0.13418648027135,400,315,85,0.184088513711782,0.03573840336584,393,308,0.121884172713087,373,288,"550"
"PHV37",0.0276814425152771,148,20,128,0.172090919454071,0.00811882013945375,157,29,0.0285251108778709,150,22,"550"
"PHV57",0.0741565628914464,376,159,217,0.152401398828702,0.0239544710058908,429,212,0.0728736786426342,371,154,"550"
"PHV63",0.0444764808905808,341,50,291,0.129569096606088,0.0137297926186007,383,92,0.0541700111208608,377,86,"550"
"PHVA9",0.0269334162317,144,19,125,0.172600549486873,0.00500344681460468,133,8,0.0240102660394489,141,16,"550"
"PHVJ4",0.127266407303623,432,310,122,0.173039077044801,0.0411280404625908,457,335,0.125032817617717,414,292,"550"
"PHW03",0.0552386217265232,164,87,77,0.18562612141837,0.0158916620576838,197,120,0.056309878238194,173,96,"550"
"PHW17",0.0487134567296639,242,61,181,0.160972736125443,0.0164457605689025,305,124,0.051942008110836,260,79,"550"
"PHW20",0.100229665648347,551,243,308,0.123441378601464,0.0343114931709158,613,305,0.103247411740221,559,251,"550"
"PHW30",0.106796986935943,538,266,272,0.13638276575982,0.0281553770500156,530,258,0.134763882935748,577,305,"550"
"PHW43",0.083854428556551,404,203,201,0.156150814172037,0.0228822889693149,401,200,0.107966104360487,461,260,"550"
"PHW52",0.0134173331468916,146,4,142,0.169344604463962,0.00274014981801251,145,3,0.0132971964836471,146,4,"550"
"PHW53",0.0860009550006418,543,208,335,0.111947017047186,0.0213619632872774,520,185,0.0778848221682541,513,178,"550"
"PHW80",0.0373477406525292,241,30,211,0.154423994044533,0.00872298963960961,243,32,0.0433601303596956,258,47,"550"
"PHWG5",0.0541580460451018,233,81,152,0.168095763353401,0.0112097533352002,205,53,0.0513065504364055,228,76,"550"
"PHZ51",0.082680104552262,310,199,111,0.176487513262456,0.0204099899393705,283,172,0.0782671267553575,291,180,"550"
"Q381",0.106814451022439,415,267,148,0.168470915611816,0.0284676502994736,410,262,0.129413827026011,444,296,"550"
"R168",0.0914286020165988,411,222,189,0.159168337562611,0.0250506760204018,418,229,0.117267169163365,463,274,"550"
"R177",0.0632871319554305,451,117,334,0.112283189058389,0.0200520439428533,498,164,0.0647356215073216,460,126,"550"
"R181B",0.190098183863221,401,354,47,0.198201122709987,0.0494382154073553,395,348,0.23025593902341,406,359,"550"
"R226",0.0521974003114261,249,75,174,0.163429417845382,0.0111400655386306,225,51,0.0505901086590448,245,71,"550"
"R229",0.020676808707206,195,12,183,0.16048490387347,0.00433382109845126,190,7,0.0193650809067663,190,7,"550"
"R71",0.124535264127253,372,304,68,0.189547201169171,0.0205259798136744,243,175,0.104198437009621,322,254,"550"
"R78",0.118797311738904,497,298,199,0.156433658573807,0.029926309682163,469,270,0.148333620345148,523,324,"550"
"SD101",0.248761310652791,389,365,24,0.213930500380474,0.0628659189929444,388,364,0.293270775924285,389,365,"550"
"SD102",0.0244147914617029,111,17,94,0.181175725667299,0.00780153451104725,121,27,0.0253635088793276,112,18,"550"
"SD107",0.122993927907361,520,300,220,0.151169819315395,0.0310955023182336,498,278,0.133130604151361,521,301,"550"
"SD40",0.102101477722638,342,255,87,0.183562931273246,0.0258426645952919,325,238,0.0951210308437824,316,229,"550"
"SD44",0.116966725763859,342,291,51,0.195877652702324,0.0335821124901033,347,296,0.151104378703305,377,326,"550"
"SG 30A",0.0197618588598676,332,8,324,0.117428020125406,0.00647335065615707,342,18,0.0194299652205471,332,8,"550"
"T242",0.0504959053334305,190,67,123,0.172992482997887,0.00920865488578852,158,35,0.046578870279247,180,57,"550"
"Tr",0.0722607424786332,262,147,115,0.175184197619208,0.0230803651616527,319,204,0.0741738933131602,277,162,"550"
"TZU-CHIAO-HSI-WU 105",0.0589197616479542,280,104,176,0.162312620825981,0.0105486475476656,220,44,0.0461702713334439,232,56,"550"
"Va26",0.0727666112954101,453,152,301,0.12551966066988,0.0237197577389185,509,208,0.0710907655436658,450,149,"550"
"Va35",0.0692327060657917,306,137,169,0.164794581550752,0.020496189629735,343,174,0.0678605618004979,308,139,"550"
"Va52",0.0725821075523082,160,150,10,0.228083546638686,0.0186930434936001,152,142,0.0942861591414863,233,223,"550"
"Va99",0.0918255231883726,278,223,55,0.195365970308685,0.0252554021794225,290,235,0.096312570822632,290,235,"550"
"W182E",0.113595119725671,522,283,239,0.14646654382506,0.0288295978623283,505,266,0.108805573212043,504,265,"550"
"W22",0.0488644152397575,310,62,248,0.143745620356143,0.0143806088313549,346,98,0.0592015507690289,352,104,"550"
"W23",0.0951141052976912,291,234,57,0.193631973976523,0.0203897068571798,228,171,0.0831300944386086,255,198,"550"
"W24",0.11868458896427,510,297,213,0.153201951109734,0.0368168742164465,528,315,0.146357411778794,535,322,"550"
"W32",0.0572503841645599,333,98,235,0.146776356518308,0.0185172615105928,373,138,0.0562211356488256,329,94,"550"
"W37A",0.0463931592151264,346,56,290,0.130062140847417,0.013061385196626,368,78,0.0431182820065111,336,46,"550"
"W552",0.034237159421967,347,27,320,0.119311282319383,0.00569840166972185,333,13,0.028672440141161,343,23,"550"
"W603S",0.0663488604412102,403,127,276,0.135829312340626,0.0125419987727702,346,70,0.063526874048408,397,121,"550"
"W604S",0.124031905427026,547,303,244,0.144383000638193,0.0323739393566217,534,290,0.120683635166621,525,281,"550"
"W605S",0.073479344154102,224,155,69,0.189175345644229,0.0145769785104694,171,102,0.059575761789824,177,108,"550"
"W607S",0.110203693863147,627,281,346,0.106716226604251,0.0304892765413039,619,273,0.09807028720162,585,239,"550"
"W610S",0.0557005824833583,412,90,322,0.11867325083338,0.0148532460336846,427,105,0.0523724859974326,403,81,"550"
"W611S",0.0662178955716183,367,126,241,0.145715836856002,0.0221137231143852,431,190,0.0661370686144623,373,132,"550"
"W612S",0.0790390605008782,486,183,303,0.125205067544063,0.0196162553534415,461,158,0.073654878697379,461,158,"550"
"W614S",0.0768211714553617,291,172,119,0.173690943623303,0.0193771924344873,273,154,0.0809870890201656,310,191,"550"
"W64A",0.060067380336109,270,110,160,0.166479904185612,0.0115541482021141,216,56,0.0523468337614664,240,80,"550"
"W701BC",0.108250774944238,464,272,192,0.158199422911768,0.027227252165642,445,253,0.0960816996956193,426,234,"550"
"W803G",0.0407902095057396,355,36,319,0.119706133087398,0.0130297003474785,396,77,0.0415353117918011,361,42,"550"
"W809G",0.108038328751969,409,271,138,0.169872596447632,0.029686688214762,407,269,0.13860698703411,450,312,"550"
"W810G",0.0547832270307096,170,84,86,0.183884457015892,0.0135031151139373,173,87,0.0543776346438951,174,88,"550"
"W811G",0.061384959656811,386,112,274,0.136065285903851,0.0156226690459663,391,117,0.0588691214705457,374,100,"550"
"W813G",0.0801222956847129,319,186,133,0.171480514873208,0.0150974799950536,244,111,0.0712631105185644,283,150,"550"
"W8304",0.102039824828435,319,254,65,0.190170244274166,0.0305008501503063,339,274,0.108542786770452,328,263,"550"
"W9",0.0778028482471066,393,178,215,0.152794474256915,0.0207944603649521,393,178,0.0753537799885088,386,171,"550"
"WIL900",0.0198856490559556,346,9,337,0.111545424486666,0.00646629790685696,354,17,0.0195100348187526,346,9,"550"
"WU-TAN-TZAO",0.108910365288989,619,276,343,0.108104590611957,0.0287512187427535,608,265,0.13711575840162,653,310,"550"
"YE 4",0.0982507796411654,593,239,354,0.0971061671220175,0.0209445747682807,535,181,0.0985797025446044,594,240,"550"
"YING-55",0.314087931717321,377,366,11,0.225456835829868,0.0731739936091008,377,366,0.325616362377852,377,366,"550"
"Yu796 NS",0.058603085121815,264,101,163,0.166235171956778,0.0191001390218696,313,150,0.0604823228723104,274,111,"550"
"ZS365",0.128023313450921,557,311,246,0.143795374886331,0.0416099867161215,583,337,0.125602610356492,539,293,"550"
"ZS635",0.0240062276357274,129,16,113,0.176150176276338,0.00697142417409486,135,22,0.0233971630537432,127,14,"550"
"1538",0.0489382669035973,274,44,230,0.173311936359428,0.0110274778079086,274,44,0.0443349862238948,272,42,"600"
"29MIBZ2",0.136975818327957,348,299,49,0.230773659039898,0.0432645645481778,377,328,0.147512915073737,355,306,"600"
"2FACC",0.108631705891936,311,231,80,0.214847174516777,0.0255806533869999,287,207,0.0978096852604101,280,200,"600"
"2MA22",0.0352431374294448,342,23,319,0.139719794249327,0.0060924868798007,329,10,0.0303768273712222,336,17,"600"
"3IJI1",0.118822244100068,543,259,284,0.154039401484846,0.0331863551936339,560,276,0.114844042000512,534,250,"600"
"4226",0.105516294622634,367,220,147,0.196481415738851,0.0228598422986013,324,177,0.114344137307806,396,249,"600"
"4N506",0.155491163025079,509,320,189,0.184992558098598,0.0458383766066725,524,335,0.174794815056368,525,336,"600"
"6M502",0.16037944779004,357,323,34,0.236502417034673,0.0414394759214808,352,318,0.148666047782803,342,308,"600"
"6M502A",0.187911091854277,496,344,152,0.195330691088092,0.0454172506195909,486,334,0.178519460241784,490,338,"600"
"764",0.107752858367654,401,226,175,0.19002364546933,0.0264590900684933,397,222,0.119597931668744,437,262,"600"
"78010",0.0973109829503709,372,195,177,0.188521518724287,0.0293303374015524,427,250,0.10489966851949,399,222,"600"
"793",0.0649894952048611,332,95,237,0.170110163890569,0.0209125380509167,388,151,0.0702977792260039,351,114,"600"
"87916W",0.143999640946465,374,304,70,0.219150914461829,0.043034488646421,397,327,0.146074791664183,372,302,"600"
"911",0.0527026113056487,192,55,137,0.197792885991713,0.0091225609868611,163,26,0.0455134323723015,181,44,"600"
"912",0.0566369208938019,321,66,255,0.164609444455752,0.0188420122379651,387,132,0.063465026882159,350,95,"600"
"91IFC2",0.0316369400042251,79,17,62,0.223430012418536,0.0071616354676991,82,20,0.028707575253505,76,14,"600"
"A",0.131767343581155,524,289,235,0.170673114507118,0.0302249676993816,490,255,0.116981303046309,492,257,"600"
"A208",0.0557999603460622,335,62,273,0.159291659793451,0.0156559585202,368,95,0.0584756992614418,351,78,"600"
"A239",0.0659336071256539,166,97,69,0.219913922873884,0.0108048501490183,111,42,0.0490751105115995,121,52,"600"
"A272",0.0904656977158674,500,178,322,0.139173805348533,0.0259250724189975,532,210,0.0932990838166024,506,184,"600"
"A305",0.063441025412309,281,89,192,0.183950043124038,0.0180040736279638,312,120,0.0722532089828304,314,122,"600"
"A322",0.0528845743962934,135,57,78,0.215246413946764,0.0166816435296353,187,109,0.0598287059589081,160,82,"600"
"A334",0.00338927471508172,109,2,107,0.205295016335014,0.00067650812790624,108,1,0.00293578283594898,108,1,"600"
"A340",0.130481574989116,350,286,64,0.222857513264052,0.0448461700211082,397,333,0.152752112460828,377,313,"600"
"A374",0.187322515669563,350,343,7,0.266564677456045,0.0446123220212746,338,331,0.174383597587509,342,335,"600"
"A385",0.075256705746988,377,128,249,0.166883855821608,0.0249691133273801,451,202,0.0840477443715636,406,157,"600"
"A401",0.0769522946852773,395,132,263,0.162590137825436,0.0149004411233011,349,86,0.0689891241310467,374,111,"600"
"A427",0.0478009562066203,80,43,37,0.23573909552917,0.0139278367977363,113,76,0.0580530124073775,114,77,"600"
"A548",0.133658087078824,379,294,85,0.213481793216208,0.0423454702214969,409,324,0.143715507674446,381,296,"600"
"A572",0.111009287077005,391,235,156,0.194087336393714,0.0234915691730521,340,184,0.0937779666779129,341,185,"600"
"A619",0.0355745591233237,138,24,114,0.202553309831233,0.0112968307312965,160,46,0.03824338883625,142,28,"600"
"A627",0.171273837244176,628,335,293,0.15127196310507,0.0538649069859078,644,351,0.186166417123576,637,344,"600"
"A632",0.203773625015374,536,351,185,0.186182745941045,0.0614308275478569,543,358,0.209029946692047,534,349,"600"
"A635",0.0817647595750847,410,143,267,0.161729662388122,0.0272278800284112,493,226,0.0917336997830511,448,181,"600"
"A641",0.18475240369112,607,342,265,0.161977960338906,0.0620649036260267,625,360,0.209634760532889,616,351,"600"
"A648",0.191138910623752,588,346,242,0.167918725589619,0.0538097454312565,592,350,0.219511512823634,598,356,"600"
"A663",0.0239870378353382,169,10,159,0.193590810500054,0.00554150626584848,166,7,0.0266384416723662,170,11,"600"
"A672",0.117342502829224,312,252,60,0.224107588663196,0.0273268259972361,287,227,0.118856984865145,320,260,"600"
"A674",0.0686565199820227,147,107,40,0.234084803918779,0.0131725522412856,108,68,0.0644322171197959,138,98,"600"
"A679",0.146527098227116,441,310,131,0.199812486118745,0.0376502857207029,431,300,0.135602523434819,415,284,"600"
"A680",0.0293392369089646,78,13,65,0.221684073589927,0.00927290373960865,94,29,0.0334942381608316,88,23,"600"
"A682",0.232936679209754,649,359,290,0.152399142824389,0.0440978176347293,620,330,0.196316847307607,637,347,"600"
"A71",0.0961582645902491,206,192,14,0.254371357880787,0.025373522010549,219,205,0.0966718418597253,209,195,"600"
"A73",0.192799376614633,376,347,29,0.240906375684818,0.0459035460627316,365,336,0.170683881330812,361,332,"600"
"A797NW",0.0793701639573915,378,137,241,0.168281641484331,0.0263388571999366,458,217,0.0914461048173417,419,178,"600"
"AQA3",0.163518704839188,453,327,126,0.200637411946999,0.0376687973957092,427,301,0.148365257643186,433,307,"600"
"AS6103",0.154047793460772,436,317,119,0.201944889790177,0.0352672931870615,405,286,0.165223681230347,448,329,"600"
"AusTRCF 306238",0.0942060264760791,547,186,361,0.107744319810126,0.0211581585485517,514,153,0.0836401341307597,513,152,"600"
"B-18 INBR.FR.SUPERGOLD",0.0681929006905406,139,106,33,0.236833449870969,0.011366435019817,81,48,0.0512858388766911,90,57,"600"
"B-28",0.125409667749755,356,275,81,0.214647678903373,0.0409035817238204,395,314,0.13733836801467,369,288,"600"
"B103",0.154822161705099,430,318,112,0.203468883361827,0.0325479327896725,382,270,0.16113599342207,432,320,"600"
"B104",0.0585974899845163,327,70,257,0.163921295547932,0.0140422232513915,335,78,0.0541954951745969,321,64,"600"
"B105",0.123068328650476,408,269,139,0.197693371840301,0.0428010804204959,465,326,0.146519420725913,444,305,"600"
"B108",0.10717451045828,323,224,99,0.209936987310824,0.0185932073147534,227,128,0.080501373050983,243,144,"600"
"B109",0.209223934894863,632,356,276,0.157186850579403,0.069955524916757,639,363,0.235950544237787,634,358,"600"
"B110",0.092729328043785,422,184,238,0.169503098602296,0.0212948876491375,395,157,0.101454958750928,448,210,"600"
"B111",0.0747883981393783,178,125,53,0.227601920198792,0.0199936925073726,197,144,0.0708132012198451,168,115,"600"
"B115",0.125903550751014,619,278,341,0.128612272662162,0.0287232721458924,582,241,0.11347807078638,588,247,"600"
"B119",0.0992735808481073,470,201,269,0.160721993872818,0.0317168755192293,533,264,0.106902961332557,498,229,"600"
"B120",0.196005461922051,392,349,43,0.23257009879416,0.0422014271579452,366,323,0.185993132549872,386,343,"600"
"B121",0.0999679735622645,422,206,216,0.179486840332387,0.029259925265499,465,249,0.111546842453408,458,242,"600"
"B14A",0.171103130459196,632,334,298,0.149061452146841,0.0426698888607501,623,325,0.153748703787468,613,315,"600"
"B164",0.0613892365742585,151,83,68,0.219949636426913,0.0120064098852277,122,54,0.0547416390523915,137,69,"600"
"B2",0.106148344337331,530,223,307,0.14651930763777,0.0309212795670628,568,261,0.117779984391479,566,259,"600"
"B37",0.10613432771498,468,222,246,0.167364623001409,0.0248880729166765,444,198,0.0940248669046882,432,186,"600"
"B47",0.00887038527565052,256,3,253,0.165325297297284,0.00205579283313925,256,3,0.00966506899698995,256,3,"600"
"B57",0.0637390212423114,393,92,301,0.148277459144016,0.020052337524523,447,146,0.070975837206278,417,116,"600"
"B66",0.15313784203711,461,316,145,0.196684441687735,0.0373660670079141,440,295,0.167799557310454,475,330,"600"
"B68",0.161950450143593,608,326,282,0.154153823228271,0.047140123773875,622,340,0.161223513010921,603,321,"600"
"B73",0.17044010222067,404,332,72,0.218726044638175,0.0531076076149509,421,349,0.181636367891787,411,339,"600"
"B75",0.100098310920732,561,207,354,0.115075273188164,0.0262933590777811,569,215,0.0976193155815251,553,199,"600"
"B76",0.0989090187383175,290,200,90,0.212112808334464,0.0155918028055943,183,93,0.0774302651871723,226,136,"600"
"B77",0.116112337655857,536,247,289,0.152427983607359,0.0259868220027372,500,211,0.115053376615282,542,253,"600"
"B79",0.144743394633873,638,305,333,0.132675918836917,0.0361322721495759,621,288,0.140535766266457,625,292,"600"
"B87",0.125399453145152,368,274,94,0.211460528681485,0.0401470993398017,401,307,0.135183312587677,375,281,"600"
"B88",0.0525615434769218,364,54,310,0.146121915646409,0.0174393756867334,424,114,0.0587022862900303,390,80,"600"
"B91",0.0872154056040406,211,166,45,0.231659813378419,0.0194460204720881,183,138,0.0795560952503351,188,143,"600"
"B97",0.0554217565438629,385,61,324,0.138266302204579,0.0104242514898181,361,37,0.0470562261952091,371,47,"600"
"BEI 10 = NORTH 10",0.121682549777286,545,267,278,0.156270693060846,0.0371719807821998,571,293,0.128774870758617,551,273,"600"
"BO9",0.171005735351168,391,333,58,0.224764878115439,0.0380971986757586,360,302,0.162561673327926,382,324,"600"
"CA-4",0.115427103390328,527,244,283,0.15411835682039,0.0287396744103289,525,242,0.134023262313023,562,279,"600"
"CG102",0.147104632973066,492,311,181,0.187196369536379,0.0446862111604173,513,332,0.15151122332732,493,312,"600"
"CH701-30",0.0661085771893405,270,98,172,0.190190064778694,0.0103637749773271,207,35,0.049911200800787,226,54,"600"
"CH711-10",0.0658163828742669,362,96,266,0.161921292905911,0.0149899322197455,354,88,0.0586815472618346,345,79,"600"
"CH753-4",0.206755749831425,538,354,184,0.186242079949686,0.0477556054077301,525,341,0.184145717617119,525,341,"600"
"CH9",0.173939802815812,505,336,169,0.190786684176055,0.0412599058900003,485,316,0.188829628776469,514,345,"600"
"CI 40H",0.125968035891061,314,279,35,0.236107407095507,0.0401949951350212,343,308,0.13557421755249,318,283,"600"
"CM105",0.0528396096708042,68,56,12,0.256432885836992,0.00990710593117207,45,33,0.0489572006539049,62,50,"600"
"CQ702RC",0.082531565794393,292,146,146,0.196674997777741,0.0233596676740068,329,183,0.0843981647596458,305,159,"600"
"CR 22 INBRED",0.12163504167217,268,266,2,0.275637277147451,0.0282053093617967,235,233,0.137280816289467,289,287,"600"
"DE2",0.0852230300223941,373,159,214,0.179975603278899,0.0281069717785351,446,232,0.0944931243728219,401,187,"600"
"DE3",0.0832276125853326,517,151,366,0.0638767265698138,0.0159052461942916,464,98,0.0766897343194859,500,134,"600"
"DE4",0.0649280792316766,138,94,44,0.232481208770612,0.0114164673766164,94,50,0.0545141616143594,111,67,"600"
"DE811",0.0589378723119954,224,71,153,0.194999963075292,0.0170813327710106,265,112,0.0624608883323959,243,90,"600"
"DJ7",0.12038204717169,446,263,183,0.186431368548187,0.0294210162373354,434,251,0.113442998592556,428,245,"600"
"DK3IIH6",0.0825815336080331,231,147,84,0.21355734098206,0.0191286182793945,218,134,0.0886041613728229,255,171,"600"
"DK4676A",0.152873637309059,426,315,111,0.203860925966068,0.0465830418099034,449,338,0.159919442585266,430,319,"600"
"DK78002A",0.228329907119331,378,358,20,0.249808253260235,0.0520248749127992,366,346,0.244129329992151,383,363,"600"
"DK78010",0.023425171825483,91,9,82,0.214554865972708,0.00411385341193802,88,6,0.0196691081137907,88,6,"600"
"DK78371A",0.0667939468836975,291,100,191,0.184178235646762,0.0163242136488506,290,99,0.0743985868332864,320,129,"600"
"DKFAPW",0.127330091675653,304,281,23,0.248010606104296,0.040203599448691,332,309,0.13716958384346,309,286,"600"
"DKFBHJ",0.0608653837807371,169,78,91,0.212083642037758,0.0139955140667341,168,77,0.0652202502963606,193,102,"600"
"DKMBNA",0.0451401841548639,126,40,86,0.213003339279408,0.0141368999218427,165,79,0.0475144936579559,134,48,"600"
"DKPB80",0.0327749567778141,27,18,9,0.264925938919179,0.00636535063299763,20,11,0.0317964009180005,29,20,"600"
"E8501",0.0996997779466225,376,205,171,0.19053027842852,0.0208412907151902,321,150,0.0857156959779395,334,163,"600"
"EAST 028",0.0807421762971593,151,140,11,0.258341467422481,0.0141725221306998,91,80,0.0688462456637663,120,109,"600"
"Eng-Li Chih",0.124272119770527,289,271,18,0.250730275226979,0.0282336354940564,252,234,0.122345406517622,284,266,"600"
"F118",0.180514790141849,472,339,133,0.198864049801146,0.0372488657612763,427,294,0.185590809408599,475,342,"600"
"F2834T",0.0939023643238586,433,185,248,0.166965487350676,0.0322435445367758,516,268,0.109783623376668,485,237,"600"
"FBLA",0.252041126986162,380,363,17,0.251094957196354,0.0547509427102023,369,352,0.239339624605081,376,359,"600"
"FR19",0.0827558405287307,496,148,348,0.124295373762805,0.0164050223943224,448,100,0.0735138111301082,474,126,"600"
"H105W",0.071423255530338,387,117,270,0.160079615019498,0.0249636777534598,471,201,0.0856459730803733,432,162,"600"
"H110",0.0899511499828582,338,175,163,0.191798734145853,0.0214137098827331,321,158,0.084883802584687,324,161,"600"
"H113",0.0620755510404735,310,85,225,0.175587750879356,0.0122970266627091,285,60,0.0539396045837913,288,63,"600"
"H121",0.13668602446492,518,298,220,0.179142910539225,0.0397879417156703,526,306,0.150163659274191,531,311,"600"
"H122w",0.0721567353130404,412,121,291,0.151437757590484,0.0240472632344274,482,191,0.0810346066131354,438,147,"600"
"H5",0.100605681374478,283,209,74,0.217206326723033,0.0203953490710178,222,148,0.089197640101705,247,173,"600"
"H71",0.159375742150058,554,322,232,0.172015585504548,0.0381077985473244,535,303,0.14163409919523,526,294,"600"
"H84",0.0887743931787846,467,171,296,0.149744200104123,0.0215576643034786,455,159,0.105661358485363,521,225,"600"
"H91",0.116745576669924,428,250,178,0.188444806453951,0.0297262485547233,431,253,0.114876418228744,429,251,"600"
"H95",0.103760548329807,518,214,304,0.147481658800813,0.0307253963391935,563,259,0.105618419609069,528,224,"600"
"H96",0.0995485832130404,488,203,285,0.153734376534821,0.0210894158233073,437,152,0.104356218609102,504,219,"600"
"H99",0.0707836281145081,356,116,240,0.168542875910893,0.0219913189805052,403,163,0.0774189693986417,375,135,"600"
"HP301",0.0522389768021873,378,53,325,0.137755401388987,0.00912538740597185,352,27,0.0456185410380128,370,45,"600"
"HUOBAI",0.058326391398576,401,69,332,0.133352364209647,0.0188446357738078,465,133,0.0632976969970366,426,94,"600"
"Hy",0.0835010394623766,515,152,363,0.101937436621304,0.0262618409238598,577,214,0.0927557685810072,546,183,"600"
"I29",0.2404832626727,382,361,21,0.248430846081252,0.0530344552766029,369,348,0.242898758620763,382,361,"600"
"Ia 453",0.118793911022369,282,258,24,0.247168261444352,0.0253087225316826,227,203,0.126281926823606,293,269,"600"
"IA2132",0.10433235887955,283,217,66,0.2199921918673,0.032957127310545,341,275,0.112349168028043,309,243,"600"
"IBB15",0.06017092728925,148,73,75,0.21660307503669,0.0167094768327393,185,110,0.0626074803300186,166,91,"600"
"IBC2",0.0715821642029326,304,118,186,0.186018940102394,0.0224969897703451,357,171,0.0783360806152714,325,139,"600"
"ICI 193",0.036077128836997,224,25,199,0.182956126269134,0.0104158370387604,235,36,0.0438662230491963,238,39,"600"
"ICI 740",0.115749269535839,365,245,120,0.201651659014923,0.0283197474656589,356,236,0.108524448641788,355,235,"600"
"ICI 893",0.0608951010842259,409,79,330,0.134685230053776,0.0104808771950446,368,38,0.0515838884426051,389,59,"600"
"ICI 986",0.145002741839338,517,306,211,0.180717931216516,0.0375147221271018,508,297,0.145596120015205,510,299,"600"
"IDS28",0.125878607924238,438,277,161,0.192977906583532,0.024077843703166,353,192,0.104016075143839,377,216,"600"
"IDS69",0.0717728562864633,479,120,359,0.108853993857019,0.0109253674689659,402,43,0.0544489871809705,425,66,"600"
"IDS91",0.0424466948147884,391,34,357,0.109877902648979,0.00732910609516398,378,21,0.0365157458622683,383,26,"600"
"INB 101LFY/LFY (A632 X M16 S5)",0.205415206961547,568,353,215,0.179704242941805,0.0506887742862099,559,344,0.183852186869412,555,340,"600"
"INBRED 141",0.117210632415956,563,251,312,0.143679663642606,0.0390603540116527,617,305,0.131624226139953,589,277,"600"
"INBRED 2-687",0.1365642372067,547,297,250,0.166757009530524,0.0306551249528811,507,257,0.145353636914387,548,298,"600"
"INBRED 305",0.129939704012312,643,283,360,0.108699540730575,0.0221351278742634,526,166,0.096792219259753,556,196,"600"
"INBRED 321",0.103634888853637,560,213,347,0.124365455451322,0.0327977932872135,621,274,0.111472359519631,588,241,"600"
"K150",0.115155336309036,370,242,128,0.200469058545015,0.03091848440341,388,260,0.11507975117851,382,254,"600"
"K41",0.1201252620881,533,261,272,0.159537297748814,0.0347911883178985,554,282,0.13620463996707,557,285,"600"
"K47",0.0606105161610222,293,76,217,0.179344537943196,0.0116522518220486,269,52,0.0547163186310308,285,68,"600"
"KUNG-70",0.0339263859902231,338,20,318,0.140785298955217,0.00594177883709097,326,8,0.0297078684892788,333,15,"600"
"L 127",0.183160233011619,536,341,195,0.183205326836414,0.0358873897531617,482,287,0.16910715575903,526,331,"600"
"L 139",0.0602636995501556,297,74,223,0.177757406053347,0.0121224501922719,278,55,0.059588773983696,304,81,"600"
"L 289",0.121556679491365,336,265,71,0.21890835954395,0.0337848444437322,350,279,0.116684335710171,327,256,"600"
"LH1",0.0671611831864615,383,103,280,0.155237735605084,0.0211829085553583,434,154,0.0724413808175851,403,123,"600"
"LH119",0.0627491080019689,90,86,4,0.271453841083856,0.0197252776215791,145,141,0.0684353783314502,112,108,"600"
"LH128",0.0534568881604817,175,58,117,0.202179825520683,0.0169334997000339,228,111,0.0574816524046106,190,73,"600"
"LH143 (Maintainer)",0.181180565846655,367,340,27,0.244298610193386,0.0439932652790162,356,329,0.161580170464606,349,322,"600"
"LH146Ht",0.169218610300036,338,330,8,0.265203040364111,0.0529208066069954,355,347,0.178390844068436,345,337,"600"
"LH149",0.0949135633604654,193,190,3,0.274870381555735,0.0274437436820295,231,228,0.0964158130958968,196,193,"600"
"LH165",0.051431731744173,342,50,292,0.15135187571073,0.0135746182997791,364,72,0.0503008501458103,347,55,"600"
"LH166",0.101931705758108,376,212,164,0.191693776054677,0.023798246339405,352,188,0.110376242847854,402,238,"600"
"LH181",0.0987769175317967,507,199,308,0.146363538689798,0.0230071134961561,488,180,0.109472170676844,544,236,"600"
"LH184",0.2955404678283,422,365,57,0.224847625379326,0.0654743556364605,419,362,0.306238127688591,422,365,"600"
"LH190",0.108130740813917,455,227,228,0.17437410906639,0.0235394074757537,414,186,0.117535021564506,486,258,"600"
"LH192",0.11873296386837,424,256,168,0.191112608081953,0.0374286481157479,464,296,0.128172887192279,440,272,"600"
"LH194",0.116318833456376,564,249,315,0.14250836794665,0.0255483549270693,521,206,0.107853245501747,545,230,"600"
"LH195",0.176725202898835,454,338,116,0.202235309013347,0.0351489554377014,401,285,0.163064817749366,441,325,"600"
"LH197",0.167780654449024,370,329,41,0.233813336314589,0.058335303573373,395,354,0.19967323510122,389,348,"600"
"LH198",0.103932866395236,221,215,6,0.267424629946126,0.0351303047441222,290,284,0.118901297399625,267,261,"600"
"LH202",0.122957277038188,322,268,54,0.227565257422764,0.0348248739165955,337,283,0.125904232192072,322,268,"600"
"LH204",0.0611947975421528,286,82,204,0.182207926984294,0.0173809656729795,317,113,0.0627268712110753,296,92,"600"
"LH205",0.0752064231099066,470,127,343,0.127839087750161,0.0165932903346864,448,105,0.0689324787622777,453,110,"600"
"LH206",0.176714990121507,367,337,30,0.240804739480342,0.0403748791773301,341,311,0.188992600775524,376,346,"600"
"LH208",0.0882902365349493,294,169,125,0.200782975951095,0.01318009654284,194,69,0.0653940462112591,229,104,"600"
"LH209",0.130127089423051,307,285,22,0.248281008145191,0.0408949314865969,335,313,0.142665383632292,317,295,"600"
"LH214",0.108261318628184,430,228,202,0.182631005717108,0.0298225961626256,456,254,0.114980541318976,454,252,"600"
"LH215",0.109606589374655,538,233,305,0.147391486203229,0.0230250466512694,486,181,0.113557851228214,553,248,"600"
"LH222",0.0639861147974707,129,93,36,0.235964487916235,0.01380776383633,111,75,0.0572207143860354,108,72,"600"
"LH223",0.0513488236659173,87,48,39,0.23546551200836,0.0166735211266305,147,108,0.055981767461775,110,71,"600"
"LH224",0.190751205887884,695,345,350,0.1210949795911,0.0619114848156555,709,359,0.215877888827073,704,354,"600"
"LH295",0.0425464613277495,171,35,136,0.198081789551984,0.0126013903590973,198,62,0.0433074957618153,172,36,"600"
"LH60",0.0632139883656139,349,88,261,0.162921693431573,0.0205482881548323,410,149,0.0689896941020185,373,112,"600"
"LH74",0.0821087386123421,227,144,83,0.213617320217257,0.026393881201295,302,219,0.088747533007962,255,172,"600"
"LH82",0.0348850267094721,108,21,87,0.212701604780733,0.00749498928224054,109,22,0.03694211681974,114,27,"600"
"LH93",0.0945812038971711,523,189,334,0.132602105326932,0.0222016861427593,502,168,0.0870587155730477,501,167,"600"
"LIBC 4",0.0547253783483828,200,60,140,0.197597305460425,0.0133449270995042,211,71,0.0512611025596442,196,56,"600"
"LP1 NR HT",0.10192908468912,341,211,130,0.200230281047059,0.0275729500534284,359,229,0.10371151189948,344,214,"600"
"LP5",0.0959678600357685,196,191,5,0.267964800242653,0.0264344064130125,226,221,0.09607391704656,196,191,"600"
"M14",0.0631008769817645,368,87,281,0.154348875347944,0.018434337404062,406,125,0.0650357318155442,381,100,"600"
"MBPM",0.0610170020391775,298,80,218,0.179303961007342,0.0191830058758817,353,135,0.0651089639615158,319,101,"600"
"MBWZ",0.131910217268893,590,290,300,0.148509898044084,0.0319551469873222,567,267,0.145826217367864,600,300,"600"
"MM501D",0.0865694244836412,508,162,346,0.124636521844973,0.0261845972751176,558,212,0.108220457738418,580,234,"600"
"Mo17",0.0605498063112624,232,75,157,0.193967102083909,0.0137649236780595,231,74,0.0550279809399532,227,70,"600"
"Mo1W",0.0797473099906992,393,139,254,0.164703610712496,0.0263213149849463,470,216,0.0885023357950729,424,170,"600"
"Mo46",0.0831046207354574,486,150,336,0.131282211093087,0.0185803762906765,463,127,0.0727453536036002,460,124,"600"
"Mo47",0.0966242352413111,291,194,97,0.210395790405787,0.0326273523780711,368,271,0.110391876934767,336,239,"600"
"Mo5",0.0926883208506979,536,183,353,0.116214726375116,0.0188189458269206,484,131,0.0751175190629455,484,131,"600"
"MQ305",0.0821535145967883,341,145,196,0.183093320913233,0.0245760230683394,389,193,0.0838967551647797,350,154,"600"
"MS116",0.0893586289151392,347,173,174,0.190056258994219,0.0306991589658016,432,258,0.104547177293087,394,220,"600"
"MS132",0.063717505300904,359,91,268,0.160983612515912,0.0166399634040957,374,106,0.0600007525463205,351,83,"600"
"MS200",0.0762516470410414,373,130,243,0.167580047191277,0.0151364415535705,333,90,0.065910809505769,349,106,"600"
"MS211",0.0701792686470811,293,114,179,0.187904647768867,0.0117616953070763,232,53,0.0575128362105681,253,74,"600"
"MS221",0.0369443042712542,85,26,59,0.224624638934815,0.00638173396756861,71,12,0.0311569629508941,78,19,"600"
"MS224",0.0853318565058649,298,160,138,0.197741743233144,0.0175882334094971,253,115,0.0695730384783166,251,113,"600"
"MS225",0.0873960235926388,361,167,194,0.183371850268731,0.0264036489224273,414,220,0.0894757219866592,368,174,"600"
"MS226",0.0899191337555077,519,174,345,0.124715880619804,0.029197877856857,593,248,0.0993358933440426,552,207,"600"
"MS24A",0.043834807056067,316,37,279,0.156259166479627,0.0106607643098683,318,39,0.0390496847658368,309,30,"600"
"MS67",0.0793349288457609,491,136,355,0.112527719928199,0.0265639959067166,578,223,0.0896340825235329,530,175,"600"
"MS71",0.126095783378678,373,280,93,0.21157486262202,0.0296097447515428,345,252,0.113257129837748,337,244,"600"
"MS72",0.0765437673693954,362,131,231,0.172384613903064,0.0131723793375422,298,67,0.0653525200381306,334,103,"600"
"N192",0.0812135920971856,173,141,32,0.239142113038883,0.0148212594573721,117,85,0.0735156800433663,159,127,"600"
"N193",0.0413582682018503,70,32,38,0.235533249069593,0.00712584574059827,57,19,0.0345175461319263,62,24,"600"
"N200",0.0907208556893073,541,179,362,0.103055702823973,0.0166469399254395,469,107,0.0826984113426908,513,151,"600"
"N201",0.0689846195861004,139,108,31,0.240463276396887,0.0149488887980328,118,87,0.0619360537340314,120,89,"600"
"N209",0.123692373573565,634,270,364,0.101694974490804,0.0225411504376771,536,172,0.104227781789834,581,217,"600"
"N211",0.0692617784728373,265,110,155,0.194589076906802,0.0193034044358256,292,137,0.0722462309191852,276,121,"600"
"N217",0.145515030093921,429,308,121,0.201572762457053,0.0486156381064178,464,343,0.163937079310603,448,327,"600"
"N218",0.131364208932322,639,287,352,0.117252886534575,0.0413315854295953,669,317,0.146397139282066,656,304,"600"
"N28Ht",0.107527700173007,569,225,344,0.126471368931486,0.028400803935015,582,238,0.0996233990786967,552,208,"600"
"N501",0.0388695770735116,359,30,329,0.13472564798625,0.0123705558094036,390,61,0.0417986043759656,362,33,"600"
"N523",0.117659030819514,254,253,1,0.291484307247732,0.02496073195583,201,200,0.104583063915557,222,221,"600"
"N527",0.204141012380441,368,352,16,0.251472877323536,0.0611792492177414,373,357,0.216345204766056,371,355,"600"
"N534",0.0739903090050145,253,124,129,0.200252975307884,0.0127264861633546,193,64,0.0630025628918191,222,93,"600"
"N542",0.147967800626771,643,312,331,0.13363985191905,0.0247539876920664,527,196,0.121956585731109,595,264,"600"
"N6",0.0561248359938272,380,64,316,0.142251109279345,0.00980288045848433,348,32,0.0487599885390952,365,49,"600"
"NC250",0.14909838376629,519,313,206,0.18199957175403,0.0319052352853985,472,266,0.1591372516364,524,318,"600"
"NC262",0.104520376777451,576,218,358,0.108983110832105,0.0237892792427335,545,187,0.0962130098403607,550,192,"600"
"NC294",0.0466606047046648,196,42,154,0.194819386087647,0.0107049648269262,194,40,0.0421327691832852,189,35,"600"
"NC310",0.108547479747425,245,230,15,0.25394875235799,0.0289007347502745,259,244,0.10430494401074,233,218,"600"
"NC326",0.0980807353244509,423,197,226,0.174602506621681,0.0316824519701699,489,263,0.10642195824349,452,226,"600"
"NC328",0.0756140059495894,387,129,258,0.163320768601453,0.0187522560308851,388,130,0.0822048508645539,408,150,"600"
"NC342",0.0204347232917802,303,6,297,0.149123689101943,0.00643339073939027,311,14,0.0221213465732743,304,7,"600"
"NC412",0.118020418220489,502,255,247,0.167301923549371,0.0248750580641338,444,197,0.122672060923493,514,267,"600"
"ND259",0.00326948549347305,336,1,335,0.13247407336653,0.000698488359132197,337,2,0.00298020446615961,337,2,"600"
"ND265",0.0675271202705524,200,104,96,0.210724616005513,0.0212532771961292,252,156,0.0716170466867549,214,118,"600"
"NK740",0.193079528503791,650,348,302,0.147881757110963,0.0637043674911687,663,361,0.214184049270868,655,353,"600"
"NK778",0.0794896965393154,389,138,251,0.166721366507265,0.0176475542473015,367,116,0.0872359549158027,420,169,"600"
"NK807",0.105451719520587,464,219,245,0.167365829201471,0.0336190945008467,523,278,0.113455853899795,491,246,"600"
"NKS8326",0.160724562158325,651,324,327,0.135160649169739,0.0362197778154376,616,289,0.144877189208783,624,297,"600"
"NORTH 7",0.215654406942437,562,357,205,0.182197220034382,0.0713952594138621,570,365,0.240204346316955,565,360,"600"
"NQ508",0.113137408759251,390,240,150,0.196194950038647,0.0199291736472749,293,143,0.0990857846817888,354,204,"600"
"NS501",0.0856432157058154,413,161,252,0.165886246941292,0.0286848943626428,492,240,0.0967992803698798,449,197,"600"
"NS701",0.116096769796924,545,246,299,0.148659697158872,0.0364855043669595,590,291,0.127382194685547,569,270,"600"
"NY6371",0.141923089708731,525,303,222,0.177928546871475,0.0406902408627822,534,312,0.14871234976648,531,309,"600"
"Ny821",0.0502862545774449,148,45,103,0.208118298351771,0.0130684837616808,169,66,0.0543979079490365,168,65,"600"
"OH33",0.0842342327972044,337,155,182,0.186537971677981,0.0195974975109719,321,139,0.0785145363106288,323,141,"600"
"Oh40B",0.198266775937616,562,350,212,0.180558391842826,0.058985904745903,567,355,0.209534475661531,562,350,"600"
"Oh43",0.243886994902993,390,362,28,0.242578889738715,0.055020163388813,381,353,0.229418254522806,385,357,"600"
"Oh7",0.0883347021224518,521,170,351,0.118433877964613,0.0165600432875569,455,104,0.0818363244721896,499,148,"600"
"OQ403",0.155147149617931,428,319,109,0.204839941122259,0.0326670843266176,381,272,0.163172235134493,435,326,"600"
"OQ603",0.0513234497882122,66,47,19,0.250075489994497,0.00885175261448328,44,25,0.0433410580565094,56,37,"600"
"Os420",0.0513960754603083,112,49,63,0.222931476641736,0.0152638869657966,155,92,0.0523099532319511,123,60,"600"
"OS602",0.0663628918071366,376,99,277,0.156688483875712,0.014685886257499,359,82,0.0712806622331527,394,117,"600"
"Pa392",0.11148719509893,345,237,108,0.204939391904325,0.0226084437458208,282,174,0.110699191918728,348,240,"600"
"Pa405",0.0517873732002639,281,52,229,0.174077236336124,0.0096666283951645,259,30,0.043879274786951,269,40,"600"
"Pa875",0.112129466317727,389,238,151,0.195741958726218,0.0318234941723742,416,265,0.115281278118988,406,255,"600"
"Pa880",0.051466617545984,106,51,55,0.227527811733072,0.0100973227186517,89,34,0.0442955782677389,96,41,"600"
"Pa91",0.0715910370977454,383,119,264,0.162551144360808,0.0225787459189074,437,173,0.0809275030148418,410,146,"600"
"PH207",0.0845324309573045,236,157,79,0.215013324122724,0.0256030309175668,287,208,0.0870786287462036,247,168,"600"
"PHB09",0.100298243169376,300,208,92,0.211595732029857,0.0183162792403516,216,124,0.0896368466056941,268,176,"600"
"PHB47",0.0294325769965046,103,14,89,0.212339630473334,0.00641034516090753,102,13,0.0263834690971664,99,10,"600"
"PHBA6",0.0845102587648445,202,156,46,0.231572419467183,0.0147872349430824,129,83,0.0739306671158495,174,128,"600"
"PHBB3",0.125065545681084,435,273,162,0.192056450188639,0.021221041782017,317,155,0.103750969618069,377,215,"600"
"PHEG9",0.146102299449903,361,309,52,0.227738101582876,0.0346762334339316,333,281,0.163994272340909,380,328,"600"
"PHG29",0.0943184265234669,510,187,323,0.1386260833029,0.0231065451042769,505,182,0.104942252018464,546,223,"600"
"PHG47",0.137894100311038,572,301,271,0.159713825922347,0.0224077356379095,441,170,0.101470202153384,482,211,"600"
"PHG71",0.0596935316188932,114,72,42,0.233331670276248,0.0191886173504607,178,136,0.0645202450045464,141,99,"600"
"PHG80",0.0510526996780621,216,46,170,0.190758618467523,0.0150270194978032,259,89,0.0536286869069705,231,61,"600"
"PHG83",0.131459549624979,314,288,26,0.244579733257911,0.0266691203024293,250,224,0.106724907198681,254,228,"600"
"PHG86",0.235996501612519,547,360,187,0.185227058437408,0.0709144859157005,551,364,0.24363005691741,549,362,"600"
"PHH93",0.145002787378685,601,307,294,0.151058440975647,0.0467532026413976,633,339,0.157051079163518,611,317,"600"
"PHHH9",0.119224941579628,426,260,166,0.191173041330228,0.0412219602211879,481,315,0.140756723880268,459,293,"600"
"PHHV4",0.110229855089197,357,234,123,0.201207939719021,0.0223462060167136,292,169,0.0965256211630601,317,194,"600"
"PHJ70",0.115313538410336,608,243,365,0.0927135334099386,0.031124952456006,627,262,0.108022021747886,598,233,"600"
"PHJ89",0.101518703903602,315,210,105,0.206825814175142,0.0226540039607833,280,175,0.0868876513021464,271,166,"600"
"PHJ90",0.0540679841302422,272,59,213,0.180293745363594,0.0126511370472498,276,63,0.0491763710876121,266,53,"600"
"PHJR5",0.130036140539377,357,284,73,0.217808364714996,0.032339226702613,342,269,0.120028519627795,336,263,"600"
"PHK35",0.0992979689712577,252,202,50,0.228907701303139,0.0289917041178522,296,246,0.106696985045515,277,227,"600"
"PHK42",0.0944775209520941,378,188,190,0.184816739404329,0.0186877387209722,319,129,0.0839634417823187,346,156,"600"
"PHK56",0.109282108949624,572,232,340,0.128903049711907,0.0284696369705866,579,239,0.102378984721946,552,212,"600"
"PHK74",0.0558285122833084,158,63,95,0.211046545972367,0.0179808247327251,214,119,0.0613664298699226,183,88,"600"
"PHKE6",0.0913072467323674,322,181,141,0.197507350225113,0.0235164961626506,326,185,0.0902888296692335,318,177,"600"
"PHM10",0.0174413084996079,318,5,313,0.143450055648415,0.00319768417767366,318,5,0.0158884626065132,318,5,"600"
"PHN11",0.044660944881906,236,38,198,0.182982589417928,0.012125661056058,254,56,0.0444446669846657,241,43,"600"
"PHN29",0.087025966993289,474,165,309,0.146229907865148,0.0196619569514533,449,140,0.0783975373775112,449,140,"600"
"PHN66",0.0915701851623744,297,182,115,0.202434490203411,0.0278459360644245,345,230,0.0959015033916269,304,189,"600"
"PHN82",0.108509279150571,517,229,288,0.152630098839433,0.03626389202971,578,290,0.122296827820641,553,265,"600"
"PHP02",0.086594364356149,356,163,193,0.183619812009507,0.0287627406926595,436,243,0.0968428438880863,391,198,"600"
"PHP55",0.132481602164173,392,291,101,0.209645944982728,0.0414981128411544,421,320,0.146024509110802,402,301,"600"
"PHP76",0.114619169112316,406,241,165,0.191276506835988,0.0256835834671953,374,209,0.0991720006073971,370,205,"600"
"PHP85",0.0678864051064723,419,105,314,0.143189806554216,0.012198767353515,372,58,0.0609939689000856,401,87,"600"
"PHPR5",0.0421041863123382,252,33,219,0.179201042908006,0.0127703133773889,284,65,0.0434466330937787,257,38,"600"
"PHR03",0.0453902030316237,297,41,256,0.164468591136948,0.0145543767985811,337,81,0.0489773036791474,307,51,"600"
"PHR30",0.10417232807531,365,216,149,0.196273859687232,0.0217499546934614,310,161,0.107859185282942,380,231,"600"
"PHR31",0.0233843021285119,108,8,100,0.209717653936707,0.00710566584159571,118,18,0.025151993486502,109,9,"600"
"PHR36",0.075205881496482,413,126,287,0.152989598845901,0.0157486976558105,383,96,0.0658238117417176,392,105,"600"
"PHR47",0.0773521015845275,369,133,236,0.170403272781238,0.0165093413156986,338,102,0.0755009758315077,368,132,"600"
"PHR63",0.0828291191752375,350,149,201,0.18266819215478,0.0200366274379636,346,145,0.0781843734373802,339,138,"600"
"PHT10",0.15579906299235,531,321,210,0.181033583371103,0.0385351847848983,514,304,0.149618923159986,520,310,"600"
"PHT47",0.105951920402839,481,221,260,0.163045813314217,0.0253291951714416,464,204,0.0983165929127109,461,201,"600"
"PHT55",0.13371153406635,612,295,317,0.141439182881608,0.0415767005407542,638,321,0.146339114693505,620,303,"600"
"PHTM9",0.169279907019858,437,331,106,0.206796636298468,0.0419999307900028,428,322,0.15310662892197,420,314,"600"
"PHV37",0.0309716622911886,150,16,134,0.198744710642958,0.00976922187296745,165,31,0.0350327111406402,159,25,"600"
"PHV57",0.0780121782684399,358,134,224,0.176442337793035,0.0246699560829632,418,194,0.0839431499830934,379,155,"600"
"PHV63",0.0607799191099035,363,77,286,0.153210143629861,0.0148100229952813,370,84,0.0638387006688538,382,96,"600"
"PHVA9",0.033766901435672,132,19,113,0.203291279068822,0.00598566087384079,122,9,0.0283522809195174,126,13,"600"
"PHVJ4",0.160831363941222,435,325,110,0.204230625796847,0.0510775100925225,455,345,0.1728977908461,444,334,"600"
"PHW03",0.0581161595557906,166,68,98,0.210349556848948,0.0151662981209175,189,91,0.0580068977047171,174,76,"600"
"PHW17",0.0669226726578893,298,101,197,0.183004674303729,0.0228455234470328,373,176,0.0789233342360842,339,142,"600"
"PHW20",0.124794704757047,583,272,311,0.143763894116853,0.0414575934799152,630,319,0.139591068592283,602,291,"600"
"PHW30",0.116218302727988,510,248,262,0.162632288044817,0.028932659988975,507,245,0.129919783086465,536,274,"600"
"PHW43",0.0908660811859698,383,180,203,0.182481087111073,0.0221785259687008,370,167,0.101155286364116,412,209,"600"
"PHW52",0.0120899070251182,146,4,142,0.19741612377545,0.00209701206812841,146,4,0.0101742607633031,146,4,"600"
"PHW53",0.111235226572194,574,236,338,0.130001921177221,0.0263859295019045,556,218,0.099329625456295,544,206,"600"
"PHW80",0.0305370391252814,224,15,209,0.181236852545796,0.00660459487509928,225,16,0.0298385707456765,225,16,"600"
"PHWG5",0.0578752298250408,210,67,143,0.197384925967564,0.0122868090775724,202,59,0.0515687775387603,201,58,"600"
"PHZ51",0.0879063240902929,292,168,124,0.200877468882098,0.0217254108358858,284,160,0.0848034341926526,284,160,"600"
"Q381",0.129424031458305,400,282,118,0.202134589460417,0.0283882541912132,355,237,0.128057098519844,389,271,"600"
"R168",0.0738380074828407,290,123,167,0.191123146923577,0.0179250526871822,285,118,0.0820250877363162,316,149,"600"
"R177",0.0839821607511669,491,154,337,0.130736756571802,0.0238204422842674,526,189,0.0860044268546917,502,165,"600"
"R181B",0.208005657892599,411,355,56,0.227208456357466,0.0462399969927354,393,337,0.210363891710943,408,352,"600"
"R226",0.0448836142176233,215,39,176,0.188756004397325,0.0113441864489971,223,47,0.0418546293610495,210,34,"600"
"R229",0.022126881725879,187,7,180,0.187615475276084,0.00653362265907607,195,15,0.0233057734495744,188,8,"600"
"R71",0.121503923973885,312,264,48,0.23078359390844,0.018522472762654,174,126,0.0924205492076223,230,182,"600"
"R78",0.0903435463312982,403,176,227,0.174464149353596,0.0220383572180455,391,164,0.0984090686452884,429,202,"600"
"SD101",0.254389282062803,389,364,25,0.24703618068583,0.0602563180627675,381,356,0.263599388024694,389,364,"600"
"SD102",0.0369805088421065,104,27,77,0.21535758034837,0.0116290707530791,128,51,0.0410253960020088,109,32,"600"
"SD107",0.166360223532243,528,328,200,0.182768322439798,0.0375930731649235,499,299,0.171403357525971,533,333,"600"
"SD40",0.0976821408326689,298,196,102,0.209436740573862,0.0262612452695627,315,213,0.0959288366713604,292,190,"600"
"SD44",0.120339208677347,313,262,51,0.228109976424575,0.0345980704294477,331,280,0.137785015625882,341,290,"600"
"SG 30A",0.0352297728817514,348,22,326,0.13703008622607,0.0113995664348169,375,49,0.0382833087627157,355,29,"600"
"T242",0.0619054146783223,219,84,135,0.198617813466704,0.01077245731446,176,41,0.0538262648430145,197,62,"600"
"Tr",0.0786004556649847,239,135,104,0.207914592997847,0.0247068800681387,299,195,0.0857725901625117,268,164,"600"
"TZU-CHIAO-HSI-WU 105",0.0996196469586074,352,204,148,0.196275790442853,0.0182407901718207,271,123,0.0838202009009566,301,153,"600"
"Va26",0.0836036428463073,459,153,306,0.147240493450087,0.0249160344803313,505,199,0.0843381706962253,464,158,"600"
"Va35",0.0694840849003898,300,112,188,0.185139434659651,0.0197536759238875,330,142,0.0722455306004657,308,120,"600"
"Va52",0.0703758374487522,125,115,10,0.261901045197754,0.015626706416234,104,94,0.0776320470570143,147,137,"600"
"Va99",0.132709160452076,359,292,67,0.219976252847866,0.0327906372220544,340,273,0.135210761893077,349,282,"600"
"W182E",0.134863252649682,535,296,239,0.168817366985507,0.0335352864060018,516,277,0.130587407414191,514,275,"600"
"W22",0.0389259137475397,252,31,221,0.177963936210417,0.0112585350935167,266,45,0.040646897107647,252,31,"600"
"W23",0.117781456449381,301,254,47,0.231069301619797,0.0229779504956655,226,179,0.0985741278771446,250,203,"600"
"W24",0.137180555664328,508,300,208,0.181512811110347,0.0403405493968523,518,310,0.156338489442683,524,316,"600"
"W32",0.069407003563586,345,111,234,0.170863922875467,0.0221039337357348,399,165,0.0746498428122367,364,130,"600"
"W37A",0.0438236872566408,339,36,303,0.147661231680495,0.0136267577073285,376,73,0.0464932757810303,349,46,"600"
"W552",0.0381183617039002,357,29,328,0.134865329241681,0.00668197749782565,345,17,0.033313362892484,350,22,"600"
"W603S",0.0692110806149585,383,109,274,0.158140928097066,0.0121647359734837,331,57,0.0608237382002475,360,86,"600"
"W604S",0.133279786964054,552,293,259,0.163096478653954,0.0366299373353512,551,292,0.134475747794507,539,280,"600"
"W605S",0.0868099693277789,225,164,61,0.223777736351766,0.0180142860434199,182,121,0.0728017596494119,186,125,"600"
"W607S",0.138363928862283,644,302,342,0.128300500354764,0.0375367426228045,640,298,0.130961012027835,618,276,"600"
"W610S",0.0635657679343896,410,90,320,0.139626147844305,0.0157896215011888,417,97,0.0600977307799869,404,84,"600"
"W611S",0.0817508473299978,386,142,244,0.16749565333627,0.0271728397044924,469,225,0.0915052469537848,423,179,"600"
"W612S",0.0849516111321169,453,158,295,0.150281734224809,0.0219593536283678,457,162,0.0806874317688739,440,145,"600"
"W614S",0.0671534340507255,234,102,132,0.199433964667167,0.0165283563851407,235,103,0.0642825908516362,229,97,"600"
"W64A",0.0734876740633938,282,122,160,0.193481661265137,0.0132320561996505,230,70,0.0575533138844476,235,75,"600"
"W701BC",0.0889869670826592,330,172,158,0.193869686611162,0.0282379900891502,393,235,0.0953233094383526,346,188,"600"
"W803G",0.056161344779215,386,65,321,0.139256233140842,0.0177666976003511,438,117,0.0604191830292324,406,85,"600"
"W809G",0.112904017751463,383,239,144,0.196946852415898,0.0280818858198493,375,231,0.132188870677865,422,278,"600"
"W810G",0.037908198972911,104,28,76,0.216095460913188,0.00823030385056456,100,24,0.0319395927440045,97,21,"600"
"W811G",0.0611653052616017,356,81,275,0.157508076808165,0.0180800692914446,397,122,0.0665310182522847,382,107,"600"
"W813G",0.0904596779762323,304,177,127,0.20047517392883,0.0164162621094947,228,101,0.0761659713013615,260,133,"600"
"W8304",0.0987147465160976,286,198,88,0.212499066616802,0.0304523360206497,344,256,0.10272392635584,301,213,"600"
"W9",0.0964247092333164,400,193,207,0.181643711672753,0.0228719703787501,385,178,0.0916064283237332,387,180,"600"
"WIL900",0.0287703935339138,351,12,339,0.12930559099984,0.00922522167031258,367,28,0.0310440407708454,357,18,"600"
"WU-TAN-TZAO",0.125439574633187,625,276,349,0.123341614678681,0.0291002795309671,596,247,0.137753361613201,638,289,"600"
"YE 4",0.118788971769051,613,257,356,0.11212073435712,0.0238306321451663,546,190,0.107889912909319,588,232,"600"
"YING-55",0.355216601893517,379,366,13,0.255377649129948,0.0758118007695677,379,366,0.323124898887209,379,366,"600"
"Yu796 NS",0.0696729888623992,286,113,173,0.190188939354597,0.0201586915646437,320,147,0.0719167843260148,292,119,"600"
"ZS365",0.150345928348207,547,314,233,0.170939155122811,0.0479561325743276,575,342,0.161787806620861,556,323,"600"
"ZS635",0.024736773509173,133,11,122,0.20147381547183,0.0077801654083707,145,23,0.0273118524678303,134,12,"600"
"1538",0.0548507372094617,279,57,222,0.201175829018881,0.0115807902229756,270,48,0.0462728010991739,273,51,"650"
"29MIBZ2",0.114042692982325,270,228,42,0.263084627825577,0.0336547887938462,315,273,0.106485586113452,270,228,"650"
"2FACC",0.106673910120146,268,201,67,0.249286170969946,0.0237735293344611,249,182,0.0922876752569889,260,193,"650"
"2MA22",0.0306243609157537,336,17,319,0.163784426630625,0.0057986426231001,330,11,0.0268265085033037,336,17,"650"
"3IJI1",0.119891394199822,544,250,294,0.173389903349593,0.033744946625068,569,275,0.105641294708586,519,225,"650"
"4226",0.11610606887345,361,236,125,0.229115443913552,0.0254505345731181,322,197,0.128620905975206,407,282,"650"
"4N506",0.141710154634235,479,299,180,0.21343848777225,0.0401296564106906,496,316,0.148814146226825,496,316,"650"
"6M502",0.165891712659975,363,324,39,0.264767347831196,0.0413149397698311,360,321,0.138999619371458,336,297,"650"
"6M502A",0.191222036115327,498,341,157,0.220087331880955,0.0463607638186038,493,336,0.178255966547618,494,337,"650"
"764",0.111404471463876,401,218,183,0.212739777257059,0.0262673778062328,390,207,0.123967256352364,454,271,"650"
"78010",0.111198345494029,419,217,202,0.207605766727461,0.0300025393152319,451,249,0.110947872782814,438,236,"650"
"793",0.057223327703857,286,63,223,0.201078343228986,0.0182407379742514,347,124,0.0567823149781765,303,80,"650"
"87916W",0.141252027525767,372,298,74,0.24747475452897,0.0429245161998936,401,327,0.13325847715726,365,291,"650"
"911",0.0455251361462161,157,38,119,0.230434137108163,0.00856930715625241,141,22,0.0415711347935667,152,33,"650"
"912",0.0428368846413532,295,31,264,0.185001084643317,0.0130661391242064,329,65,0.0404283812819164,295,31,"650"
"91IFC2",0.0349961760332696,76,19,57,0.255702977785452,0.0112298299123518,102,45,0.0350393362492291,79,22,"650"
"A",0.119447561370447,481,245,236,0.195310199195179,0.0274767970046617,453,217,0.0981499649662183,444,208,"650"
"A208",0.0588169876520917,338,71,267,0.183998771100337,0.0139012618112769,344,77,0.0527679196099809,331,64,"650"
"A239",0.0793180727647802,188,127,61,0.253481187014448,0.0135877828591384,133,72,0.0577438162989298,144,83,"650"
"A272",0.096088979409703,494,171,323,0.159042251413443,0.0277408690169631,547,224,0.0917135436427031,512,189,"650"
"A305",0.0887431064451729,343,151,192,0.209987396150868,0.0195942000597286,330,138,0.0798040568573778,340,148,"650"
"A322",0.0561999436398506,151,59,92,0.237837677491531,0.0165194337902958,196,104,0.0526687731017382,155,63,"650"
"A334",0.0181588214232263,95,4,91,0.238563719884844,0.003255355521566,94,3,0.0161835496722249,95,4,"650"
"A340",0.124266121983669,316,264,52,0.257207000509977,0.0410546578988413,372,320,0.129714994042036,336,284,"650"
"A374",0.166223977988249,331,326,5,0.294271069243532,0.0430400400112413,334,329,0.165203887043922,333,328,"650"
"A385",0.082532516577895,378,135,243,0.192794367403334,0.0253208150555578,438,195,0.0783024631999892,386,143,"650"
"A401",0.0931128986036582,436,166,270,0.18347237984782,0.018525067209632,396,126,0.0789679681402519,416,146,"650"
"A427",0.0486037723922912,89,45,44,0.262836123875854,0.0138251797054336,120,76,0.0559105474772854,121,77,"650"
"A548",0.122260064819575,339,260,79,0.245879653365845,0.0361350906929025,372,293,0.114060439485921,327,248,"650"
"A572",0.100103517077535,327,182,145,0.223755810020158,0.0231769650544564,318,173,0.0836452422529761,307,162,"650"
"A619",0.0409182057813409,163,27,136,0.227576059528964,0.0109013014015296,175,39,0.0372291082503563,162,26,"650"
"A627",0.169920965701818,620,328,292,0.174120929115521,0.0497093527057022,634,342,0.160725942961368,617,325,"650"
"A632",0.207909469612655,524,349,175,0.215389830895219,0.0596885860893774,530,355,0.190455613506872,518,343,"650"
"A635",0.0907991993520791,414,158,256,0.188372505348535,0.0268275648683325,466,210,0.0847236204912608,420,164,"650"
"A641",0.179744568588699,606,334,272,0.183101557003056,0.0578779311474585,625,353,0.180827300902454,610,338,"650"
"A648",0.226726846718773,587,356,231,0.196790089091125,0.0568454994300214,582,351,0.239486711951174,588,357,"650"
"A663",0.044151408801507,173,33,140,0.22522626215255,0.00982005386603183,168,28,0.0495042228601709,196,56,"650"
"A672",0.140224691237301,367,295,72,0.248528740962938,0.031007346127415,327,255,0.143449597493174,379,307,"650"
"A674",0.0735736728401138,147,109,38,0.264814863591569,0.0128872596640175,100,62,0.0645222108660897,141,103,"650"
"A679",0.153079393343288,442,309,133,0.227981769657949,0.0358411030312495,423,290,0.126155900968198,408,275,"650"
"A680",0.0198151087206602,75,5,70,0.248859251964853,0.00593590616470593,82,12,0.0184875882598865,76,6,"650"
"A682",0.248518192081278,644,359,285,0.177061050264431,0.0464834891602452,622,337,0.201632465547074,633,348,"650"
"A71",0.0975692676770193,187,174,13,0.281927257596505,0.0223244681689498,178,165,0.086147016941866,181,168,"650"
"A73",0.193297336836904,369,343,26,0.273723896283943,0.0474051947087786,367,341,0.16513924201108,353,327,"650"
"A797NW",0.0796523386182041,366,129,237,0.194672403920115,0.024461790459708,426,189,0.0793202715194999,384,147,"650"
"AQA3",0.153194890466344,424,310,114,0.232434083631306,0.0338241515217031,390,276,0.139725632099106,413,299,"650"
"AS6103",0.189581037930033,456,340,116,0.230717508042216,0.0473873678639847,456,340,0.216114208567992,470,354,"650"
"AusTRCF 306238",0.0988176219212353,541,179,362,0.123723581296516,0.0239372803549201,546,184,0.0898943712254474,544,182,"650"
"B-18 INBR.FR.SUPERGOLD",0.058302972694629,108,68,40,0.264244685470905,0.0133814004552421,107,67,0.049717495427117,97,57,"650"
"B-28",0.133462473478607,366,281,85,0.242489766021105,0.040101547216958,400,315,0.124677839367518,359,274,"650"
"B103",0.163031470051132,437,320,117,0.230683192876778,0.0351775267356804,400,283,0.177224868147839,453,336,"650"
"B104",0.0586962642680505,322,70,252,0.190160535431964,0.0135131341507495,323,71,0.0595659959757705,341,89,"650"
"B105",0.121782882117496,408,258,150,0.222546653614336,0.0402141157633063,468,318,0.127028791851429,430,280,"650"
"B108",0.109427859858348,314,210,104,0.235875825203834,0.0166526822254213,209,105,0.0785720815074808,248,144,"650"
"B109",0.215984945450303,630,352,278,0.179618383683687,0.0689570436868764,641,363,0.214773292919152,631,353,"650"
"B110",0.075496317164151,346,114,232,0.196630911697752,0.0179413213063891,353,121,0.0854791889681653,397,165,"650"
"B111",0.0812124441981074,184,133,51,0.258649855947085,0.0203843115598372,199,148,0.0678605266430443,159,108,"650"
"B115",0.130906538167073,625,280,345,0.14711573182482,0.0283844103452415,576,231,0.114632124920143,594,249,"650"
"B119",0.0966733801384792,441,172,269,0.183676749383703,0.0292414735304284,508,239,0.0906556628859953,454,185,"650"
"B120",0.188392794729719,402,339,63,0.252456753005513,0.0396150989598077,375,312,0.17405183629361,397,334,"650"
"B121",0.107916763716662,422,207,215,0.203804623135343,0.0303027186284188,466,251,0.111385023149731,454,239,"650"
"B14A",0.182812641372667,640,336,304,0.171209215523337,0.0429243995020817,630,326,0.150980486058146,621,317,"650"
"B164",0.0572719829111331,133,64,69,0.249239997942089,0.00995100856870553,98,29,0.0499319941178542,127,58,"650"
"B2",0.113590579938769,534,227,307,0.170324715667013,0.0309657428614071,561,254,0.119845470669987,566,259,"650"
"B37",0.129830082939973,522,276,246,0.191946259467413,0.0287008341417977,480,234,0.109653333046356,481,235,"650"
"B47",0.0199457245709215,263,6,257,0.187904233051504,0.00344726506926861,261,4,0.0173414076313572,262,5,"650"
"B57",0.0522618074954868,357,52,305,0.170725384824329,0.0152309661887621,397,92,0.0506443642662325,364,59,"650"
"B66",0.163713555556367,477,321,156,0.220112582489303,0.0380647958557581,459,303,0.16678209991765,485,329,"650"
"B68",0.149411789057291,587,307,280,0.178817416790579,0.0441096551298704,614,334,0.138268100894492,574,294,"650"
"B73",0.178202377276701,408,332,76,0.246433708243567,0.0530571050474922,422,346,0.168436427187827,407,331,"650"
"B75",0.105098030953838,556,197,359,0.12692007864525,0.0310161182135125,615,256,0.101784926583912,576,217,"650"
"B76",0.113420261921203,301,226,75,0.246859987287234,0.0199797642321797,217,142,0.0973352000188462,279,204,"650"
"B77",0.127063623163153,553,271,282,0.177328824387019,0.0285025621074496,515,233,0.124193330051935,554,272,"650"
"B79",0.139907216587239,623,293,330,0.15516473135447,0.0348345079245694,610,280,0.138522431050424,625,295,"650"
"B87",0.121028408642626,341,254,87,0.241388150577266,0.0361766707107696,381,294,0.11284235053707,329,242,"650"
"B88",0.0446140451622112,330,34,296,0.17332372091982,0.0141421250454442,378,82,0.043946278670001,340,44,"650"
"B91",0.0905383521396336,203,157,46,0.260328956796335,0.0203201877378643,193,147,0.0786677961087756,191,145,"650"
"B97",0.0578332838976943,388,66,322,0.159515240158529,0.0100033514342924,353,31,0.0467315824093421,374,52,"650"
"BEI 10 = NORTH 10",0.115187018161201,490,230,260,0.186321040805668,0.0354878881289856,546,286,0.113151714448484,504,244,"650"
"BO9",0.274796805835683,423,364,59,0.25421670605308,0.0601782816769847,416,357,0.273219436253912,423,364,"650"
"CA-4",0.112624716284563,492,221,271,0.183208484704458,0.0278931371993731,497,226,0.123218559975596,538,267,"650"
"CG102",0.138407681482722,468,291,177,0.214629269635416,0.0400574832356668,491,314,0.126432378458014,454,277,"650"
"CH701-30",0.0827770149101196,310,136,174,0.215884659959632,0.0124456790017028,234,60,0.0628833638686259,273,99,"650"
"CH711-10",0.0884594324132751,435,149,286,0.176772416306763,0.0197737990821693,427,141,0.0727738813647898,409,123,"650"
"CH753-4",0.191733298691671,543,342,201,0.207657604651949,0.0432177143260036,532,331,0.162482529554886,527,326,"650"
"CH9",0.176392284849653,493,330,163,0.218120860364758,0.0433506321303938,495,332,0.199853690374193,510,347,"650"
"CI 40H",0.126774727395547,302,270,32,0.267879820379557,0.0376312797928917,332,300,0.118126101827079,287,255,"650"
"CM105",0.0784382973700241,136,124,12,0.283736006572215,0.0148014732251992,100,88,0.0691882844588886,125,113,"650"
"CQ702RC",0.0726378653952983,245,102,143,0.224766848210057,0.023967763513063,328,185,0.0763841195262135,282,139,"650"
"CR 22 INBRED",0.127292512087661,276,273,3,0.302039859928285,0.0294385536898407,244,241,0.142002358737956,305,302,"650"
"DE2",0.097660715570266,409,176,233,0.196373137424215,0.0293700767513908,473,240,0.0912716764117953,420,187,"650"
"DE3",0.0899976639695076,520,154,366,0.0694973926886008,0.0178608910956457,486,120,0.0763774779662114,504,138,"650"
"DE4",0.0762067562426549,181,116,65,0.250954409318712,0.0139120256992637,143,78,0.0620544248451966,162,97,"650"
"DE811",0.058035635243544,234,67,167,0.217511837026304,0.0156159534823191,263,96,0.0582008710430281,251,84,"650"
"DJ7",0.13424375232311,481,282,199,0.207798986328898,0.03105488283147,456,257,0.126408186846424,475,276,"650"
"DK3IIH6",0.107761261486633,290,204,86,0.242144776978302,0.0239792638917412,272,186,0.107945149013765,318,232,"650"
"DK4676A",0.141989018256377,406,300,106,0.234101259783654,0.0425469433818333,429,323,0.131611275827768,394,288,"650"
"DK78002A",0.224932245926734,376,355,21,0.277868726950746,0.0529864805703512,366,345,0.253583007010144,380,359,"650"
"DK78010",0.0379290342952448,95,24,71,0.248666753093738,0.00818058713838717,91,20,0.03260938289302,89,18,"650"
"DK78371A",0.0722003389128043,304,100,204,0.206855998077511,0.0167552565480463,311,107,0.0811914378206021,356,152,"650"
"DKFAPW",0.128425687688668,296,274,22,0.277393634098568,0.038265148711217,327,305,0.119665461553558,280,258,"650"
"DKFBHJ",0.0696964177185394,196,95,101,0.236156196466487,0.0159394566485259,200,99,0.0759317857553129,236,135,"650"
"DKMBNA",0.0569527230815458,162,60,102,0.236048193650987,0.0154471469251612,195,93,0.0516742901604866,163,61,"650"
"DKPB80",0.0224949894879896,17,8,9,0.291108981552177,0.00387809840240886,15,6,0.0185482915053476,16,7,"650"
"E8501",0.111969758483454,407,220,187,0.211131540948234,0.022567490261411,354,167,0.0905323899278255,370,183,"650"
"EAST 028",0.0824246908172886,144,134,10,0.286603878400874,0.0156537138040613,107,97,0.0734682876531715,139,129,"650"
"Eng-Li Chih",0.121152321045779,275,255,20,0.278379023564292,0.0270385414243225,233,213,0.114702327955794,270,250,"650"
"F118",0.19910503308167,469,346,123,0.229347362547901,0.0429156001438276,448,325,0.216169465811639,478,355,"650"
"F2834T",0.0984028141491921,425,178,247,0.191239455335802,0.0316701982504079,506,259,0.0989280403378641,458,211,"650"
"FBLA",0.25659984655097,375,360,15,0.280740753738401,0.0567548193358713,365,350,0.260351589377685,375,360,"650"
"FR19",0.106696837332572,555,202,353,0.136606997551076,0.0201064537388095,497,144,0.0979300557725704,560,207,"650"
"H105W",0.0774292030846254,382,121,261,0.185610528696077,0.0256941446151469,461,200,0.081791409486268,415,154,"650"
"H110",0.101576464764036,359,187,172,0.216404056277488,0.020837995678107,323,151,0.0856148934611951,338,166,"650"
"H113",0.0686162343969128,331,92,239,0.194055750697125,0.0141665255091332,322,83,0.058203446980584,324,85,"650"
"H121",0.136700533954123,498,286,212,0.204781588247839,0.0385754652215148,519,307,0.14497012334187,524,312,"650"
"H122w",0.0768557209090513,420,118,302,0.171630033859696,0.0235750102060659,482,180,0.0729043321430425,426,124,"650"
"H5",0.107676903464508,292,203,89,0.241024224137961,0.0207128340661756,239,150,0.0927213942669167,283,194,"650"
"H71",0.165918550942209,538,325,213,0.2045357537557,0.0384246639546526,519,306,0.136692881674572,506,293,"650"
"H84",0.0904471150652821,449,156,293,0.174067600274545,0.0215695174826962,453,160,0.105860273026201,519,226,"650"
"H91",0.11634566652305,437,237,200,0.207725793463776,0.0284609170330685,432,232,0.116484090536062,452,252,"650"
"H95",0.111590756406495,527,219,308,0.169256531437752,0.0318347857200396,570,262,0.100717951239071,522,214,"650"
"H96",0.0892463102755985,439,152,287,0.176308841306596,0.0193887204880771,423,136,0.0974377255919087,493,206,"650"
"H99",0.0618425804009977,303,77,226,0.19988573788547,0.0204484729052033,375,149,0.0646343458534678,330,104,"650"
"HP301",0.0419777117853635,339,28,311,0.167252810309961,0.0078995147174883,330,19,0.0373726889920358,338,27,"650"
"HUOBAI",0.0793628521895888,461,128,333,0.153042240847549,0.0235243583736778,512,179,0.0739664002570945,463,130,"650"
"Hy",0.072122261708798,455,98,357,0.128018570058792,0.0210249807885787,509,152,0.071304769444952,474,117,"650"
"I29",0.266198084232853,387,363,24,0.27671686948881,0.0587282192348532,378,354,0.270933478129772,387,363,"650"
"Ia 453",0.0990221449128605,198,180,18,0.279492460632411,0.0219659024871588,181,163,0.111015325066101,256,238,"650"
"IA2132",0.116367214435245,300,238,62,0.253434152372233,0.0345672026213089,340,278,0.108421251132933,296,234,"650"
"IBB15",0.0355138193388803,78,20,58,0.255677256181112,0.00930684908911663,84,26,0.0337256335664752,79,21,"650"
"IBC2",0.0936254736534768,326,167,159,0.218953723918711,0.0272834328633301,374,215,0.0917330825521345,349,190,"650"
"ICI 193",0.0360095813992234,199,21,178,0.214237989092815,0.0099686255500422,208,30,0.0430389695760897,216,38,"650"
"ICI 740",0.11438692800378,364,229,135,0.22759570967196,0.0259238205363979,338,203,0.0961293443070862,337,202,"650"
"ICI 893",0.066452437747727,405,85,320,0.161769757651598,0.0109265855319671,360,40,0.0547180069692151,389,69,"650"
"ICI 986",0.164435405595141,513,323,190,0.210195450190022,0.0361818987552414,485,295,0.151717485213856,508,318,"650"
"IDS28",0.137640746415373,409,289,120,0.230069276918046,0.0275665501496378,340,220,0.116556900130454,373,253,"650"
"IDS69",0.0735238699983837,463,108,355,0.129996190176154,0.0125572850906173,416,61,0.062435527570969,453,98,"650"
"IDS91",0.0462803465676055,395,39,356,0.128776811241675,0.00839378194421091,377,21,0.0415690095913833,388,32,"650"
"INB 101LFY/LFY (A632 X M16 S5)",0.223938503817093,588,354,234,0.196314190093336,0.0533229028393844,582,348,0.182669437711413,574,340,"650"
"INBRED 141",0.127220875785288,573,272,301,0.17170660141977,0.0408466308917714,620,319,0.127476401126008,582,281,"650"
"INBRED 2-687",0.129753195306373,519,275,244,0.192600887742806,0.0297773264200663,489,245,0.142406839116985,548,304,"650"
"INBRED 305",0.125876500091926,632,268,364,0.122502983454565,0.0185448694347167,491,127,0.089147519364083,544,180,"650"
"INBRED 321",0.0923233866703126,512,164,348,0.142397508903448,0.0275518044482334,567,219,0.0860466458953706,515,167,"650"
"K150",0.140937430932053,436,297,139,0.226345330313455,0.0316840916392514,399,260,0.120080452995516,400,261,"650"
"K41",0.12234103803379,527,261,266,0.184375085089808,0.0322050640876029,530,264,0.12335979916027,534,268,"650"
"K47",0.0771564206234094,347,120,227,0.199781462042249,0.0134149242209979,295,68,0.0673012250283412,334,107,"650"
"KUNG-70",0.024032882829705,335,10,325,0.157990249498057,0.00463989100377643,332,7,0.0206426548514951,334,9,"650"
"L 127",0.2054076638058,537,348,189,0.21052436410211,0.0401821869226041,506,317,0.195347581941728,534,345,"650"
"L 139",0.0599716714608416,267,74,193,0.209784406415493,0.0116202405623856,242,49,0.0583167764555926,279,86,"650"
"L 289",0.119721093999834,327,247,80,0.245578423876596,0.033653583312973,352,272,0.106706442575339,309,229,"650"
"LH1",0.0721673079318658,390,99,291,0.174515999976284,0.0210520501721251,444,153,0.0691455207637134,403,112,"650"
"LH119",0.0638552851589052,85,81,4,0.298007596798768,0.0186205895972619,132,128,0.0613687189169388,99,95,"650"
"LH128",0.0469016090508418,179,41,138,0.226416043287477,0.0137472206460004,212,74,0.0441555131264973,183,45,"650"
"LH143 (Maintainer)",0.18735800591086,372,338,34,0.267445753309428,0.0431296690314683,364,330,0.153573466278839,354,320,"650"
"LH146Ht",0.177133622955422,342,331,11,0.285621343437938,0.0514813093514163,355,344,0.160199409875925,335,324,"650"
"LH149",0.0952073569812499,172,170,2,0.303258465286411,0.0261446875652212,207,205,0.0893004527896755,183,181,"650"
"LH165",0.0468688465837545,330,40,290,0.174767815326698,0.0129353713500999,353,63,0.0435027014856264,331,41,"650"
"LH166",0.13044686022528,451,278,173,0.216009001200278,0.029555795222124,416,243,0.14369256759577,481,308,"650"
"LH181",0.120732700378149,566,253,313,0.165938859789031,0.0275156903333281,531,218,0.12870078781702,596,283,"650"
"LH184",0.344110749193841,410,365,45,0.260863375147713,0.0795027974035262,411,366,0.381517777014217,411,366,"650"
"LH190",0.112703751982378,464,223,241,0.193307815377441,0.0246813979862491,432,191,0.123892375760162,511,270,"650"
"LH192",0.121220979206271,435,256,179,0.213711267691141,0.0355804650752439,468,289,0.113837044095889,426,247,"650"
"LH194",0.137154787949861,602,287,315,0.165069739311826,0.0296212723762063,559,244,0.121860336555782,579,264,"650"
"LH195",0.183572012574035,471,337,134,0.227745207583082,0.0352156912038037,418,284,0.166858633222688,464,330,"650"
"LH197",0.161451950864104,367,318,49,0.259939506055728,0.0538325683008603,398,349,0.1708570252626,382,333,"650"
"LH198",0.109353601138946,217,209,8,0.292745147614914,0.0347973817542967,287,279,0.108260561443446,241,233,"650"
"LH202",0.124566277420671,322,266,56,0.255820631287388,0.0333737662836682,326,270,0.113537326106406,301,245,"650"
"LH204",0.0784586139227001,331,125,206,0.206568677607691,0.0218171407420757,367,161,0.0731501097678216,334,128,"650"
"LH205",0.0686329602578787,439,93,346,0.146196705979211,0.0136765216088434,419,73,0.0590547282765634,434,88,"650"
"LH206",0.170306396054265,364,329,35,0.266337059361069,0.0391102712458421,343,308,0.182830722660981,376,341,"650"
"LH208",0.0994243867156556,329,181,148,0.223226445266238,0.0148425357884632,238,90,0.0747836720230241,279,131,"650"
"LH209",0.121436234635646,280,257,23,0.277081888281603,0.0353974431447789,308,285,0.11985104201119,283,260,"650"
"LH214",0.118814087283124,461,242,219,0.202473778962184,0.0299037768063365,465,246,0.113743758760369,465,246,"650"
"LH215",0.117639721431037,537,239,298,0.172465886380377,0.0251197163186455,492,194,0.126932824767818,577,279,"650"
"LH222",0.0659348674566403,110,83,27,0.272617108907013,0.0124304051142389,86,59,0.0606174923031484,118,91,"650"
"LH223",0.053126481291593,95,54,41,0.264183197769014,0.0174805079601584,156,115,0.055124498573997,114,73,"650"
"LH224",0.17952126432714,683,333,350,0.138740387397907,0.0599132868992371,706,356,0.190245631047146,692,342,"650"
"LH295",0.0429974418544956,184,32,152,0.222176221850748,0.0120969666866662,209,57,0.0482814329281617,206,54,"650"
"LH60",0.063236518776773,338,79,259,0.186701700330221,0.019704361969608,398,139,0.0609905827157033,352,93,"650"
"LH74",0.0861535559675391,225,147,78,0.245880453396417,0.0259220696058472,280,202,0.0805372247050102,228,150,"650"
"LH82",0.0515146065881012,117,51,66,0.249494686151329,0.0111409035376815,110,44,0.0488171720353093,121,55,"650"
"LH93",0.100563484721125,517,186,331,0.15513939396673,0.023412541240604,508,177,0.0863709935870026,503,172,"650"
"LIBC 4",0.0527828609070716,166,53,113,0.232590269044322,0.0105474687047854,148,35,0.0447165088154242,159,46,"650"
"LP1 NR HT",0.115205508550431,375,231,144,0.224092843905431,0.0287401267478691,379,235,0.105551463448723,367,223,"650"
"LP5",0.0841495652632699,148,142,6,0.293359800654934,0.0231366574193382,178,172,0.0772980756026325,147,141,"650"
"M14",0.0593501194497328,350,73,277,0.180914457280749,0.0164241809090926,380,103,0.057335217325802,359,82,"650"
"MBPM",0.059342931477003,288,72,216,0.203585556265877,0.0176118786565474,332,116,0.0545466795491743,284,68,"650"
"MBWZ",0.159972915083441,605,317,288,0.175489008226919,0.0370563297821968,586,298,0.176869915232239,623,335,"650"
"MM501D",0.104690408448235,535,195,340,0.150267694860365,0.0282195487247711,569,229,0.123566066476289,609,269,"650"
"Mo17",0.0669018639726446,247,86,161,0.218894066634103,0.0143749764212599,246,85,0.0565107320177011,239,78,"650"
"Mo1W",0.0718928185354958,347,97,250,0.19032865280038,0.0233175350451737,425,175,0.0730630212875547,375,125,"650"
"Mo46",0.0913901620508479,497,160,337,0.152292513083744,0.0177588672572557,455,118,0.0761113551296635,473,136,"650"
"Mo47",0.112663673854147,330,222,108,0.233391483299071,0.0340654193702513,385,277,0.105624404387836,332,224,"650"
"Mo5",0.115805869136504,580,233,347,0.143456805412872,0.0228464251218055,516,169,0.0891388499196488,526,179,"650"
"MQ305",0.0835548916570361,344,139,205,0.206808272261492,0.0231162396285743,376,171,0.0759081790414831,339,134,"650"
"MS116",0.100356344772122,350,184,166,0.217513177985488,0.0299144926971062,413,247,0.0935157275285167,364,198,"650"
"MS132",0.0608668821603114,341,76,265,0.184728184309107,0.0141360209652658,345,80,0.0554953612815427,340,75,"650"
"MS200",0.0680010698007941,342,89,253,0.189897772820962,0.0117528137783907,306,53,0.0549450965764942,324,71,"650"
"MS211",0.10459485620764,348,194,154,0.221143992849432,0.0159965372875611,254,100,0.0801808539314753,303,149,"650"
"MS221",0.0505162889237032,117,49,68,0.249253295275995,0.00860871601138005,91,23,0.0433892122975286,108,40,"650"
"MS224",0.0900656939734902,264,155,109,0.233338431697611,0.0170925694528021,219,110,0.068735492516378,220,111,"650"
"MS225",0.0919549790234039,349,161,188,0.211058542188915,0.0278307442965119,413,225,0.0862676663264546,358,170,"650"
"MS226",0.0886149174622607,494,150,344,0.147642998568967,0.0280988429302244,572,228,0.0881677784265519,520,176,"650"
"MS24A",0.0482685476174893,326,43,283,0.177154060305884,0.0119661780640453,339,56,0.0399481222074144,313,30,"650"
"MS67",0.0747452016836423,472,112,360,0.125946821009865,0.021900433876001,522,162,0.0720399297386645,481,121,"650"
"MS71",0.110440394992758,295,213,82,0.244556078572962,0.0256279987685504,281,199,0.0919306514365058,273,191,"650"
"MS72",0.0980044580815572,398,177,221,0.201541267592336,0.0162892641447925,322,101,0.082234647627062,376,155,"650"
"N192",0.107784667396991,233,205,28,0.271734373238001,0.0188945601218662,159,131,0.0950977266355638,229,201,"650"
"N193",0.0293604875516505,52,16,36,0.265748530489439,0.00619765563388609,49,13,0.0244634909086964,51,15,"650"
"N200",0.0946306654222363,530,169,361,0.123939415046715,0.0178060700297061,480,119,0.0862337665209039,530,169,"650"
"N201",0.0727929767034307,133,104,29,0.269585445871177,0.0146594092869775,116,87,0.0609482097682606,121,92,"650"
"N209",0.120339727522559,614,251,363,0.122619746696619,0.0201174853479604,508,145,0.0974120906269722,568,205,"650"
"N211",0.0920293280576012,369,162,207,0.206515126283701,0.0270365005285397,419,212,0.0863084490909694,378,171,"650"
"N217",0.148821611586657,427,305,122,0.229979486594073,0.046569100397492,461,339,0.144250163027873,431,309,"650"
"N218",0.126285108178202,621,269,352,0.136903268381428,0.0368319122898832,649,297,0.121177975654951,614,262,"650"
"N28Ht",0.110078716939459,546,212,334,0.153025034344201,0.0276081315410593,555,221,0.0907308364076182,520,186,"650"
"N501",0.0243558426997962,339,11,328,0.155445301023305,0.0075634538670795,345,17,0.0234003658490172,339,11,"650"
"N523",0.1242799639463,266,265,1,0.316175959418616,0.0225101249546699,167,166,0.101041066529571,216,215,"650"
"N527",0.209972709806808,369,350,19,0.279011149613601,0.0608593656633738,379,360,0.199736314400702,365,346,"650"
"N534",0.0852834474522264,286,145,141,0.225213258194837,0.0141410121585202,222,81,0.0713545392066128,259,118,"650"
"N542",0.157966955700002,643,314,329,0.155429370189348,0.0302039897095827,579,250,0.144809581869323,640,311,"650"
"N6",0.0544199860351073,370,56,314,0.165849075437387,0.00915336586524152,339,25,0.0454528505066342,361,47,"650"
"NC250",0.243541066569904,541,357,184,0.212219242912445,0.053320996011935,531,347,0.269463209720343,545,361,"650"
"NC262",0.106398101095039,554,200,354,0.136058397735104,0.0230757722045626,524,170,0.0916912528450246,542,188,"650"
"NC294",0.0760005889887712,242,115,127,0.228768930642757,0.0155028369553853,221,94,0.0611515673180349,221,94,"650"
"NC310",0.135334489084625,301,284,17,0.279781112331199,0.0299818715831857,265,248,0.112073827611585,257,240,"650"
"NC326",0.108560898094682,436,208,228,0.199579953277728,0.0331298949016581,496,268,0.102500997889189,447,219,"650"
"NC328",0.0741746294967747,364,110,254,0.18952274009012,0.0174244337264557,368,114,0.0824672445021542,411,157,"650"
"NC342",0.0393477861630132,344,26,318,0.164408876295713,0.0121359520879632,376,58,0.0375280246400871,346,28,"650"
"NC412",0.10997062448105,466,211,255,0.188704021062091,0.0250631188548862,447,192,0.121415579515777,518,263,"650"
"ND259",0.0227793159404105,350,9,341,0.149871678653277,0.0049691217951586,351,10,0.02042866433589,349,8,"650"
"ND265",0.0831343155064559,232,138,94,0.237265854130281,0.0233039773367595,268,174,0.073078082576704,220,126,"650"
"NK740",0.195467100917037,643,344,299,0.172164960569208,0.0617539232453374,660,361,0.191716107371131,643,344,"650"
"NK778",0.0806954400653339,380,132,248,0.191080293537704,0.0190589903564904,381,133,0.0929174379772306,444,196,"650"
"NK807",0.12039604178944,476,252,224,0.200849536248137,0.0355217285529783,512,288,0.112434603473704,465,241,"650"
"NKS8326",0.156781832538176,639,312,327,0.155679749959673,0.0349902228149848,608,281,0.138957135528127,623,296,"650"
"NORTH 7",0.21173283836148,554,351,203,0.207465926374104,0.0660994663582593,565,362,0.204658641480883,553,350,"650"
"NQ508",0.159415084266638,447,315,132,0.228000622838827,0.0282653584539368,362,230,0.14043104385467,433,301,"650"
"NS501",0.0847907169283303,384,144,240,0.193901166065416,0.0268311465770643,451,211,0.0833351576102783,400,160,"650"
"NS701",0.121854518219898,565,259,306,0.170547350824145,0.0355084924597354,593,287,0.118641699663249,563,257,"650"
"NY6371",0.146866885765466,520,303,217,0.20349375355269,0.0393991953752511,527,310,0.139371837280355,515,298,"650"
"Ny821",0.0572022068122258,172,62,110,0.233249989633861,0.0132981842538683,176,66,0.0554645507032863,184,74,"650"
"OH33",0.101758818614368,371,189,182,0.213037901552744,0.0195637234242742,319,137,0.0834424460814569,343,161,"650"
"Oh40B",0.217892847010926,523,353,170,0.216898813207917,0.06059960682962,528,358,0.209135667841309,522,352,"650"
"Oh43",0.264873362065225,395,362,33,0.267594595525836,0.057438002391042,385,352,0.244517420167942,391,358,"650"
"Oh7",0.0839700424309522,492,141,351,0.137118319671398,0.0157844155469236,449,98,0.075656907393266,483,132,"650"
"OQ403",0.154881483358876,406,311,95,0.237204169617778,0.0334622283257806,366,271,0.168776110448733,427,332,"650"
"OQ603",0.045180029468786,53,37,16,0.279947137209446,0.00750152047904605,32,16,0.0378637016423789,45,29,"650"
"Os420",0.0508913361754183,105,50,55,0.256312185823698,0.011762043941208,109,54,0.0432346189058677,94,39,"650"
"OS602",0.0857279958121282,414,146,268,0.183862299008112,0.0189534206660963,400,132,0.0944844366581955,468,200,"650"
"Pa392",0.130649977355533,391,279,112,0.232605424619291,0.0289148411473235,348,236,0.144616818962962,422,310,"650"
"Pa405",0.0678573562787165,302,88,214,0.204089696981732,0.0116628639746085,265,51,0.0548160331838506,284,70,"650"
"Pa875",0.123347801348296,422,262,160,0.21889999384118,0.0327247145241898,425,265,0.112914169300407,403,243,"650"
"Pa880",0.0570105077185859,109,61,48,0.259950498041111,0.00976643491783864,75,27,0.046050737271246,98,50,"650"
"Pa91",0.0727257454226416,365,103,262,0.185516496456736,0.0211939740458185,417,155,0.0713808187639153,381,119,"650"
"PH207",0.0741889332968755,192,111,81,0.245297890114097,0.021156315100853,235,154,0.0665665033475077,187,106,"650"
"PHB09",0.0725087871798004,199,101,98,0.237002457178342,0.0117180292034811,150,52,0.0586484381004398,185,87,"650"
"PHB47",0.0263828587049225,113,14,99,0.236671339495707,0.00496831267054885,108,9,0.0234167752610627,111,12,"650"
"PHBA6",0.0766643197642268,164,117,47,0.260210647958541,0.0137646842849583,122,75,0.0683954663905687,157,110,"650"
"PHBB3",0.125143770376664,431,267,164,0.217718617858754,0.0213869823303496,320,156,0.107835458882774,395,231,"650"
"PHEG9",0.159903648048667,366,316,50,0.259410696921302,0.0381842590845084,354,304,0.181580572225936,389,339,"650"
"PHG29",0.14079831986618,632,296,336,0.152866788096993,0.0337309394032539,610,274,0.14341937162665,642,306,"650"
"PHG47",0.169141551898284,585,327,258,0.186789407909611,0.0280919250407252,485,227,0.140396131777754,558,300,"650"
"PHG71",0.0542306098156309,98,55,43,0.263066486506152,0.0163865364998087,145,102,0.0508204495633291,103,60,"650"
"PHG80",0.0390243821326106,201,25,176,0.215332643575758,0.0109643990148295,218,42,0.0439414649572407,219,43,"650"
"PHG83",0.137606453090423,318,288,30,0.269554034744626,0.0254008200490163,226,196,0.104697211030173,251,221,"650"
"PHG86",0.247626117946956,527,358,169,0.217002230038525,0.0702857704269965,533,364,0.225460533874488,525,356,"650"
"PHH93",0.143933210313456,599,302,297,0.173127412487584,0.0425398035830919,619,322,0.132277784619196,586,289,"650"
"PHHH9",0.115844025660964,430,234,196,0.209246977255635,0.0377704693216773,497,301,0.118616378995669,452,256,"650"
"PHHV4",0.118302786603857,344,241,103,0.23595897601355,0.0202171511569185,249,146,0.098432754817875,312,209,"650"
"PHJ70",0.104281861651892,558,193,365,0.111646921982014,0.0294484721570624,607,242,0.092204768812111,557,192,"650"
"PHJ89",0.110507144055644,346,215,131,0.228107736095784,0.0241252729913622,319,188,0.0906194236247295,315,184,"650"
"PHJ90",0.0573204961737931,273,65,208,0.206208893897981,0.01022654454186,240,32,0.043703635374817,250,42,"650"
"PHJR5",0.112814538711115,307,224,83,0.242707292155807,0.0330164429782302,349,266,0.106735669569785,313,230,"650"
"PHK35",0.105144537238761,262,198,64,0.250999540525834,0.0289215951986023,301,237,0.106323094087948,291,227,"650"
"PHK42",0.0976182064745516,337,175,162,0.218775998295961,0.0200947297933868,305,143,0.0823644272933563,318,156,"650"
"PHK56",0.105553930311883,538,199,339,0.151687699452177,0.0274505871572454,555,216,0.0936055876469783,538,199,"650"
"PHK74",0.0659576218056057,172,84,88,0.241261722955738,0.0181068173445736,211,123,0.057173867748759,169,81,"650"
"PHKE6",0.100168546240048,332,183,149,0.222861894515828,0.0237068318713773,330,181,0.0932490255447835,346,197,"650"
"PHM10",0.0139534937669956,315,3,312,0.16628692496844,0.00232173117828131,313,1,0.0113103551166708,315,3,"650"
"PHN11",0.0500274957738447,243,48,195,0.209697547877314,0.0135050908500637,264,69,0.0458480042094962,244,49,"650"
"PHN29",0.0799434033872536,430,130,300,0.172047239477873,0.0188873293986705,430,130,0.0682601189216818,409,109,"650"
"PHN66",0.0922051638861715,287,163,124,0.22912551791558,0.025080249026736,317,193,0.0844133844346725,287,163,"650"
"PHN82",0.119330978095227,517,243,274,0.181609428451441,0.0371179439402266,573,299,0.114861699720746,525,251,"650"
"PHP02",0.101675698583625,408,188,220,0.201991650067334,0.0331394854889674,489,269,0.10405724947027,440,220,"650"
"PHP55",0.135869196944494,382,285,97,0.237022109650385,0.0380051117599337,399,302,0.126446375243436,375,278,"650"
"PHP76",0.119491735822735,401,246,155,0.220192027747733,0.0266930539806912,364,209,0.102312243714514,373,218,"650"
"PHP85",0.0627228019050891,387,78,309,0.168250707531693,0.011042658273433,352,43,0.0557565670765033,385,76,"650"
"PHPR5",0.0423179678696835,254,29,225,0.200065884845481,0.0116413179581432,275,50,0.0367047692532953,249,24,"650"
"PHR03",0.0448765305236354,309,36,273,0.182784970421473,0.0135055574270951,343,70,0.0419558948529952,308,35,"650"
"PHR30",0.119354456832175,412,244,168,0.217032807191886,0.0258351468906462,369,201,0.130350905904606,454,286,"650"
"PHR31",0.0314536670206301,111,18,93,0.237512999220503,0.0102744668698228,126,33,0.0328139105335937,112,19,"650"
"PHR36",0.0680915804425607,393,90,303,0.171445581372042,0.0117884366982077,358,55,0.0543463631128991,370,67,"650"
"PHR47",0.0836755991824306,385,140,245,0.19209662586286,0.0173928149082482,358,113,0.0806213368405333,396,151,"650"
"PHR63",0.0802291367511922,329,131,198,0.207996019252264,0.0186629385548005,327,129,0.0693540221499361,312,114,"650"
"PHT10",0.162300964167405,557,319,238,0.194401066854388,0.039738388404641,551,313,0.146785430217634,552,314,"650"
"PHT47",0.113346462602211,500,225,275,0.18113622875488,0.0292185176864351,513,238,0.101394152445644,491,216,"650"
"PHT55",0.142455673731984,618,301,317,0.164546549557826,0.039516059708332,628,311,0.132622546671916,607,290,"650"
"PHTM9",0.19554336269427,460,345,115,0.230880791975622,0.0428829463578076,439,324,0.156218640775228,437,322,"650"
"PHV37",0.0495286186667962,188,46,142,0.22509409025505,0.0106789273876342,180,38,0.0425762526641839,178,36,"650"
"PHV57",0.0943573789752779,359,168,191,0.210017196766358,0.0276185297282506,413,222,0.0891177640880517,369,178,"650"
"PHV63",0.0674287509516886,371,87,284,0.177104990480579,0.0167066634268051,390,106,0.0761750702792865,421,137,"650"
"PHVA9",0.0292142191057199,133,15,118,0.230553838131012,0.00482779295401456,126,8,0.0237630143668324,132,14,"650"
"PHVJ4",0.164210870913389,429,322,107,0.233867338931307,0.0501220190711101,450,343,0.155069245183802,428,321,"650"
"PHW03",0.0692034970643063,178,94,84,0.242609362820324,0.0170453021566217,193,109,0.0634461071798857,186,102,"650"
"PHW17",0.0735063717938251,325,107,218,0.202579602712758,0.0239314707768495,401,183,0.0764859462149577,358,140,"650"
"PHW20",0.139465786134551,587,292,295,0.173374942189465,0.0437505131973521,628,333,0.135588703058746,587,292,"650"
"PHW30",0.117765124425407,503,240,263,0.18520933876042,0.027717905897058,486,223,0.13095399579078,550,287,"650"
"PHW43",0.103695696189841,377,192,185,0.21153952322274,0.0240763292318862,372,187,0.116614155624588,439,254,"650"
"PHW52",0.0102565845333967,159,1,158,0.219184725212517,0.00236570083754335,160,2,0.00878510002842697,159,1,"650"
"PHW53",0.11610098458675,567,235,332,0.15359476658441,0.0255375060114447,530,198,0.0984777454781085,542,210,"650"
"PHW80",0.0368204068797218,253,23,230,0.198661969983243,0.0106023953971525,266,36,0.0331445228701584,250,20,"650"
"PHWG5",0.0770210881585035,249,119,130,0.228114343192633,0.02142162753074,287,157,0.071818349657596,250,120,"650"
"PHZ51",0.0967033597814157,324,173,151,0.222315252401302,0.0234137993147486,329,178,0.0878482231045483,325,174,"650"
"Q381",0.149179964962037,411,306,105,0.234930162636549,0.0330939296612866,372,267,0.142247545569853,408,303,"650"
"R168",0.0830020829232989,302,137,165,0.217666257611809,0.0179698379658939,287,122,0.0757211259823583,298,133,"650"
"R177",0.10478951634033,539,196,343,0.149061068160914,0.0264923556721721,551,208,0.0928815948546004,538,195,"650"
"R181B",0.200617781699139,401,347,54,0.256731405728709,0.0453374995512512,389,335,0.207243180606157,405,351,"650"
"R226",0.0427944340506501,216,30,186,0.211507201042274,0.010926882517718,227,41,0.0371920920209126,211,25,"650"
"R229",0.0224235829647445,201,7,194,0.209743917431474,0.00739779920125344,209,15,0.023358122771654,204,10,"650"
"R71",0.100372028613787,216,185,31,0.268682508997115,0.0167925635160838,139,108,0.0833085905414171,190,159,"650"
"R78",0.0862062245339477,390,148,242,0.192944708102713,0.0190850149447845,376,134,0.0831469420830049,400,158,"650"
"SD101",0.263727398321017,386,361,25,0.276076323076446,0.0607857210346239,384,359,0.269493259843102,387,362,"650"
"SD102",0.0485798259574042,117,44,73,0.247977034874116,0.014236682069075,157,84,0.0457515716102735,121,48,"650"
"SD107",0.182473282665153,516,335,181,0.21326586579053,0.0429976913233347,509,328,0.202186891760498,530,349,"650"
"SD40",0.0927595578567443,265,165,100,0.236229119399524,0.0262496973470607,306,206,0.0887042909417714,277,177,"650"
"SD44",0.124204880058048,323,263,60,0.253662869298987,0.0350453232135094,342,282,0.130083940245905,345,285,"650"
"SG 30A",0.0366079469511389,343,22,321,0.16108483563054,0.0113605157729055,368,47,0.0351453371420546,344,23,"650"
"T242",0.0648890498294019,210,82,128,0.228467507639477,0.0113209573123373,174,46,0.0567432171218541,207,79,"650"
"Tr",0.0777839957040345,243,122,121,0.229989058414115,0.0226953935865871,289,168,0.077752849069297,263,142,"650"
"TZU-CHIAO-HSI-WU 105",0.115625362664093,358,232,126,0.228904727738702,0.0234018352015034,302,176,0.110990668219779,363,237,"650"
"Va26",0.103077001867832,501,191,310,0.168039511758654,0.0272689250614649,524,214,0.0874196119595105,483,173,"650"
"Va35",0.0732149023886589,315,106,209,0.205809627619698,0.0171204669205126,320,111,0.0654851473102782,314,105,"650"
"Va52",0.0712509239725273,103,96,7,0.293161738420734,0.0140966728408511,86,79,0.0709957848357384,122,115,"650"
"Va99",0.150396418664742,398,308,90,0.240888779531517,0.0360917350048014,381,291,0.156589717685288,413,323,"650"
"W182E",0.138023208360314,525,290,235,0.195782674961571,0.0317968249141884,496,261,0.122265984202396,500,265,"650"
"W22",0.0246719897138185,223,12,211,0.20515953321755,0.00694788885237644,225,14,0.0237066293244295,224,13,"650"
"W23",0.0895562480944105,190,153,37,0.265495580477776,0.0197240215079212,177,140,0.0712310945640625,153,116,"650"
"W24",0.140089942858884,504,294,210,0.205229390923332,0.0391708349877838,519,309,0.151740309391627,529,319,"650"
"W32",0.063520869398984,309,80,229,0.198872892087135,0.0185215841919164,354,125,0.0630097014095416,329,100,"650"
"W37A",0.0731952005013584,421,105,316,0.164901407745839,0.0193829775873309,451,135,0.0618147243287595,412,96,"650"
"W552",0.0584770531888154,407,69,338,0.151713403265379,0.0103832168820602,372,34,0.0521942663634085,400,62,"650"
"W603S",0.0481386553926036,323,42,281,0.177811161486823,0.00907401705427075,305,24,0.0425877256825788,318,37,"650"
"W604S",0.134916440891246,532,283,249,0.190929007073705,0.0361241600310452,541,292,0.12420514286735,522,273,"650"
"W605S",0.0683725855942368,144,91,53,0.256785941279983,0.0129436863033588,117,64,0.0528707514856839,119,66,"650"
"W607S",0.147444402441987,639,304,335,0.152926173106494,0.0365247596658334,631,296,0.122392098329166,601,266,"650"
"W610S",0.0607907252494798,399,75,324,0.158280956361023,0.0146518205351219,410,86,0.0528251974756644,389,65,"650"
"W611S",0.102008049627992,469,190,279,0.179223338485117,0.0312857100293586,537,258,0.0967499425020693,482,203,"650"
"W612S",0.084187843214262,432,143,289,0.174848655790414,0.0215184944265984,448,159,0.0731135639479855,416,127,"650"
"W614S",0.0752832287970693,259,113,146,0.223557382675147,0.0173647816380327,258,112,0.0634005477836687,247,101,"650"
"W64A",0.0780617043263074,276,123,153,0.221695942036567,0.0148388585419452,242,89,0.0597153361260523,243,90,"650"
"W701BC",0.0909532812492945,270,159,111,0.233052039806035,0.0260817212591952,315,204,0.0816842373344275,264,153,"650"
"W803G",0.0495628371152691,373,47,326,0.157063733152493,0.0151569020108049,417,91,0.0468824626298503,379,53,"650"
"W809G",0.119790154463025,396,249,147,0.22331496378265,0.030532436017785,399,252,0.143215262396531,452,305,"650"
"W810G",0.0446786688113179,112,35,77,0.246243909013176,0.0106120275938076,114,37,0.0416678787434858,111,34,"650"
"W811G",0.055852533546547,334,58,276,0.181079515392525,0.0155486294074339,371,95,0.0550489346512513,348,72,"650"
"W813G",0.107794416357684,343,206,137,0.227130298154497,0.017735373428901,254,117,0.0881583471272468,312,175,"650"
"W8304",0.110900817993332,312,216,96,0.237150251883325,0.0318456946456485,359,263,0.0992425423808755,308,212,"650"
"W9",0.110441293264368,411,214,197,0.20885983981324,0.0246469291355236,387,190,0.100495386199533,410,213,"650"
"WIL900",0.0109863122329102,344,2,342,0.149562772216034,0.00348483864381076,347,5,0.0108311857087615,344,2,"650"
"WU-TAN-TZAO",0.130120005138322,626,277,349,0.140875769539366,0.0306447789232824,602,253,0.148312258079543,664,315,"650"
"YE 4",0.119739206830877,606,248,358,0.126976176648423,0.0220100533237427,522,164,0.105523988356415,580,222,"650"
"YING-55",0.375673272869341,380,366,14,0.281646936793301,0.0781606545030101,379,365,0.339163375868439,379,365,"650"
"Yu796 NS",0.079165596133489,297,126,171,0.216516516246411,0.0214572387257144,329,158,0.0723948569771161,293,122,"650"
"ZS365",0.157212247044945,564,313,251,0.190236432545856,0.0464889580060122,589,338,0.14663493871682,564,313,"650"
"ZS635",0.0248997867826973,142,13,129,0.228434232498374,0.00785661046283098,147,18,0.025294809415977,145,16,"650"
"1538",0.0633296635530515,272,71,201,0.246677231879235,0.0136058977171621,271,70,0.051108104414019,262,61,"700"
"29MIBZ2",0.0551942896390591,98,51,47,0.303884345401394,0.0150916749533113,130,83,0.0471044837265137,98,51,"700"
"2FACC",0.0901495785483353,197,139,58,0.299345772713213,0.0204190928937621,200,142,0.0664197205955584,169,111,"700"
"2MA22",0.0415299969402372,330,29,301,0.207434598712284,0.011547278215032,347,46,0.0369809050616362,331,30,"700"
"3IJI1",0.161326295323327,583,309,274,0.219554706141485,0.0369446288757209,574,300,0.118633325889367,533,259,"700"
"4226",0.17054579920788,431,325,106,0.277297936007364,0.0339365030667309,374,268,0.163014879123011,432,326,"700"
"4N506",0.127899117924563,435,243,192,0.249558932752831,0.0303416473276121,428,236,0.121448850649779,458,266,"700"
"6M502",0.171723895246128,375,326,49,0.303864747146522,0.0402304872493536,369,320,0.127382143201253,326,277,"700"
"6M502A",0.190789846783205,508,338,170,0.255858947967557,0.0462423493806623,505,335,0.167863295658002,506,336,"700"
"764",0.0835105365404109,313,119,194,0.24940220278851,0.0176054560618422,302,108,0.0852671320193953,355,161,"700"
"78010",0.0916841011416747,356,142,214,0.243163722988479,0.0220975172205145,375,161,0.0817117794881674,361,147,"700"
"793",0.0612198655564507,265,66,199,0.247998380202474,0.0176262506515722,308,109,0.055759068410736,277,78,"700"
"87916W",0.152518671618738,375,295,80,0.287200641452304,0.0440820654513095,409,329,0.133070132536339,370,290,"700"
"911",0.0456149825934511,134,33,101,0.278822653203075,0.00881828463105157,125,24,0.0379399751037398,134,33,"700"
"912",0.0197520994888,276,5,271,0.219853149715236,0.00396239598400775,275,4,0.0158341150700722,277,6,"700"
"91IFC2",0.073649004988707,165,101,64,0.296909493864038,0.0203686573267274,203,139,0.0622700388087874,160,96,"700"
"A",0.116082134003982,456,209,247,0.229673031381132,0.02665654686031,449,202,0.0868113008738127,411,164,"700"
"A208",0.0575456840167807,309,55,254,0.225770167412002,0.0111186426691662,294,40,0.0455591198039512,299,45,"700"
"A239",0.0785396446291801,168,111,57,0.299370761254498,0.0171967272221402,161,104,0.0641837643121258,159,102,"700"
"A272",0.100644315611322,497,164,333,0.191207485483595,0.0296662607687027,562,229,0.0931584936024367,519,186,"700"
"A305",0.114751370767776,387,200,187,0.251314155787538,0.021930612389842,345,158,0.0875382041303093,356,169,"700"
"A322",0.0553579453404173,182,53,129,0.270819560918038,0.0162822205111588,224,95,0.0488642187377325,182,53,"700"
"A334",0.0462284626564773,101,36,65,0.295567248183675,0.0112682795322249,107,42,0.0384659168278378,99,34,"700"
"A340",0.126790827527971,270,239,31,0.312426590328092,0.0393178908869695,346,315,0.119994829291343,295,264,"700"
"A374",0.166244001024822,328,321,7,0.334621276533842,0.042459047284692,332,325,0.16162624979514,332,325,"700"
"A385",0.106805250804002,400,174,226,0.238227263712978,0.0300762194115413,458,232,0.0906271699814001,406,180,"700"
"A401",0.116876964690188,479,211,268,0.220142896441815,0.0248283453686209,450,182,0.0942839925888549,456,188,"700"
"A427",0.0761138711484824,163,108,55,0.300835840979604,0.0188985864141497,177,122,0.0782126488014439,198,143,"700"
"A548",0.103202182637721,240,170,70,0.294709013189589,0.0282536946899025,292,222,0.0879041221890303,242,172,"700"
"A572",0.085622822030833,257,125,132,0.270298764496101,0.0208497321244915,279,147,0.070664366997586,252,120,"700"
"A619",0.0809529946155228,282,116,166,0.257244503888769,0.0155453914002427,254,88,0.0679391643527035,281,115,"700"
"A627",0.161811434340771,606,311,295,0.210113100948288,0.0442378970563553,625,330,0.13812665652272,596,301,"700"
"A632",0.187750882794517,497,335,162,0.258838862292798,0.0531644522574807,512,350,0.165317120370135,493,331,"700"
"A635",0.11567858013476,424,208,216,0.241210500993087,0.0302215534747425,450,234,0.105450670631025,439,223,"700"
"A641",0.16798270523231,601,323,278,0.218950707666179,0.0519667918646612,626,348,0.158438392184067,602,324,"700"
"A648",0.25899259436159,595,358,237,0.233394911422528,0.0554603997289912,590,353,0.236803619437408,596,359,"700"
"A663",0.0486506458527682,171,38,133,0.270227892943614,0.010963342478072,170,37,0.0521396083556515,195,62,"700"
"A672",0.147589113610056,363,289,74,0.292444050372842,0.0296294554950217,302,228,0.136831722706961,372,298,"700"
"A674",0.0973038134330748,178,155,23,0.31950754010928,0.0168740495656535,124,101,0.0752565782834263,153,130,"700"
"A679",0.146067582751292,415,285,130,0.270718863735533,0.0311891163889172,376,246,0.119458444226136,391,261,"700"
"A680",0.0306360502087493,89,16,73,0.293900544762995,0.00588072461158614,84,11,0.0242065100827389,86,13,"700"
"A682",0.264189908332727,626,360,266,0.221087493679749,0.0492738624449375,606,340,0.201910678166594,617,351,"700"
"A71",0.0911512682211312,161,140,21,0.32052982756339,0.0180075837169478,134,113,0.0726843473384291,145,124,"700"
"A73",0.166805218861274,350,322,28,0.314760844583848,0.0445853820057611,359,331,0.146364407098206,345,317,"700"
"A797NW",0.0735297963705144,330,99,231,0.235174179940876,0.0203293827119257,369,138,0.0652468402691439,336,105,"700"
"AQA3",0.134404015712161,357,259,98,0.279948950892564,0.0285918348142582,322,224,0.125622638932311,372,274,"700"
"AS6103",0.199778441336327,465,342,123,0.273418697174574,0.0497361390501117,466,343,0.222402664043681,479,356,"700"
"AusTRCF 306238",0.0881937392855786,499,135,364,0.146251951174169,0.0212063875610337,513,149,0.0770474054897396,500,136,"700"
"B-18 INBR.FR.SUPERGOLD",0.109406751910588,231,188,43,0.307076954830685,0.0282192917125869,262,219,0.0892781333812552,219,176,"700"
"B-28",0.159525754029853,386,307,79,0.287671899171198,0.0436310475652812,407,328,0.136080352658567,375,296,"700"
"B103",0.163948392081835,435,316,119,0.274847403668741,0.034202068682153,389,270,0.165809804491425,451,332,"700"
"B104",0.0861941941058231,351,129,222,0.239487999691176,0.0176267248828849,332,110,0.0850953172315279,380,158,"700"
"B105",0.112674581400337,349,195,154,0.261574972260427,0.0350192984263478,430,276,0.106978796857172,382,228,"700"
"B108",0.0869718129219652,252,131,121,0.27404458219929,0.0127856525928846,180,59,0.0609491735045501,213,92,"700"
"B109",0.234404769685762,645,353,292,0.212183351589047,0.0707803869395369,655,363,0.213841302209562,645,353,"700"
"B110",0.0915295983496744,334,141,193,0.24954878925011,0.0216415266325646,348,155,0.0957020623848135,387,194,"700"
"B111",0.082353895205086,164,118,46,0.304645774745995,0.0181660875419977,162,116,0.0626560222810533,144,98,"700"
"B115",0.115041140395937,545,203,342,0.18248332442997,0.0250364180997402,526,184,0.0873466457073517,509,167,"700"
"B119",0.0889866669649654,405,136,269,0.220079711102538,0.0258921551678418,460,191,0.0776051881974082,410,141,"700"
"B120",0.227329833766993,419,352,67,0.295177802366289,0.0482220515691759,405,338,0.221126884570599,422,355,"700"
"B121",0.120776459196672,422,217,205,0.245897070096661,0.032067044728066,460,255,0.110128964031901,447,242,"700"
"B14A",0.197662284233323,636,339,297,0.208816413430488,0.044769616969419,629,332,0.150519711487404,616,319,"700"
"B164",0.0853380590350699,175,124,51,0.303364699524556,0.0222703419771268,213,162,0.077741129059747,193,142,"700"
"B2",0.139849115940868,572,272,300,0.207560780560499,0.0313477499866746,549,249,0.127742560777386,581,281,"700"
"B37",0.153151424232893,540,297,243,0.231421433453674,0.0332483509258446,504,261,0.116466289705436,497,254,"700"
"B47",0.0281851937180669,289,12,277,0.219220702415923,0.00510004177336931,285,8,0.0242485085372898,291,14,"700"
"B57",0.0152780753416602,299,3,296,0.209014532526133,0.00417525029653278,302,6,0.0130510355760273,298,2,"700"
"B66",0.174496146579778,502,329,173,0.255583481086415,0.0386726353874213,485,312,0.142987383961304,483,310,"700"
"B68",0.174361807524345,633,328,305,0.206409113700251,0.0430797932708671,631,326,0.132299744673202,592,287,"700"
"B73",0.186059668432083,415,333,82,0.286961527135461,0.0525537117982122,431,349,0.163843395555415,411,329,"700"
"B75",0.113043309165727,558,197,361,0.150799864250805,0.0354763945757586,645,284,0.109599851204798,601,240,"700"
"B76",0.129361025966133,284,247,37,0.311204832743992,0.0200042477512764,171,134,0.0956368126634297,230,193,"700"
"B77",0.141679194846079,558,276,282,0.215910827496777,0.031180662491327,527,245,0.117781408256401,539,257,"700"
"B79",0.154433100445558,617,299,318,0.198315773807083,0.0385580154569927,626,308,0.167645119875064,652,334,"700"
"B87",0.112414108425202,275,194,81,0.286975617053967,0.0311516965476588,325,244,0.0950120500270605,271,190,"700"
"B88",0.0233018528283194,293,8,285,0.215066210853054,0.00706417435026293,301,16,0.0213708234961333,293,8,"700"
"B91",0.113700015197286,238,199,39,0.308750203680245,0.0243296384088237,217,178,0.100841692608605,251,212,"700"
"B97",0.0682332994593475,419,87,332,0.191446827493114,0.0119245465925853,384,52,0.0528139630301079,398,66,"700"
"BEI 10 = NORTH 10",0.0991976843910389,402,161,241,0.232288241874867,0.027502528964644,453,212,0.0852885914102676,403,162,"700"
"BO9",0.35509439860033,449,365,84,0.286462696277235,0.079941330053502,449,365,0.342170509430677,448,364,"700"
"CA-4",0.107044967557706,403,176,227,0.236631109984847,0.0294432510505275,454,227,0.0926762426255607,412,185,"700"
"CG102",0.121437149322998,416,221,195,0.249146858234872,0.0316078473382404,446,251,0.0998501134714716,401,206,"700"
"CH701-30",0.0699251158389992,234,90,144,0.264475314282558,0.011548313876863,191,47,0.0524573362652798,207,63,"700"
"CH711-10",0.100161276751048,470,163,307,0.204796511644133,0.0255802539793455,496,189,0.0875231220003391,475,168,"700"
"CH753-4",0.163660881772131,521,315,206,0.245825671074263,0.0361877911463968,501,295,0.144586190652355,517,311,"700"
"CH9",0.164636061783681,514,317,197,0.248386250681604,0.0385733611230943,506,309,0.169204287041956,535,338,"700"
"CI 40H",0.0975956202381102,181,157,24,0.318723479612885,0.0266053382676655,223,199,0.083841774792826,177,153,"700"
"CM105",0.119876707431829,234,214,20,0.320994191682375,0.024001135713571,195,175,0.0975250778578002,222,202,"700"
"CQ702RC",0.0856299987638064,278,126,152,0.261784744437687,0.0244646395355823,332,180,0.073384729929432,278,126,"700"
"CR 22 INBRED",0.14566247127951,285,282,3,0.339931638913412,0.0324404897510375,260,257,0.135347165349398,296,293,"700"
"DE2",0.102763657580312,441,169,272,0.21983544188834,0.0282435225392598,493,221,0.0871591781129101,437,165,"700"
"DE3",0.0899869331152894,504,138,366,0.0793672161163019,0.0175929484603767,473,107,0.0741012993283184,493,127,"700"
"DE4",0.088008769575984,233,134,99,0.279698203440532,0.0186415050397025,219,120,0.0720469128676207,222,123,"700"
"DE811",0.0634380442362932,257,72,185,0.251410988019465,0.0111467908853918,226,41,0.0502298243508183,242,57,"700"
"DJ7",0.130637543643549,457,250,207,0.245635073956548,0.0305157468870432,445,238,0.127437571294996,486,279,"700"
"DK3IIH6",0.156293329843421,402,302,100,0.27925868779356,0.033714848552598,367,267,0.136067860921221,395,295,"700"
"DK4676A",0.126492995708685,363,238,125,0.271561257497769,0.0355416273466083,411,286,0.106766305295894,352,227,"700"
"DK78002A",0.26903210182171,377,361,16,0.322448450312598,0.0582993970277691,372,356,0.273467715097463,377,361,"700"
"DK78010",0.0553292607815282,114,52,62,0.297230240157362,0.0144806882543531,142,80,0.0504911435577222,121,59,"700"
"DK78371A",0.0842684293918806,361,121,240,0.232428984374352,0.0198519638317163,372,132,0.0953566355181537,432,192,"700"
"DKFAPW",0.139242591276425,286,271,15,0.322464835694182,0.0397407098640442,332,317,0.119229582431645,275,260,"700"
"DKFBHJ",0.070491714609332,206,91,115,0.275657256106018,0.0159085321880105,205,90,0.0692648503648283,233,118,"700"
"DKMBNA",0.0663659443327712,177,82,95,0.281793415839197,0.0167481240875845,194,99,0.0546262452022555,168,73,"700"
"DKPB80",0.0299623872740728,23,15,8,0.334496542260714,0.00706160081957171,22,14,0.0316862420052344,31,23,"700"
"E8501",0.12467574638832,455,234,221,0.24019685986055,0.0278807983568123,438,217,0.100301260269698,430,209,"700"
"EAST 028",0.0893147851136573,146,137,9,0.329837660272868,0.0196460460310515,140,131,0.0708584716752318,131,122,"700"
"Eng-Li Chih",0.154566477551914,311,300,11,0.328863291218739,0.0334595647619851,275,264,0.131215294486248,296,285,"700"
"F118",0.241768463093188,496,356,140,0.267389413761609,0.0557504100902485,494,354,0.247577749442458,500,360,"700"
"F2834T",0.109206654044011,438,187,251,0.227978154230528,0.0324585642937847,509,258,0.0976197588252824,455,204,"700"
"FBLA",0.220190469165896,388,350,38,0.311156602881058,0.049958440739406,383,345,0.230568239930037,396,358,"700"
"FR19",0.145958265425883,643,284,359,0.160489223263903,0.0261486726598404,555,196,0.124916039207463,630,271,"700"
"H105W",0.0873896796120275,390,133,257,0.224585598077802,0.0276033489461161,472,215,0.0851551398875531,416,159,"700"
"H110",0.1136959219249,370,198,172,0.255696512207651,0.0203794409946391,312,140,0.0883375877095041,346,174,"700"
"H113",0.115556866320835,442,207,235,0.233633429934196,0.0252399392862079,423,188,0.10498349124883,456,221,"700"
"H121",0.148184811793761,501,290,211,0.243854882831468,0.0350265975718138,488,277,0.132798581913721,499,288,"700"
"H122w",0.0712506281419389,406,93,313,0.202493486405442,0.0201624819140585,450,137,0.0606309805134897,404,91,"700"
"H5",0.101669198279318,269,167,102,0.278070577210285,0.019394315350307,230,128,0.089872481989568,281,179,"700"
"H71",0.164934121570194,486,318,168,0.255907518236324,0.0361484568782703,462,294,0.12891722960361,451,283,"700"
"H84",0.107195128082461,467,178,289,0.213074245276789,0.0251779121577218,476,187,0.112953017223035,535,246,"700"
"H91",0.0635138873040356,292,73,219,0.240467926681512,0.014477785773226,298,79,0.0643506274614501,322,103,"700"
"H95",0.1242974401336,534,232,302,0.207393002510305,0.0334407689492471,565,263,0.100494579654923,512,210,"700"
"H96",0.095498698567302,448,150,298,0.208348812167192,0.0201319610164634,433,135,0.097398152065376,498,200,"700"
"H99",0.0835597460586578,284,120,164,0.258216145584119,0.0234387650223254,334,170,0.0707739198032128,285,121,"700"
"HP301",0.0543979388321604,308,49,259,0.224356474403709,0.0171272169339075,362,103,0.0526235840008452,324,65,"700"
"HUOBAI",0.120925839276057,547,218,329,0.192876363762862,0.0331253093865645,588,259,0.102918183903695,544,215,"700"
"Hy",0.0373918196130411,369,23,346,0.179199228858935,0.00791706995544465,368,22,0.0306053033136214,368,22,"700"
"I29",0.320027546903234,376,363,13,0.323446806939849,0.0698798713151602,375,362,0.294883830019947,375,362,"700"
"Ia 453",0.0804765957689802,120,114,6,0.335399096116216,0.0192938171412117,133,127,0.0920024639097005,189,183,"700"
"IA2132",0.12348650136944,273,229,44,0.305018283425956,0.034758705850915,317,273,0.104758452991555,264,220,"700"
"IBB15",0.0148627970239238,36,2,34,0.312174722526741,0.00403360522505874,39,5,0.0131728616155716,37,3,"700"
"IBC2",0.131608484367559,394,252,142,0.264652200755341,0.0357190192748559,431,289,0.117586753082621,397,255,"700"
"ICI 193",0.0522336828051313,186,43,143,0.264480932748434,0.0142406181302769,218,75,0.0605455451067531,233,90,"700"
"ICI 740",0.098238470795385,306,159,147,0.263092700731689,0.0194261278768713,276,129,0.0772661221607191,285,138,"700"
"ICI 893",0.0663514308152481,384,81,303,0.20683947191887,0.0110793077039158,342,39,0.0537777941652985,375,72,"700"
"ICI 986",0.162455015076478,487,313,174,0.255203549482985,0.0314014343307421,424,250,0.145460002818208,489,315,"700"
"IDS28",0.122494060679941,319,225,94,0.282457443742189,0.0233160233809408,263,169,0.0969628486260519,292,198,"700"
"IDS69",0.0643879744401232,431,76,355,0.161479973384037,0.0150851409895219,437,82,0.0677698765756224,468,113,"700"
"IDS91",0.0527658769100081,401,44,357,0.160920678907171,0.00971814891151345,388,31,0.0460035750711143,405,48,"700"
"INB 101LFY/LFY (A632 X M16 S5)",0.261088551625478,607,359,248,0.229387134837718,0.0583860225836873,605,357,0.193111718349724,597,349,"700"
"INBRED 141",0.143182392708203,558,278,280,0.217603241298207,0.0449102160186114,613,333,0.137748822739801,579,299,"700"
"INBRED 2-687",0.134138158320429,490,257,233,0.234590888988638,0.0273585025626209,443,210,0.127603082906914,513,280,"700"
"INBRED 305",0.134810022747851,622,260,362,0.148075256001701,0.0201382615439297,498,136,0.0975526781970106,565,203,"700"
"INBRED 321",0.0751681266544055,454,105,349,0.175174383465269,0.0213656504504563,500,151,0.0641606263353449,450,101,"700"
"K150",0.161793482507371,426,310,116,0.2752494900392,0.0335581035194077,382,266,0.12444030624247,386,270,"700"
"K41",0.10769442686597,448,181,267,0.220664746724866,0.0238755696459843,440,173,0.0882226471949114,440,173,"700"
"K47",0.107074165575125,405,177,228,0.236594372262201,0.0179307293342975,340,112,0.0828322156091471,378,150,"700"
"KUNG-70",0.0172571465677938,340,4,336,0.18668595746879,0.00380153861389961,339,3,0.0139620412736729,340,4,"700"
"L 127",0.204192910594858,524,343,181,0.252997333413835,0.0398973618959943,499,318,0.191966181037436,529,348,"700"
"L 139",0.0965541493966586,336,153,183,0.252225484606193,0.0213682993252779,335,152,0.103533124573588,400,217,"700"
"L 289",0.13519716776746,357,261,96,0.28127414662915,0.0351589597625606,375,279,0.107391609106551,328,232,"700"
"LH1",0.0632511434724961,377,69,308,0.204570549040069,0.017247415046582,413,105,0.05910957809146,393,85,"700"
"LH119",0.0662935503711271,84,80,4,0.338080372467175,0.0180145088073436,118,114,0.057729163540381,88,84,"700"
"LH128",0.0227642447788819,166,7,159,0.260219888087994,0.00488967633020202,166,7,0.0187459030285132,166,7,"700"
"LH143 (Maintainer)",0.216515164660974,376,349,27,0.314924439922379,0.0462177516136718,361,334,0.178900915573906,369,342,"700"
"LH146Ht",0.180822008618645,348,331,17,0.322428422573513,0.0494752005898393,358,341,0.150898452606611,337,320,"700"
"LH149",0.0942011963205678,149,148,1,0.348556097963804,0.0260483245861818,196,195,0.083914687918897,156,155,"700"
"LH165",0.0353107931036849,309,21,288,0.213312002368713,0.0102747763594822,323,35,0.032392887541569,312,24,"700"
"LH166",0.157427198683255,482,305,177,0.254611750549869,0.0349436400088538,452,275,0.167796784960065,512,335,"700"
"LH181",0.152074277732057,602,293,309,0.203987795549491,0.0343492866691842,580,271,0.147429255408641,627,318,"700"
"LH184",0.350094922008934,409,364,45,0.304663390306742,0.0807958348921905,411,366,0.360542178031969,411,366,"700"
"LH190",0.113006711730387,451,196,255,0.225734919527121,0.0239991375261272,429,174,0.116268173716271,508,253,"700"
"LH192",0.12967544100247,451,248,203,0.24607127457191,0.0357403867352808,493,290,0.109781262908045,444,241,"700"
"LH194",0.189110396604777,658,337,321,0.196330743750762,0.040828618293412,643,322,0.145417757414062,635,314,"700"
"LH195",0.198458156006913,468,340,128,0.270956138535849,0.0380827023039772,431,303,0.180204626217188,471,343,"700"
"LH197",0.14671739886148,352,286,66,0.295535262750819,0.0432672016351831,393,327,0.135849433999858,360,294,"700"
"LH198",0.123366078476292,238,228,10,0.328906387697169,0.0363996481833614,306,296,0.109299452633884,249,239,"700"
"LH202",0.149521488773429,361,292,69,0.295158066632655,0.0368661979149269,367,298,0.130314602297802,353,284,"700"
"LH204",0.11487256526066,427,202,225,0.238648245670293,0.0346861077183293,497,272,0.108181392477949,461,236,"700"
"LH205",0.0672150749557923,435,84,351,0.17176044483425,0.0148054941285073,432,81,0.0652791588678506,458,107,"700"
"LH206",0.140093553781262,326,274,52,0.302942219350367,0.0307539564542058,294,242,0.1274051417637,330,278,"700"
"LH208",0.101596446640722,333,166,167,0.257096221674818,0.0189477111352496,291,124,0.0820620090211044,316,149,"700"
"LH209",0.115532600851453,232,206,26,0.315544243112501,0.0280435495211758,244,218,0.100978850293119,239,213,"700"
"LH214",0.12191426796351,467,222,245,0.230844923465934,0.0268725306989947,450,205,0.107298162412141,475,230,"700"
"LH215",0.117030905394283,505,212,293,0.211796116263904,0.0258381415105318,483,190,0.119693792884782,555,262,"700"
"LH222",0.0954334773217071,161,149,12,0.323901005023784,0.0157049293931162,101,89,0.0742892888171978,140,128,"700"
"LH223",0.0857369681524017,167,127,40,0.308592021221376,0.0242943416961497,217,177,0.0772703753750651,179,139,"700"
"LH224",0.165890596909617,674,320,354,0.169489908544492,0.0502231182123503,700,346,0.151866354178676,675,321,"700"
"LH295",0.0533525797003258,197,46,151,0.262014931787231,0.0116299091505032,199,48,0.0555762065527281,228,77,"700"
"LH60",0.0582943325133042,325,60,265,0.221501839608163,0.0181242029402191,380,115,0.0553750585232418,341,76,"700"
"LH74",0.0725451074250227,156,96,60,0.298968510616289,0.0205027574736498,204,144,0.0616833765741756,155,95,"700"
"LH82",0.0851312810153011,179,123,56,0.29978121779373,0.018544392231362,175,119,0.0770501468880325,193,137,"700"
"LH93",0.104190191349286,499,171,328,0.19338302537778,0.0241551242918862,504,176,0.0852288832931442,488,160,"700"
"LIBC 4",0.0461757237711852,124,35,89,0.28585761015193,0.00882456942581327,114,25,0.0411158708644975,126,37,"700"
"LP1 NR HT",0.126464795655834,376,237,139,0.267506589856972,0.0300846265520636,372,233,0.100795934916834,350,211,"700"
"LP5",0.0576090277164976,75,56,19,0.32183786963103,0.0152010623290989,105,86,0.0482666810878772,71,52,"700"
"M14",0.0512068298459833,303,41,262,0.222276484223292,0.0133998866268665,329,67,0.0529217103740995,329,67,"700"
"MBPM",0.0687121541523857,303,88,215,0.243077612502655,0.0161808588352091,308,93,0.0575574394967754,298,83,"700"
"MBWZ",0.158123461074955,596,306,290,0.212973004079203,0.0353537470016301,573,283,0.166767383195208,623,333,"700"
"MM501D",0.124212042377195,556,231,325,0.193890900897046,0.0306936715382612,564,239,0.138368131042492,627,302,"700"
"Mo17",0.0609143701164288,226,65,161,0.25963779268009,0.0120573633376877,215,54,0.0497937945903794,216,55,"700"
"Mo1W",0.0652734479800341,331,79,252,0.225993223977495,0.0171128714714683,354,102,0.0561831581128705,331,79,"700"
"Mo46",0.0930559481454711,488,144,344,0.181390513606233,0.0151565508071481,428,84,0.0677984597293358,458,114,"700"
"Mo47",0.142593725139309,390,277,113,0.27580561381211,0.0390666193176025,427,314,0.121336034132565,378,265,"700"
"Mo5",0.136066987408916,582,265,317,0.198963378144573,0.0319177715922809,570,253,0.108487455782539,555,238,"700"
"MQ305",0.0729581910433996,305,97,208,0.245363021236847,0.0190439027915941,333,125,0.0598725742165226,296,88,"700"
"MS116",0.120583229756457,404,216,188,0.250739763371846,0.0302715302218593,423,235,0.107384139035755,419,231,"700"
"MS132",0.0577008125350663,308,58,250,0.228805341731191,0.00956394638351401,279,29,0.0463858118235195,299,49,"700"
"MS200",0.0529011362782148,291,45,246,0.230041421333929,0.00932373494915602,274,28,0.0447633696826667,289,43,"700"
"MS211",0.108224410462623,329,183,146,0.263481314938725,0.0162114110432681,240,94,0.0775221052484842,286,140,"700"
"MS221",0.0707738618207747,180,92,88,0.285872969216409,0.0135869365731448,157,69,0.0594236375147754,175,87,"700"
"MS224",0.120302437000784,302,215,87,0.286000516756031,0.0224510913288512,250,163,0.091425631590287,269,182,"700"
"MS225",0.116540251573686,388,210,178,0.254508284867483,0.0339761685238964,447,269,0.105531172408374,402,224,"700"
"MS226",0.0934638987648145,488,147,341,0.184187597960873,0.0275086704582731,555,214,0.0843524579100416,497,156,"700"
"MS24A",0.0554771921626145,345,54,291,0.212343128884834,0.0143983401116701,369,78,0.0446586733532731,333,42,"700"
"MS67",0.0859242282558685,488,128,360,0.151465038845007,0.0190666867894767,486,126,0.0695956801686216,479,119,"700"
"MS71",0.0955295763420752,226,151,75,0.292377654396088,0.0208008192884866,221,146,0.0873111829928691,241,166,"700"
"MS72",0.112210520640179,382,193,189,0.250129508601558,0.0194618889256428,319,130,0.0938521357083889,376,187,"700"
"N192",0.153009821747037,318,296,22,0.320526653697541,0.0264107312632695,220,198,0.125292989070021,294,272,"700"
"N193",0.0285218865827847,61,13,48,0.303866140088838,0.00780096860002645,69,21,0.0238516124451901,60,12,"700"
"N200",0.106557313365116,531,173,358,0.160886640730065,0.0204070918992297,499,141,0.0898706801069147,536,178,"700"
"N201",0.0645917434160733,109,77,32,0.312331200579699,0.0119880409339573,85,53,0.0505658738986142,92,60,"700"
"N209",0.111085812821475,547,191,356,0.160964692280883,0.018197147098472,473,117,0.0875805444361754,526,170,"700"
"N211",0.135253219289227,504,262,242,0.231698926162429,0.0386648269950153,553,311,0.115968502445096,494,252,"700"
"N217",0.16495219464014,436,319,117,0.275101717822023,0.047266122752598,453,336,0.141718451571444,425,308,"700"
"N218",0.122227363556519,575,223,352,0.171739587079767,0.0334300527720476,614,262,0.104262195117625,571,219,"700"
"N28Ht",0.115319368615085,527,204,323,0.195654668675499,0.0266844488040543,526,203,0.0848536449138641,480,157,"700"
"N501",0.014003065127636,327,1,326,0.193781992228084,0.00293467875245814,327,1,0.0114135720481494,327,1,"700"
"N523",0.119726891411857,215,213,2,0.345820641435159,0.0198675237027295,135,133,0.096412439447873,198,196,"700"
"N527",0.206554850708337,376,347,29,0.312978351613598,0.0587398493674801,387,358,0.183318484816559,374,345,"700"
"N534",0.0963856288221985,307,152,155,0.26148027848899,0.0161324515661714,247,92,0.078298509253109,299,144,"700"
"N542",0.174323432015825,654,327,327,0.193734191314834,0.0385971601113937,637,310,0.163245399996005,654,327,"700"
"N6",0.0647890100746769,389,78,311,0.203239045606421,0.0130019096140481,373,62,0.0628576534296499,410,99,"700"
"NC250",0.31686308275851,572,362,210,0.24450177777682,0.0690427128556629,571,361,0.334574091653909,573,363,"700"
"NC262",0.0997126132781953,505,162,343,0.182451724206524,0.0218577792946002,499,156,0.0828482464032144,494,151,"700"
"NC294",0.108570590762024,322,184,138,0.267898365465801,0.0231238293537885,306,168,0.0920890411142053,322,184,"700"
"NC310",0.17700799079503,363,330,33,0.312256947523054,0.0349374332411387,307,274,0.142806365818452,342,309,"700"
"NC326",0.136947236701291,498,268,230,0.235732049146297,0.0393514842984501,546,316,0.117953272486569,488,258,"700"
"NC328",0.107005265895824,433,175,258,0.224508746604769,0.0225406146823372,422,164,0.10804421464914,493,235,"700"
"NC342",0.0622832292180089,399,68,331,0.191671251699799,0.0187230471046583,452,121,0.0564857985472276,411,80,"700"
"NC412",0.129975723417484,528,249,279,0.218169041954239,0.0322383606514216,535,256,0.136748465484941,576,297,"700"
"ND259",0.0384567349054198,373,25,348,0.175931221773224,0.00770148799801541,368,20,0.030532426368927,369,21,"700"
"ND265",0.108647449725433,294,185,109,0.276531273476055,0.0303582422961922,346,237,0.0908285289879637,290,181,"700"
"NK740",0.198529661637185,628,341,287,0.213546116031578,0.060645877432055,646,359,0.18397350809828,633,346,"700"
"NK778",0.097342410134029,394,156,238,0.233241185482176,0.0218702865740214,395,157,0.0867539317273445,401,163,"700"
"NK807",0.128788997157979,426,244,182,0.252330937882475,0.0351766671755812,462,280,0.110132367897147,425,243,"700"
"NKS8326",0.149133177717036,625,291,334,0.189946124689986,0.033222012778013,594,260,0.121662308439271,601,267,"700"
"NORTH 7",0.187585239849225,524,334,190,0.249942858080492,0.0549564207503687,542,352,0.164831443207512,520,330,"700"
"NQ508",0.204744545106411,451,344,107,0.27705847406297,0.0371004728259155,408,301,0.171525092466875,446,339,"700"
"NS501",0.0849569748649,342,122,220,0.240319348165832,0.0248123298992417,401,181,0.0743925330762405,349,129,"700"
"NS701",0.143674874192132,592,280,312,0.202514605047563,0.0389926758756746,625,313,0.128193804826469,594,282,"700"
"NY6371",0.156843023544474,516,304,212,0.243685661407622,0.0382399050522025,517,305,0.13859231106847,515,303,"700"
"Ny821",0.0576334681858201,169,57,112,0.27595879958658,0.0118952916163952,162,50,0.0465273920569766,162,50,"700"
"OH33",0.137269264581465,473,269,204,0.246050081537471,0.0248677997290577,387,183,0.115646751910701,454,250,"700"
"Oh40B",0.209378217706551,484,348,136,0.268591306570188,0.0543223543156792,487,351,0.186334755418981,483,347,"700"
"Oh43",0.238752259039368,431,354,77,0.289568731112132,0.0511551555952058,424,347,0.200934629195375,427,350,"700"
"Oh7",0.0749988414887006,456,103,353,0.169910298843673,0.0142786684046642,430,77,0.0654067049789971,463,110,"700"
"OQ403",0.133669736876416,334,256,78,0.288738419858444,0.0288101923948711,303,225,0.139556896241113,382,304,"700"
"OQ603",0.034031673630547,34,20,14,0.322671531422954,0.00566523941619977,23,9,0.0274980056577288,32,18,"700"
"Os420",0.0481758219188804,73,37,36,0.311564245622597,0.00917449997495066,63,27,0.0375661842078991,67,31,"700"
"OS602",0.134259350643573,511,258,253,0.225968109442362,0.029011220328358,479,226,0.14001504999186,558,305,"700"
"Pa392",0.162462021862821,438,314,124,0.2722376095668,0.0356849433351174,411,287,0.172965346876613,464,340,"700"
"Pa405",0.0806303190474515,299,115,184,0.251435974038624,0.0132042475128969,250,66,0.0633972368407591,284,100,"700"
"Pa875",0.160787714795885,477,308,169,0.25586985762166,0.0381647302186,473,304,0.137777372698659,469,300,"700"
"Pa880",0.0713556340158009,129,94,35,0.311916077433741,0.0126682069577886,92,57,0.0553502388921149,110,75,"700"
"Pa91",0.0788264194913496,382,112,270,0.220026486647614,0.0214548258231552,423,153,0.0680745704961739,386,116,"700"
"PH207",0.055123805132364,135,50,85,0.286098145380756,0.0141867703003191,159,74,0.0451321605420092,129,44,"700"
"PHB09",0.0604870002181837,150,64,86,0.286059421719188,0.0110334641249826,124,38,0.0534850236650928,156,70,"700"
"PHB47",0.0327155316295403,127,19,108,0.276887522517632,0.00769436513190843,127,19,0.0281213745316142,127,19,"700"
"PHBA6",0.0678014356420137,145,86,59,0.29900594552631,0.0129654967620515,119,60,0.0573754641320879,140,81,"700"
"PHBB3",0.111893405083754,363,192,171,0.255791088010137,0.020438880551254,314,143,0.0948894404286252,360,189,"700"
"PHEG9",0.156366050550357,357,303,54,0.301605427210769,0.0368159426350705,351,297,0.163645099797397,382,328,"700"
"PHG29",0.205884285604295,691,346,345,0.180235461903423,0.0477834058496899,682,337,0.181685607289169,689,344,"700"
"PHG47",0.15603643106394,561,301,260,0.224154853780216,0.0307419986849732,501,241,0.145554723373893,576,316,"700"
"PHG71",0.0458892086076492,76,34,42,0.307369904731749,0.0130378854868237,105,63,0.0391570231596589,77,35,"700"
"PHG80",0.0285683646327338,189,14,175,0.255173675008364,0.00676081471841551,188,13,0.0247103756839398,190,15,"700"
"PHG83",0.143850397463934,331,281,50,0.303857657162498,0.0250769270795015,235,185,0.108266297658713,287,237,"700"
"PHG86",0.250152778515791,492,357,135,0.26867566227326,0.0675328655774084,495,360,0.210622346252891,487,352,"700"
"PHH93",0.138013172367204,553,270,283,0.215562907372028,0.0352700198780734,565,282,0.113724014310147,530,247,"700"
"PHHH9",0.0771301292959126,358,109,249,0.228857963701602,0.0244194940139974,428,179,0.075295090981917,380,131,"700"
"PHHV4",0.147491908375104,379,288,91,0.285268478463129,0.0212821899452129,241,150,0.103246926479831,307,216,"700"
"PHJ70",0.127022537408658,606,241,365,0.139419543264865,0.035803967848884,656,291,0.107930449071931,598,233,"700"
"PHJ89",0.124773545351331,400,235,165,0.257925433356552,0.0259399437116983,358,193,0.103764038578427,383,218,"700"
"PHJ90",0.031308356650841,213,17,196,0.248891555837871,0.00567765140522594,206,10,0.0265823013089515,212,16,"700"
"PHJR5",0.152081124313382,370,294,76,0.290803541250038,0.0404514610868104,397,321,0.140459624052206,382,306,"700"
"PHK35",0.107370324696235,271,179,92,0.284729839353024,0.0260427236474021,286,194,0.100037336600639,299,207,"700"
"PHK42",0.0991703574980308,287,160,127,0.271012325613326,0.0207116675540411,272,145,0.080032710169387,273,146,"700"
"PHK56",0.108063847172134,519,182,337,0.186591419495113,0.0271382154815652,545,208,0.089815548602566,514,177,"700"
"PHK74",0.0872832903748598,215,132,83,0.286722434168417,0.0189002525803928,206,123,0.0754932385255185,216,133,"700"
"PHKE6",0.0977255640481973,306,158,148,0.262906766742116,0.0227548722566447,313,165,0.0965571373141889,345,197,"700"
"PHM10",0.0260342996367426,325,11,314,0.201149287006868,0.00718109368782517,331,17,0.0220318678237015,323,9,"700"
"PHN11",0.0534579162822556,226,47,179,0.254444729695052,0.0165394730385472,277,98,0.0504285345802429,237,58,"700"
"PHN29",0.0932879107789679,440,146,294,0.211262778682838,0.0234872994881735,465,171,0.0753550393093247,426,132,"700"
"PHN66",0.0931469725909401,263,145,118,0.274903548049233,0.0219409449251786,277,159,0.0768197715149201,253,135,"700"
"PHN82",0.132015816774094,509,253,256,0.225300189464189,0.0380082722832687,558,302,0.113911359972418,504,248,"700"
"PHP02",0.121184523442203,464,220,244,0.231034567627498,0.0382745692503381,551,307,0.117769292423203,500,256,"700"
"PHP55",0.133500142401742,345,255,90,0.285452148389631,0.0359710223549745,382,292,0.115776708254748,341,251,"700"
"PHP76",0.128971607224565,379,245,134,0.269176077466749,0.0283810729842948,357,223,0.106534699926811,360,226,"700"
"PHP85",0.0668943904417019,393,83,310,0.203322483973252,0.0135785512972805,378,68,0.0652640537613988,416,106,"700"
"PHPR5",0.0415542538763694,264,30,234,0.234476712942891,0.0125129487894027,290,56,0.0378347921176585,266,32,"700"
"PHR03",0.0632978629048511,374,70,304,0.206649343682699,0.0174618645584667,410,106,0.0535635537064586,375,71,"700"
"PHR30",0.120941838033875,419,219,200,0.247530055254422,0.0272030041256303,409,209,0.124019684243632,469,269,"700"
"PHR31",0.059051777452586,172,61,111,0.276016157330308,0.0177132193833413,222,111,0.0534044402999235,179,68,"700"
"PHR36",0.0638455122937832,394,74,320,0.197429777444301,0.0113324686511545,363,43,0.054924104885863,394,74,"700"
"PHR47",0.0751113153972755,336,104,232,0.235053691840614,0.0138837523595019,303,71,0.0574507122012329,314,82,"700"
"PHR63",0.0578511497057407,261,59,202,0.246626558668576,0.0140261964687817,274,72,0.0431293468261031,242,40,"700"
"PHT10",0.13150362644385,532,251,281,0.216054824757336,0.029978835502682,512,231,0.107266777927101,510,229,"700"
"PHT47",0.129310483956949,530,246,284,0.215100291044721,0.0361271121575319,577,293,0.115492233187273,533,249,"700"
"PHT55",0.136512049486108,585,266,319,0.198291246857896,0.0319354505179932,573,254,0.111964832826398,563,244,"700"
"PHTM9",0.204950982563873,467,345,122,0.273978899726407,0.0417978200368295,445,323,0.155729162315694,444,322,"700"
"PHV37",0.0779515279591675,259,110,149,0.262739634309073,0.0131410303467586,214,65,0.0602589882798502,238,89,"700"
"PHV57",0.114854234474242,354,201,153,0.261671133474342,0.0313115253839452,401,248,0.0986562468507143,358,205,"700"
"PHV63",0.0400179175914765,289,28,261,0.223282808987505,0.0103850518360316,297,36,0.0412818544479516,299,38,"700"
"PHVA9",0.0197744042286872,137,6,131,0.270507872972565,0.00329845437392974,133,2,0.0153080595347843,136,5,"700"
"PHVJ4",0.185292900258916,435,332,103,0.278050933818996,0.0558980257759145,458,355,0.168827011071192,440,337,"700"
"PHW03",0.0732069677721259,170,98,72,0.294080629963141,0.01842864779246,190,118,0.0652960783150545,181,109,"700"
"PHW17",0.0735687890637041,339,100,239,0.233060366157354,0.0211989342242138,387,148,0.0670430629064858,351,112,"700"
"PHW20",0.162340934951078,588,312,276,0.219360253653609,0.0482389908032454,615,339,0.145070861980333,589,313,"700"
"PHW30",0.0673431299612797,349,85,264,0.221851174688724,0.0142634911031906,340,76,0.0685189913496389,381,117,"700"
"PHW43",0.122400256709345,400,224,176,0.254733090111791,0.0275086049470619,389,213,0.132877332477095,465,289,"700"
"PHW52",0.0398040019171674,213,27,186,0.251345810340067,0.00970944793827786,216,30,0.0331298738010333,212,26,"700"
"PHW53",0.108913309025016,508,186,322,0.19631537910511,0.0235815948578558,494,172,0.0958558807567405,517,195,"700"
"PHW80",0.0722066022628094,358,95,263,0.221912902760006,0.0215636045790769,417,154,0.065055079407818,367,104,"700"
"PHWG5",0.0927059841743652,284,143,141,0.266144701312245,0.0261741828537095,338,197,0.0833557723594694,293,152,"700"
"PHZ51",0.106417928958989,335,172,163,0.258538469626943,0.0278576056194437,379,216,0.0971252622704704,362,199,"700"
"Q381",0.168511452709032,417,324,93,0.284638110156527,0.0368773355448916,392,299,0.140599682027956,400,307,"700"
"R168",0.115357791109678,385,205,180,0.253751104346704,0.0250951657870465,366,186,0.0885129081853559,355,175,"700"
"R177",0.123814518303843,577,230,347,0.176152981743191,0.0270116175632567,554,207,0.10005005458747,555,208,"700"
"R181B",0.188278201245571,389,336,53,0.302644099835088,0.0421916969818822,377,324,0.177168403804933,394,341,"700"
"R226",0.0593386865359677,261,63,198,0.248300827470823,0.0130680987629377,262,64,0.0500765353365151,254,56,"700"
"R229",0.0234712076707785,222,9,213,0.243260116628362,0.0073491897414229,231,18,0.0225239399699529,224,11,"700"
"R71",0.101243839436681,190,165,25,0.316538501794696,0.0165343363625695,122,97,0.0762092549497153,159,134,"700"
"R78",0.124480061130249,469,233,236,0.233403402385252,0.026610823934271,436,200,0.121759400487553,504,268,"700"
"SD101",0.24136176360121,385,355,30,0.312885898023991,0.0496483608279425,372,342,0.220408977045373,384,354,"700"
"SD102",0.0534697570102607,116,48,68,0.29517757034596,0.0152835933498816,155,87,0.0458413973244332,114,46,"700"
"SD107",0.220521145581741,508,351,157,0.260630021571959,0.0498432302550211,501,344,0.226743446865859,514,357,"700"
"SD40",0.107692000508784,294,180,114,0.275764767353755,0.0282388964222378,334,220,0.0876601611064395,285,171,"700"
"SD44",0.145858212494285,354,283,71,0.294577055900728,0.0382636653721248,377,306,0.131280884816353,357,286,"700"
"SG 30A",0.0396213957103982,341,26,315,0.199967722259153,0.0119051273173694,366,51,0.035911655579764,342,27,"700"
"T242",0.074065597463278,212,102,110,0.276472321066932,0.0127248626871764,168,58,0.061505498432469,204,94,"700"
"Tr",0.0754098810688723,262,106,156,0.261069760915356,0.016328875190429,252,96,0.0623158772470261,253,97,"700"
"TZU-CHIAO-HSI-WU 105",0.123362692800091,332,227,105,0.277562551723216,0.0269056212740375,311,206,0.126139098671094,381,276,"700"
"Va26",0.126954322297344,546,240,306,0.205145030091584,0.0308739681137031,549,243,0.0974419913164291,507,201,"700"
"Va35",0.0692894269792989,318,89,229,0.236554902119655,0.0140530827772319,302,73,0.053433491902271,298,69,"700"
"Va52",0.064147977471948,80,75,5,0.336210313791845,0.0114859988138457,49,44,0.0525288864378333,69,64,"700"
"Va99",0.153630502955304,418,298,120,0.274310548646783,0.035227732405558,401,281,0.157457559017577,443,323,"700"
"W182E",0.135382174772426,482,264,218,0.240719260711036,0.0296987942222882,448,230,0.112522477411022,463,245,"700"
"W22",0.0371058978091772,246,22,224,0.238784161814123,0.00655497886316067,236,12,0.0285834594548301,244,20,"700"
"W23",0.0793872939405386,154,113,41,0.307759800855972,0.0160847696443219,132,91,0.0652890290632854,149,108,"700"
"W24",0.136937370605323,484,267,217,0.240880464319605,0.0355252312495789,502,285,0.14463888490617,529,312,"700"
"W32",0.0754268397376312,316,107,209,0.244545532047516,0.0123534827308014,264,55,0.0591861114764148,295,86,"700"
"W37A",0.0971111349897173,484,154,330,0.191768220191474,0.0266368482538203,531,201,0.0796018905094104,475,145,"700"
"W552",0.0591146145096396,400,62,338,0.186015686067981,0.0101295390851541,372,34,0.0489189736061982,392,54,"700"
"W603S",0.0381601587392705,310,24,286,0.214595462414047,0.00999335059795605,318,32,0.0328263680605398,311,25,"700"
"W604S",0.14362649206076,502,279,223,0.239109931700244,0.035692497058069,511,288,0.119855345158514,486,263,"700"
"W605S",0.0618971858957589,128,67,61,0.298454833517067,0.0101224917836018,94,33,0.0445569255974074,102,41,"700"
"W607S",0.141327201775532,599,275,324,0.194574919270565,0.0335035027558218,589,265,0.107993492147423,558,234,"700"
"W610S",0.0428582710625878,372,32,340,0.184564959934459,0.00816725773787692,363,23,0.0367016189820463,369,29,"700"
"W611S",0.110723897335477,505,189,316,0.199005938005418,0.0316854478334882,568,252,0.0950198277083293,507,191,"700"
"W612S",0.111066302950115,489,190,299,0.208002032237522,0.0259310869774236,491,192,0.083860811244983,453,154,"700"
"W614S",0.102264128800651,318,168,150,0.26271696492132,0.0228896626653142,316,166,0.0817857350976292,298,148,"700"
"W64A",0.0809551514758598,277,117,160,0.2600278257209,0.0167723022759117,260,100,0.0612982645232052,253,93,"700"
"W701BC",0.0422595072444134,94,31,63,0.296942805583584,0.0115442055138221,108,45,0.0363900987961371,91,28,"700"
"W803G",0.0502125537608456,379,40,339,0.18568829091197,0.0151708163062872,424,85,0.0458426799695928,386,47,"700"
"W809G",0.12782233456003,387,242,145,0.264468657213498,0.0312091974479289,392,247,0.134388249663259,437,292,"700"
"W810G",0.0521899961211747,146,42,104,0.277947591953047,0.0129683929660973,165,61,0.039536855087073,140,36,"700"
"W811G",0.0493902915759099,312,39,273,0.219803010572491,0.0117356945041916,322,49,0.0426808771904087,312,39,"700"
"W813G",0.12571780158556,373,236,137,0.268467753373726,0.0220370716340229,297,160,0.105966191360821,362,225,"700"
"W8304",0.132447199416585,351,254,97,0.279974661106499,0.0351359485190108,375,278,0.105170156580666,319,222,"700"
"W9",0.123168074808437,417,226,191,0.24989391567009,0.027467262943339,402,211,0.101091342334438,405,214,"700"
"WIL900",0.0319941627123667,353,18,335,0.188103223598485,0.00887794451559919,361,26,0.0270385787887015,352,17,"700"
"WU-TAN-TZAO",0.135320235063227,613,263,350,0.172660043238246,0.0307395413833604,590,240,0.133464400888954,641,291,"700"
"YE 4",0.140027308811981,636,273,363,0.146378847192928,0.0267158413582793,567,204,0.125962450652266,638,275,"700"
"YING-55",0.394480106452383,384,366,18,0.322056296338418,0.0791270001407646,382,364,0.354514411548612,383,365,"700"
"Yu796 NS",0.0865542979718199,288,130,158,0.260483873931008,0.0229726443153189,325,167,0.073209214891355,283,125,"700"
"ZS365",0.146897242344894,562,287,275,0.219495045787726,0.0401425353811118,594,319,0.125496668700951,548,273,"700"
"ZS635",0.0239394621642902,136,10,126,0.271441224490289,0.00706263706326161,141,15,0.0221724569553995,136,10,"700"
"1538",0.0650920389964479,257,64,193,0.299242786202611,0.0133880936051829,254,61,0.0556376826101595,261,68,"750"
"29MIBZ2",0.0316605330594033,74,15,59,0.350243484675899,0.00450215194868117,69,10,0.0230935342893874,69,10,"750"
"2FACC",0.0653118483375408,112,65,47,0.357257865142983,0.0148318027716471,123,76,0.0541638388136166,107,60,"750"
"2MA22",0.0549478688960268,327,42,285,0.261313790787691,0.0151114641927457,366,81,0.0550343460986704,350,65,"750"
"3IJI1",0.241005766761614,566,345,221,0.286784745059103,0.050527696765124,560,339,0.153037795785811,515,294,"750"
"4226",0.249966490589524,482,351,131,0.319951975668564,0.0535458653650755,477,346,0.274833802081432,485,354,"750"
"4N506",0.15596950561357,487,263,224,0.285598804606124,0.0351168076610968,486,262,0.184057554747678,543,319,"750"
"6M502",0.172854912457578,357,296,61,0.350077780832084,0.0354628155645817,331,270,0.0930062487236156,225,164,"750"
"6M502A",0.208346104834845,514,329,185,0.300403986180007,0.0476332737388024,515,330,0.138766882964693,449,264,"750"
"764",0.0313152105793496,200,14,186,0.300285235627853,0.00745689183131857,205,19,0.0267862588233425,200,14,"750"
"78010",0.06422885325267,274,60,214,0.291008999433226,0.0148606317408263,291,77,0.0621051658262706,299,85,"750"
"793",0.0708049094262465,265,81,184,0.301420376957149,0.0164433283617931,286,102,0.0638981891286721,276,92,"750"
"87916W",0.176395579699392,388,300,88,0.340389435565351,0.0412699305907318,397,309,0.168675335020017,396,308,"750"
"911",0.0509634014564978,135,37,98,0.332846790563961,0.00905242758659974,130,32,0.04298455084006,135,37,"750"
"912",0.0424923389974547,308,26,282,0.262124714769458,0.00799720531155923,303,21,0.0356181170493167,307,25,"750"
"91IFC2",0.0962751835023341,208,126,82,0.341886808403641,0.0224860658201557,233,151,0.0788541707715265,207,125,"750"
"A",0.128103480918608,450,201,249,0.275530454196132,0.0267156647473162,432,183,0.0689125016136262,352,103,"750"
"A208",0.049433337781793,286,36,250,0.274785868906248,0.00737153108099568,268,18,0.0354150178937256,274,24,"750"
"A239",0.0912174236023066,171,117,54,0.353903399322695,0.019300303777353,178,124,0.0669079535481898,150,96,"750"
"A272",0.110528802815892,479,151,328,0.23515240515672,0.0284171221987253,531,203,0.106146743657325,518,190,"750"
"A305",0.121423018373497,359,176,183,0.301485341296899,0.0234321409798584,344,161,0.102968747211578,367,184,"750"
"A322",0.0681588972330261,235,73,162,0.307060764874921,0.0178348991024026,278,116,0.0635727372456664,251,89,"750"
"A334",0.0713922307830364,120,82,38,0.361017284723136,0.0162549099427897,138,100,0.063755450130342,129,91,"750"
"A340",0.126038926261261,213,191,22,0.375550445473547,0.0330379810418879,269,247,0.117847986689949,243,221,"750"
"A374",0.179087642868397,321,303,18,0.380354470322444,0.042227781159934,331,313,0.207279753307561,353,335,"750"
"A385",0.125783800783023,397,188,209,0.292399812535972,0.0298012821323845,431,222,0.103991089164797,397,188,"750"
"A401",0.134393814700278,499,219,280,0.262695622063995,0.0279682280307547,477,197,0.115343083885713,491,211,"750"
"A427",0.122044605444569,256,178,78,0.343758326967285,0.0275697107620307,270,192,0.145716985364048,357,279,"750"
"A548",0.0889523293217968,173,113,60,0.350140360489071,0.0202260542097329,191,131,0.0748288180536377,176,116,"750"
"A572",0.0971046760007302,253,128,125,0.323320564692788,0.0178331616896176,240,115,0.0838018946760762,265,140,"750"
"A619",0.128952655275227,413,203,210,0.292213538179846,0.0223067271432419,358,148,0.111828449027672,417,207,"750"
"A627",0.161525279449805,566,276,290,0.258903911126692,0.0372388111139375,576,286,0.131979215248298,542,252,"750"
"A632",0.207243820737231,493,328,165,0.305957284324403,0.0484572548298458,501,336,0.147942248950046,449,284,"750"
"A635",0.165408160371344,434,281,153,0.30914451832666,0.0274447198039983,343,190,0.121067686511379,384,231,"750"
"A641",0.160070274899101,541,270,271,0.265343103816627,0.043265553150861,587,316,0.156357968065465,569,298,"750"
"A648",0.288040000151745,598,356,242,0.278114060855397,0.0542901316830243,589,347,0.286753925099215,599,357,"750"
"A663",0.0284938464544532,146,12,134,0.318490091505995,0.00666015062433541,149,15,0.0283124950312731,151,17,"750"
"A672",0.136057254634933,286,222,64,0.349168532878559,0.0274099056588931,253,189,0.143331177068706,337,273,"750"
"A674",0.116024914093179,176,160,16,0.382015696009316,0.0195837103201241,141,125,0.0854230743225747,161,145,"750"
"A679",0.15408879597738,405,258,147,0.311695646295606,0.0375315977313959,434,287,0.148566874380785,433,286,"750"
"A680",0.043288981109463,85,28,57,0.352446172094367,0.00942273401787517,91,34,0.036378047968337,84,27,"750"
"A682",0.279781104930299,595,354,241,0.278161302590243,0.0475771125531881,570,329,0.196530400251099,569,328,"750"
"A71",0.082979491378065,132,101,31,0.367991647869574,0.0130176183103972,90,59,0.0598165976013823,112,81,"750"
"A73",0.152005810989335,291,252,39,0.360581280100366,0.0379714543969784,330,291,0.144330920966821,314,275,"750"
"A797NW",0.0602311599420293,282,50,232,0.283022427919197,0.0153967097976072,317,85,0.0576209997231208,308,76,"750"
"AQA3",0.122093604221016,272,179,93,0.334634167443609,0.0230479734705803,251,158,0.121813926322006,327,234,"750"
"AS6103",0.223499910604241,464,340,124,0.323889403447045,0.0530778579450259,469,345,0.280548980405379,480,356,"750"
"AusTRCF 306238",0.0749187390408633,449,86,363,0.177463747794346,0.014935272477554,441,78,0.0492269019995758,411,48,"750"
"B-18 INBR.FR.SUPERGOLD",0.16664818587535,335,285,50,0.356047049207282,0.0383360637293927,345,295,0.162450377305456,355,305,"750"
"B-28",0.166293694489507,351,283,68,0.348491478906355,0.0380528916896859,360,292,0.13652033577252,328,260,"750"
"B103",0.155417503318607,366,262,104,0.330679774205825,0.0325995808993918,347,243,0.156665573299128,403,299,"750"
"B104",0.151858037627228,457,251,206,0.292835570182087,0.0287644533653118,415,209,0.150220883239977,497,291,"750"
"B105",0.105058006886962,292,141,151,0.309672271845361,0.0276271551270996,344,193,0.0986772375773702,326,175,"750"
"B108",0.0736700289364624,210,83,127,0.323153039527315,0.0126007702254526,181,54,0.0563609373271379,201,74,"750"
"B109",0.248860803492363,650,350,300,0.25431532822912,0.0653056205251058,656,356,0.233054256639747,646,346,"750"
"B110",0.15735701790343,398,265,133,0.31937773810959,0.0383487276343607,430,297,0.145350439300831,410,277,"750"
"B111",0.0823557078375153,139,97,42,0.35813239400781,0.0171909820481061,152,110,0.0509101128762577,93,51,"750"
"B115",0.0880633266125155,446,111,335,0.230923003722303,0.0187965345107011,457,122,0.0572199969433501,410,75,"750"
"B119",0.0848073375084533,371,104,267,0.267091518347497,0.0217869139688434,409,142,0.0771088277162726,387,120,"750"
"B120",0.317618139832623,402,359,43,0.358108120466044,0.0745913579816364,402,359,0.380419651480045,408,365,"750"
"B121",0.125675688064211,374,187,187,0.300049301596148,0.0313754783923645,419,232,0.11999244381507,413,226,"750"
"B14A",0.228817394819675,644,341,303,0.252579753346551,0.0487506291086082,640,337,0.130642946828852,552,249,"750"
"B164",0.143821733168282,272,238,34,0.364439936748805,0.033270053267791,284,250,0.117484944824785,251,217,"750"
"B2",0.163105134743288,571,279,292,0.258254678868489,0.0336184608780844,543,251,0.176201762264009,607,315,"750"
"B37",0.169509857449799,539,294,245,0.277358912357698,0.0340495573895242,501,256,0.090483822923662,403,158,"750"
"B47",0.0383433433036528,314,19,295,0.256979860150693,0.00663253847214251,309,14,0.0270082568278511,310,15,"750"
"B57",0.0101018931371318,291,2,289,0.25932382932283,0.00240820072781155,293,4,0.00839593082609589,291,2,"750"
"B66",0.167351863818392,449,288,161,0.307285543028896,0.035341541938781,429,268,0.119633238829494,386,225,"750"
"B68",0.238419392112742,673,342,331,0.234078007898433,0.0479194485106155,664,333,0.129287681130382,577,246,"750"
"B73",0.191582491710772,410,319,91,0.335758897700179,0.0476762922920028,422,331,0.186935342119995,414,323,"750"
"B75",0.130140983436441,568,207,361,0.187001060706013,0.0360078502078034,637,276,0.131674412396194,612,251,"750"
"B76",0.121034088439,179,173,6,0.388804602300341,0.0152127318329093,89,83,0.0793417509443157,134,128,"750"
"B77",0.147842339037728,520,245,275,0.263673935942759,0.0310575189307253,506,231,0.0827382427854548,411,136,"750"
"B79",0.242126738987371,626,347,279,0.262897024906892,0.0570779150876303,630,351,0.297384378507849,638,359,"750"
"B87",0.106410751504639,233,144,89,0.339947867717699,0.024529436979753,258,169,0.0869483746748937,237,148,"750"
"B88",0.0156997296434421,280,6,274,0.263940917915282,0.00235602028474603,277,3,0.0112495445809117,279,5,"750"
"B91",0.167634031363425,316,290,26,0.374660792232026,0.0377232599547722,315,289,0.198491224993374,355,329,"750"
"B97",0.081474559717509,426,94,332,0.233467446197732,0.0121008539301425,383,51,0.058370887088915,409,77,"750"
"BEI 10 = NORTH 10",0.133217289211207,448,217,231,0.283281082225014,0.0294643323238129,450,219,0.084174748132609,372,141,"750"
"BO9",0.381107153648909,509,364,145,0.314444413534791,0.0864094213984592,509,364,0.280486071341164,500,355,"750"
"CA-4",0.13555968506351,426,221,205,0.293183451573443,0.0324591896187345,447,242,0.149941500694288,495,290,"750"
"CG102",0.115855961147385,375,157,218,0.289091719112986,0.0241350566963686,384,166,0.109810058348783,423,205,"750"
"CH701-30",0.0932507780161741,235,120,115,0.326271719509213,0.0149691497041246,194,79,0.0788694832318325,241,126,"750"
"CH711-10",0.121089686246226,493,174,319,0.243261006785578,0.0269240491110461,505,186,0.101196387305877,499,180,"750"
"CH753-4",0.180972804801631,507,308,199,0.294908956680245,0.0329422365737638,444,245,0.141166412777756,466,267,"750"
"CH9",0.154528951727781,500,260,240,0.279090594288561,0.0284860834502166,444,204,0.145454088881352,518,278,"750"
"CI 40H",0.0739369840469487,106,85,21,0.375662510230973,0.0162016670350208,120,99,0.0624057772962639,107,86,"750"
"CM105",0.157321281578681,294,264,30,0.369720069168482,0.0299425943519237,255,225,0.132015666139404,283,253,"750"
"CQ702RC",0.0855189808596073,288,107,181,0.302096834741498,0.0198940109148764,309,128,0.0699331758145097,286,105,"750"
"CR 22 INBRED",0.160700343805872,282,272,10,0.387024422482954,0.0366290298237386,291,281,0.109765737838466,214,204,"750"
"DE2",0.101596899055397,430,136,294,0.257557498699308,0.0237439455168743,456,162,0.0832378913169072,432,138,"750"
"DE3",0.103750190034742,505,139,366,0.102720351415823,0.0181931412113412,485,119,0.0881367767589867,517,151,"750"
"DE4",0.0842906120289708,233,103,130,0.320106238228656,0.0191756427062989,253,123,0.0721005537082723,241,111,"750"
"DE811",0.0784811376898104,294,92,202,0.29394754794459,0.0142537349827362,273,71,0.0663014160267181,297,95,"750"
"DJ7",0.168175666350723,511,292,219,0.288407620067283,0.0394804858119117,521,302,0.154302075413599,515,296,"750"
"DK3IIH6",0.202709813268649,459,322,137,0.317512605436553,0.0440446224595432,457,320,0.144933953285088,413,276,"750"
"DK4676A",0.131703488658534,371,213,158,0.307738807336501,0.0289490384291206,368,210,0.136991724151802,419,261,"750"
"DK78002A",0.370740967096719,372,363,9,0.387884329505574,0.0828102309998316,371,362,0.371885405331161,373,364,"750"
"DK78010",0.0677015744913108,134,71,63,0.349567621376505,0.0155679618924591,153,90,0.055363206799906,129,66,"750"
"DK78371A",0.132665141938479,505,214,291,0.258850185445258,0.0331863312522145,539,248,0.148491799048535,576,285,"750"
"DKFAPW",0.149869479161836,271,247,24,0.374854227886713,0.0379102414502429,314,290,0.133454096042824,279,255,"750"
"DKFBHJ",0.0706072700140768,192,78,114,0.326383232540777,0.0140178902608308,179,65,0.0523811904072923,169,55,"750"
"DKMBNA",0.0764220451089047,172,88,84,0.341466849864147,0.0159560836510455,181,97,0.051157223661056,137,53,"750"
"DKPB80",0.0572528323280013,58,44,14,0.38344067165329,0.0131708454241137,74,60,0.0535274081057051,72,58,"750"
"E8501",0.13857276431101,464,226,238,0.280178925406793,0.0287161162514047,445,207,0.120794779640725,468,230,"750"
"EAST 028",0.101182659233087,147,134,13,0.383799311811854,0.0221464004989426,157,144,0.0692421719175705,117,104,"750"
"Eng-Li Chih",0.223060338679067,341,338,3,0.394371104903547,0.0473435864695401,331,328,0.159340819594456,305,302,"750"
"F118",0.333039887452096,523,360,163,0.306270523013842,0.0759272442706652,523,360,0.263823983506174,516,353,"750"
"F2834T",0.114599536856552,410,153,257,0.27228738558132,0.0293415435455763,472,215,0.103719267623822,444,187,"750"
"FBLA",0.203367048382054,388,323,65,0.348874914882367,0.0464080919048233,391,326,0.210709303832378,402,337,"750"
"FR19",0.166349106124429,642,284,358,0.198700935870982,0.0263517722010554,538,180,0.138164378381549,621,263,"750"
"H105W",0.0976276191128928,385,129,256,0.272301673158391,0.026588841295406,437,181,0.0976315779515404,430,174,"750"
"H110",0.122757634874749,348,180,168,0.30567393526286,0.017707771884276,282,114,0.0883789685254542,320,152,"750"
"H113",0.222913821260696,540,337,203,0.293900513843566,0.0529920353446218,547,344,0.201511682616653,533,330,"750"
"H121",0.144603439194663,451,239,212,0.291280017379755,0.0310187828028737,442,230,0.146050622335072,492,280,"750"
"H122w",0.064545416472059,377,61,316,0.244705432352341,0.0157116520678893,408,92,0.0548048389032132,380,64,"750"
"H5",0.100121674526946,255,132,123,0.324000283066501,0.0154563682775076,211,88,0.0814266475903734,254,131,"750"
"H71",0.161162900254279,416,274,142,0.31527879801618,0.0346116935259863,401,259,0.0973690068371844,313,171,"750"
"H84",0.14546855113389,527,241,286,0.261286566882579,0.0355887355201934,557,271,0.129803238289148,533,247,"750"
"H91",0.00706431354492876,226,1,225,0.285249436066604,0.00150392420702171,226,1,0.00533652640217661,226,1,"750"
"H95",0.140484310789288,535,233,302,0.254079385251161,0.0319648225573195,539,237,0.0975935841542915,474,172,"750"
"H96",0.126611885399283,499,193,306,0.248715372088637,0.0279665059478962,502,196,0.13359318155182,562,256,"750"
"H99",0.0946413351919812,239,123,116,0.326103834816381,0.0215243650016974,256,140,0.0792988883134732,243,127,"750"
"HP301",0.0899009289714195,329,116,213,0.291246025296183,0.0222141808365654,358,145,0.0776920782381423,335,122,"750"
"HUOBAI",0.152295065552448,571,253,318,0.243414107402485,0.0351767728137456,583,265,0.124407881930724,558,240,"750"
"Hy",0.01291465683707,330,3,327,0.236304721120924,0.00348751408542216,334,7,0.0128354868845957,333,6,"750"
"I29",0.401938143918153,372,365,7,0.388351537255464,0.0888610666911635,372,365,0.310923745919301,367,360,"750"
"Ia 453",0.10843547403625,150,148,2,0.400631540731126,0.0232206145872169,162,160,0.108008588350199,200,198,"750"
"IA2132",0.127411012907726,233,197,36,0.362619749447332,0.0321011154489222,274,238,0.1128616258163,245,209,"750"
"IBB15",0.0188239206746115,36,7,29,0.369934647119724,0.00291049791692963,35,6,0.0135326232894972,36,7,"750"
"IBC2",0.159066379720123,407,268,139,0.316102473892331,0.0363106189114664,418,279,0.131111293985922,389,250,"750"
"ICI 193",0.0619792679044621,173,54,119,0.325132878406129,0.0157998686304924,214,95,0.08311798077654,256,137,"750"
"ICI 740",0.0826842120836628,254,98,156,0.308281037459718,0.0140646632596229,223,67,0.0713409381869245,263,107,"750"
"ICI 893",0.0573527016314363,333,45,288,0.259364081895957,0.00870915521956948,317,29,0.0459898389203984,330,42,"750"
"ICI 986",0.140724581257365,386,234,152,0.309494331722962,0.0279767939553593,350,198,0.142110675918767,422,270,"750"
"IDS28",0.131193399644014,292,209,83,0.341702548185198,0.0225200833087863,235,152,0.117753646234115,303,220,"750"
"IDS69",0.0410990201796687,381,22,359,0.196040646077344,0.00799956233291199,381,22,0.0267566937552653,372,13,"750"
"IDS91",0.0522172139669278,396,39,357,0.20162277780699,0.00903453086367581,388,31,0.0462468932341527,401,44,"750"
"INB 101LFY/LFY (A632 X M16 S5)",0.301770862225837,601,357,244,0.277529583155675,0.0613304361477033,598,354,0.15997721213875,547,303,"750"
"INBRED 141",0.179533422846038,559,305,254,0.272566227202977,0.0461745261356756,579,325,0.172456312975513,565,311,"750"
"INBRED 2-687",0.124344070475015,413,183,230,0.283543410669853,0.0262891650391877,409,179,0.137703194845098,492,262,"750"
"INBRED 305",0.157864279796206,628,266,362,0.185692480832143,0.0266243653718909,544,182,0.115827341562594,575,213,"750"
"INBRED 321",0.0625828635171126,401,56,345,0.218914681067266,0.0154367293629549,431,86,0.0539677728284642,404,59,"750"
"K150",0.146315009226582,329,242,87,0.341213363776253,0.0296817853149493,308,221,0.119589350246937,311,224,"750"
"K41",0.082343197817008,393,96,297,0.255215657549939,0.0168091470220948,402,105,0.0562096564558116,369,72,"750"
"K47",0.12481626120604,418,185,233,0.282670888686447,0.019814843507687,360,127,0.0902136178835905,390,157,"750"
"KUNG-70",0.0196584471845214,348,8,340,0.228366245134188,0.00361930409706155,348,8,0.0164701668612783,348,8,"750"
"L 127",0.186836435396135,492,317,175,0.304766511626232,0.0381913741643612,468,293,0.191540214986341,501,326,"750"
"L 139",0.176875294943673,490,301,189,0.299718248496386,0.0409276031601271,496,307,0.193291977554086,516,327,"750"
"L 289",0.172998403140664,414,297,117,0.325784787898297,0.0368002873481408,401,284,0.0968822865883214,287,170,"750"
"LH1",0.064722647060661,376,62,314,0.245859696009567,0.0126059071533093,369,55,0.0508763047572584,364,50,"750"
"LH119",0.0619589207154385,57,53,4,0.390228002774594,0.0145803395643609,77,73,0.0509671825882248,56,52,"750"
"LH128",0.023237862657798,183,10,173,0.304916029663,0.00449576560090157,182,9,0.0195476278043215,182,9,"750"
"LH143 (Maintainer)",0.285227206461974,360,355,5,0.389680286467564,0.0680221530082122,362,357,0.260649535630611,356,351,"750"
"LH146Ht",0.186511904005409,348,316,32,0.367344272058722,0.0444862633567442,355,323,0.171962167679714,341,309,"750"
"LH149",0.129478383614684,205,204,1,0.404363916714427,0.030579100308616,229,228,0.0898911699007511,156,155,"750"
"LH165",0.0258235155524937,284,11,273,0.264610581503986,0.00624029459865153,284,11,0.0238406419862346,285,12,"750"
"LH166",0.205656179831063,525,325,200,0.294696931774239,0.0476915897398929,532,332,0.23876225028058,547,347,"750"
"LH181",0.181993489404956,609,310,299,0.254794122495422,0.0395401963863503,602,303,0.148744117913361,587,288,"750"
"LH184",0.358373252392404,402,362,40,0.359972546011917,0.0858578562718919,403,363,0.329529943229626,402,362,"750"
"LH190",0.13149744707296,474,210,264,0.268194495511983,0.0294250379315338,482,218,0.140326422473661,530,266,"750"
"LH192",0.140269926599299,447,231,216,0.29028826579425,0.0330019086909542,462,246,0.115369670740587,428,212,"750"
"LH194",0.247842034285058,687,349,338,0.230374940026513,0.0506000595015683,679,341,0.136024642381575,597,259,"750"
"LH195",0.241360567769679,447,346,101,0.331732976069522,0.0514229641990298,443,342,0.260835385396653,453,352,"750"
"LH197",0.13555389281922,301,220,81,0.341917983232814,0.0322590030314375,320,239,0.124022353913602,320,239,"750"
"LH198",0.131508632196536,231,211,20,0.37639188839344,0.0341007811808356,277,257,0.121116670954605,252,232,"750"
"LH202",0.179991018749844,396,306,90,0.338748563189137,0.0412829690253651,400,310,0.20963212183128,426,336,"750"
"LH204",0.151360226551493,487,250,237,0.281318841175338,0.0413043573020532,548,311,0.151585519623246,530,293,"750"
"LH205",0.117392519475814,519,163,356,0.2020352782853,0.0290070278316724,567,211,0.123576845577099,594,238,"750"
"LH206",0.0701538707166525,156,76,80,0.343063933481532,0.0142157746070252,149,69,0.0414222884806537,115,35,"750"
"LH208",0.129625831448936,385,205,180,0.303216838724085,0.0227336341971965,334,154,0.107666641370313,377,197,"750"
"LH209",0.125447745620981,221,186,35,0.362714770719923,0.0210536080068728,173,138,0.0921747679974844,196,161,"750"
"LH214",0.132784035853868,485,215,270,0.266001223641278,0.0290437805259727,482,212,0.153484768052816,565,295,"750"
"LH215",0.119747221777538,452,171,281,0.262413025578045,0.0294196865823023,498,217,0.102588515948404,464,183,"750"
"LH222",0.105994705865699,159,142,17,0.380730766896983,0.0163580622991223,118,101,0.0761771390653424,135,118,"750"
"LH223",0.116052658757925,209,161,48,0.356143050385124,0.0290689020921232,261,213,0.10955545921679,251,203,"750"
"LH224",0.142869121589757,586,237,349,0.216391380016337,0.035962471975544,624,275,0.126401317825878,593,244,"750"
"LH295",0.0813920033188409,252,93,159,0.307639610922526,0.0181306879760178,277,118,0.0821179448347645,294,135,"750"
"LH60",0.0640387819336126,337,59,278,0.263298829009153,0.0169727657128493,385,107,0.0628014890123681,366,88,"750"
"LH74",0.0584925140288954,94,49,45,0.357556590265925,0.0149728411581351,125,80,0.0529232069527869,101,56,"750"
"LH82",0.0950458768121172,177,124,53,0.354020318758033,0.0199249369883703,182,129,0.0672977990012171,152,99,"750"
"LH93",0.103538756867999,460,138,322,0.240142025070594,0.0223180002552817,472,150,0.0901011873095859,478,156,"750"
"LIBC 4",0.0441184631950708,99,29,70,0.346879148378486,0.00628533757021283,82,12,0.0328766366239815,92,22,"750"
"LP1 NR HT",0.173284097687281,397,298,99,0.331923771531925,0.0332554122728271,348,249,0.158485902366443,400,301,"750"
"LP5",0.0416240000844794,67,23,44,0.357886378993014,0.0102646045927312,83,39,0.0360875275851102,70,26,"750"
"M14",0.0578714979919243,308,48,260,0.270344232400609,0.0117286704089398,309,49,0.0618999961026676,344,84,"750"
"MBPM",0.10799959378106,334,146,188,0.299875063559928,0.0222322930358271,334,146,0.117498495535794,406,218,"750"
"MBWZ",0.150432817101753,535,248,287,0.259895872680983,0.035301604940827,554,267,0.183024153813407,605,318,"750"
"MM501D",0.138946005085888,553,227,326,0.23832772417506,0.0351578736705455,590,264,0.18569014077484,648,322,"750"
"Mo17",0.0476870972096785,183,35,148,0.310807630891556,0.00824775769818974,172,24,0.0413845113300128,182,34,"750"
"Mo1W",0.0638899169741516,321,58,263,0.268492457005444,0.0129659332038997,321,58,0.0543761548314902,326,63,"750"
"Mo46",0.0848816143584408,453,105,348,0.216397701640729,0.0107007329462731,391,43,0.0558962284100533,417,69,"750"
"Mo47",0.152674877592104,350,256,94,0.334267071669788,0.0351367686898727,357,263,0.124808456915392,335,241,"750"
"Mo5",0.161202965793223,534,275,259,0.270550065025253,0.0385379837479876,557,298,0.115127340733743,469,210,"750"
"MQ305",0.0707603688072364,277,80,197,0.296833185248376,0.0153806279191794,281,84,0.0457173491385822,238,41,"750"
"MS116",0.167056777911122,516,287,229,0.283608610569688,0.0259265572866984,404,175,0.12017493472006,456,227,"750"
"MS132",0.0932849398845464,347,121,226,0.285160172613028,0.0157674231014203,320,94,0.0650733820223743,320,94,"750"
"MS200",0.0608043371962329,286,51,235,0.281771091999308,0.0106012272139534,276,41,0.0519305759431721,289,54,"750"
"MS211",0.092422591165963,267,118,149,0.310269695465218,0.0144000744861899,221,72,0.075229619622987,266,117,"750"
"MS221",0.0930682009848511,211,119,92,0.335458287661006,0.0174469465926946,203,111,0.0779916849287612,215,123,"750"
"MS224",0.127918755370538,276,200,76,0.344348773947615,0.0240948784586593,241,165,0.12349577886296,313,237,"750"
"MS225",0.139906814314263,394,230,164,0.306219318373009,0.0356107038646231,437,273,0.143047410581076,435,271,"750"
"MS226",0.100561837701415,470,133,337,0.230413323126406,0.0244642418384003,504,167,0.107298351166334,531,194,"750"
"MS24A",0.0678478204052117,370,72,298,0.254925236217616,0.0146461968133097,372,74,0.0624985545966759,385,87,"750"
"MS67",0.083995642865146,462,102,360,0.191486128826022,0.0158629747769474,456,96,0.0704272092307273,466,106,"750"
"MS71",0.115671702656208,230,156,74,0.345586160680639,0.0268561538364238,259,185,0.116971781557737,289,215,"750"
"MS72",0.115933295252227,326,159,167,0.305798006065489,0.0186835752634889,288,121,0.0976002929790361,340,173,"750"
"N192",0.223421257077563,347,339,8,0.388193415158417,0.0403800842359138,313,305,0.211669631730427,346,338,"750"
"N193",0.0467411819867248,94,32,62,0.349880182250927,0.00832962389220881,87,25,0.0403066727073734,94,32,"750"
"N200",0.114721352274513,509,154,355,0.206349764020796,0.020511033257693,488,133,0.0965407278771365,524,169,"750"
"N201",0.0653185132341014,99,66,33,0.365764794672175,0.00992620248502316,69,36,0.0468478736953023,78,45,"750"
"N209",0.107800733656956,497,145,352,0.211216321264639,0.0155113783419703,441,89,0.0817376915290691,484,132,"750"
"N211",0.168272255008632,555,293,262,0.269795831285844,0.0442851642910634,584,322,0.158226299982075,562,300,"750"
"N217",0.179380182881796,413,304,109,0.327866589138933,0.0427271566971516,423,314,0.148976306426772,398,289,"750"
"N218",0.12594391928837,534,190,344,0.21985741813914,0.0293977690764422,560,216,0.103125929414603,529,185,"750"
"N28Ht",0.124739020556544,496,184,312,0.246665340963319,0.0260171139435881,488,176,0.067141378333075,409,97,"750"
"N501",0.0368720781964976,339,18,321,0.242414111576727,0.00861438615001456,348,27,0.0302042515292138,339,18,"750"
"N523",0.115884461280575,169,158,11,0.386977544016682,0.020026663864792,141,130,0.101754274180229,193,182,"750"
"N527",0.206528601989954,385,327,58,0.352109005002096,0.0505861954134714,398,340,0.160518896660976,362,304,"750"
"N534",0.0993169056422013,287,130,157,0.307763391901138,0.0147644813202561,232,75,0.0781040924628238,281,124,"750"
"N542",0.22011770370667,639,335,304,0.249458563080513,0.0518916644060813,647,343,0.181658850605691,621,317,"750"
"N6",0.113642195524838,462,152,310,0.247117603011526,0.0258172653876397,484,174,0.120441865751477,538,228,"750"
"NC250",0.305003215167618,609,358,251,0.274488086331059,0.0706907612917333,609,358,0.341651412448077,614,363,"750"
"NC262",0.0942066202558883,445,122,323,0.240107291321645,0.0196943112592613,449,126,0.0771628967059093,444,121,"750"
"NC294",0.0861701907318938,287,109,178,0.303392342151218,0.0209847499032763,314,136,0.0859562505673805,324,146,"750"
"NC310",0.244932172978284,423,348,75,0.345499302360584,0.0469003740304476,402,327,0.247841749755372,424,349,"750"
"NC326",0.162313247873819,512,278,234,0.282145534292992,0.0403175198485186,538,304,0.141181985842732,502,268,"750"
"NC328",0.1855498514472,591,315,276,0.26355537396736,0.0428591631145195,591,315,0.172782758599954,588,312,"750"
"NC342",0.0819152621220554,431,95,336,0.230792577701114,0.0223152359627127,485,149,0.0819337661169151,469,133,"750"
"NC412",0.154503487041682,555,259,296,0.25561663873676,0.036695888527344,579,283,0.185096619907595,617,321,"750"
"ND259",0.0615478445817799,406,52,354,0.208144554776682,0.00943789807603296,389,35,0.0491737729325028,401,47,"750"
"ND265",0.137700627343662,354,225,129,0.321962066034345,0.0339960353429581,383,254,0.117658671396632,348,219,"750"
"NK740",0.213853578435942,593,332,261,0.26997632636074,0.0570365054521598,611,350,0.204932872418321,592,331,"750"
"NK778",0.108372600425071,383,147,236,0.281489037772498,0.0210692263910173,375,139,0.0852483196408717,380,144,"750"
"NK807",0.131584874520978,367,212,155,0.308746465799514,0.0304415001197504,382,227,0.107489250560762,350,195,"750"
"NKS8326",0.153233221445284,586,257,329,0.234814482661596,0.0326501511306869,573,244,0.0910027363846591,489,160,"750"
"NORTH 7",0.162248605017107,472,277,195,0.298399215374321,0.0410039483151629,503,308,0.144302018115401,469,274,"750"
"NQ508",0.209629137210999,433,330,103,0.331066478998459,0.0356067088083657,375,272,0.154527179757305,400,297,"750"
"NS501",0.0894234090968464,322,114,208,0.292445074819433,0.0210486923282347,345,137,0.0735719357163833,322,114,"750"
"NS701",0.161094410359884,590,273,317,0.244196825809444,0.036638148857529,599,282,0.134964953198882,574,257,"750"
"NY6371",0.167355700769759,493,289,204,0.293805146879661,0.0358018328383853,478,274,0.178216666431691,520,316,"750"
"Ny821",0.038602459367238,117,20,97,0.333518374470274,0.00866526498142263,125,28,0.0316768586840832,118,21,"750"
"OH33",0.206080673906172,569,326,243,0.277546130298516,0.0435773177984877,560,317,0.205450105747245,575,332,"750"
"Oh40B",0.219280521705282,441,334,107,0.328848121587094,0.0483985962630361,442,335,0.224601955254698,451,344,"750"
"Oh43",0.183572095359801,458,312,146,0.311808724057275,0.0364800426223063,426,280,0.101170225278826,325,179,"750"
"Oh7",0.066972687972713,420,69,351,0.214968936640613,0.0115375957901739,398,47,0.0592918246352703,429,78,"750"
"OQ403",0.121192455660806,241,175,66,0.348853461076743,0.0287349744410158,274,208,0.139176039134774,331,265,"750"
"OQ603",0.0135293374342604,30,5,25,0.374780263967865,0.00193792956713642,27,2,0.0101882135921725,28,3,"750"
"Os420",0.119629351883477,182,170,12,0.383938697172212,0.0255401719002634,184,172,0.108878295323272,213,201,"750"
"OS602",0.220204620085292,602,336,266,0.267094288186123,0.0492570392785847,604,338,0.241221683112199,614,348,"750"
"Pa392",0.239316978679501,454,343,111,0.327728913375116,0.054297648689,459,348,0.252803356091765,461,350,"750"
"Pa405",0.0827619857860986,275,99,176,0.304269837169428,0.0122359346382554,229,53,0.0647352200802895,269,93,"750"
"Pa875",0.212211793602176,500,331,169,0.305529023885504,0.0437188090575926,487,318,0.222655208834838,512,343,"750"
"Pa880",0.0774243982043386,118,91,27,0.373644040698487,0.0118551795071567,77,50,0.0555800670052927,94,67,"750"
"Pa91",0.0877723848934569,379,110,269,0.266215538020102,0.0202828488359021,401,132,0.0716987653401478,378,109,"750"
"PH207",0.0431811367600542,123,27,96,0.333624199585736,0.00917553339311704,129,33,0.0440504906459792,134,38,"750"
"PHB09",0.101269155756429,206,135,71,0.346851104840168,0.022743931883676,226,155,0.107661709160263,267,196,"750"
"PHB47",0.0545777122469294,160,40,120,0.325128612209862,0.0127589174837846,176,56,0.0447216564254526,159,39,"750"
"PHBA6",0.0550627072995411,115,43,72,0.346817255200818,0.0103863795988472,112,40,0.0461632034202031,115,43,"750"
"PHBB3",0.0953602404651036,295,125,170,0.305356364839207,0.0209616331370684,305,135,0.0734870654243255,283,113,"750"
"PHEG9",0.152458442729406,303,254,49,0.356076631567623,0.0371770057783487,334,285,0.141722000284111,318,269,"750"
"PHG29",0.277452849154368,700,353,347,0.21827357694303,0.0616237580725117,702,355,0.187817160023889,672,325,"750"
"PHG47",0.10236243764148,420,137,283,0.261403722648175,0.0220172470960198,426,143,0.0796308243580273,412,129,"750"
"PHG71",0.0359677089760667,54,17,37,0.361336642414743,0.00893697493783006,67,30,0.0312975734227168,56,19,"750"
"PHG80",0.0828187811304959,250,100,150,0.310237216502013,0.0176200701252614,263,113,0.0873140063435988,299,149,"750"
"PHG83",0.164589527897951,365,280,85,0.341398022148246,0.0315168887517054,319,234,0.165822467985134,391,306,"750"
"PHG86",0.257436135443915,458,352,106,0.329961717215816,0.0596636372462068,459,353,0.21210159643818,445,339,"750"
"PHH93",0.166899755362338,532,286,246,0.276628807699506,0.0391741712018565,546,300,0.206643834394318,579,333,"750"
"PHHH9",0.0622692378935632,332,55,277,0.263323529820708,0.0135106345843563,339,62,0.0543417497151738,339,62,"750"
"PHHV4",0.175540429487995,385,299,86,0.341349320830546,0.02284045761532,243,157,0.120504309823884,315,229,"750"
"PHJ70",0.200048115558328,684,320,364,0.170759722062468,0.0438916946489024,683,319,0.118337149112844,587,223,"750"
"PHJ89",0.165585183566883,499,282,217,0.289628518569647,0.0348254365504874,478,261,0.184074500826509,537,320,"750"
"PHJ90",0.0352581751274064,195,16,179,0.303379656745543,0.00833878325640705,205,26,0.0316123474031964,199,20,"750"
"PHJR5",0.239442236957036,390,344,46,0.357286391283432,0.0563756250953965,395,349,0.296906707127891,404,358,"750"
"PHK35",0.125880526106498,302,189,113,0.326941195000287,0.026060782816435,290,177,0.135906992509966,371,258,"750"
"PHK42",0.110467766771364,258,150,108,0.328630480968748,0.0205911332455388,242,134,0.0925493055595591,270,162,"750"
"PHK56",0.126894973279292,533,194,339,0.228954302201024,0.028580579649496,545,206,0.0796481940547367,469,130,"750"
"PHK74",0.152625638013496,360,255,105,0.330605769010439,0.0352509762260627,371,266,0.146449564082336,386,281,"750"
"PHKE6",0.130063251694747,372,206,166,0.305863636124041,0.0295188903287461,386,220,0.124850974285725,408,242,"750"
"PHM10",0.0441690552183754,343,30,313,0.245925029411231,0.0112480889907569,358,45,0.0396854072159365,344,31,"750"
"PHN11",0.0649401214771773,217,63,154,0.30898258543994,0.0160101199750469,252,98,0.0559664221238337,224,70,"750"
"PHN29",0.118604701425203,439,167,272,0.264908027276175,0.0277674703271363,467,195,0.0820669024184296,406,134,"750"
"PHN66",0.0851042232595488,201,106,95,0.334038774521722,0.0166588083360687,198,103,0.067234215574681,193,98,"750"
"PHN82",0.140362257762305,479,232,247,0.276139062900579,0.03466432226817,507,260,0.121220851243293,480,233,"750"
"PHP02",0.15122983809274,507,249,258,0.271096768038343,0.0394112916574828,559,301,0.146576709869258,540,282,"750"
"PHP55",0.180496777271101,380,307,73,0.346200342603475,0.0361784959965363,350,277,0.106651277221233,265,192,"750"
"PHP76",0.12777969636758,310,198,112,0.327370023049292,0.0261572708627554,290,178,0.0960770575262569,278,166,"750"
"PHP85",0.0888915541905766,432,112,320,0.242592217462355,0.0227091881447871,473,153,0.0961569208124522,488,168,"750"
"PHPR5",0.0470621975930355,272,33,239,0.279191536842679,0.0121227510215543,291,52,0.0451454599978944,279,40,"750"
"PHR03",0.0738825565989429,408,84,324,0.239531957477007,0.0169354288364054,430,106,0.0605436896032513,406,82,"750"
"PHR30",0.126354798514217,420,192,228,0.283861642898794,0.0274651242094884,419,191,0.0959054407615719,393,165,"750"
"PHR31",0.0857046388668048,229,108,121,0.324955468544952,0.021653954694764,262,141,0.0761987933966981,240,119,"750"
"PHR36",0.128794019406989,544,202,342,0.226899099201873,0.0245119610886105,510,168,0.12581546784045,585,243,"750"
"PHR47",0.124220512438803,380,182,198,0.296819435128023,0.0222990815661344,345,147,0.116875707747584,412,214,"750"
"PHR63",0.0676398227245402,285,70,215,0.290545315880933,0.0128307454074398,272,57,0.0673115716964518,315,100,"750"
"PHT10",0.119293134639757,473,168,305,0.249398914521208,0.0231399565879056,464,159,0.107111390993436,498,193,"750"
"PHT47",0.146650746585103,537,244,293,0.257664750370374,0.0386281018473946,592,299,0.143193554597789,565,272,"750"
"PHT55",0.120040229294794,497,172,325,0.23918623739073,0.0239564568749121,488,163,0.101677769783985,506,181,"750"
"PHTM9",0.200560823238895,431,321,110,0.327791801316186,0.0376056492077188,398,288,0.174448473777623,423,313,"750"
"PHV37",0.0969563692804561,301,127,174,0.30486221760202,0.0140596233143178,240,66,0.0742597887134429,289,115,"750"
"PHV57",0.126923325965477,330,195,135,0.317781478805547,0.029894231676812,359,224,0.104469224876858,324,189,"750"
"PHV63",0.0698873393014669,295,75,220,0.287437910725032,0.0154381854341116,307,87,0.0542364139209005,281,61,"750"
"PHVA9",0.0132721515259905,142,4,138,0.31712164877871,0.00264693569690956,143,5,0.0105713713441886,142,4,"750"
"PHVJ4",0.217309022784117,459,333,126,0.32331369640814,0.0587090719410316,478,352,0.212125652248248,466,340,"750"
"PHW03",0.0766455162276345,145,90,55,0.353297352536101,0.0174481370256243,167,112,0.0637463173064605,145,90,"750"
"PHW17",0.0750743182590768,340,87,253,0.27370992469366,0.0179193546216654,370,117,0.0688064852765766,355,102,"750"
"PHW20",0.182433106372109,563,311,252,0.273718016794917,0.0481368181859263,586,334,0.172173088308235,562,310,"750"
"PHW30",0.0466432140188709,279,31,248,0.276028887263502,0.0109538002217527,292,44,0.056271725226648,321,73,"750"
"PHW43",0.142766770586449,417,235,182,0.30179947082115,0.0336792715982163,434,252,0.166070474891394,489,307,"750"
"PHW52",0.0574676065908886,240,46,194,0.299191291140786,0.0151149090432576,276,82,0.0560554884663324,265,71,"750"
"PHW53",0.117454452115857,475,164,311,0.246687284542602,0.028497994982991,516,205,0.106610378452275,502,191,"750"
"PHW80",0.121776310261221,486,177,309,0.247535714764326,0.0314442603333425,542,233,0.122809819437708,545,236,"750"
"PHWG5",0.117181595050097,305,162,143,0.315261296400596,0.0283903931989197,345,202,0.10835166307761,343,200,"750"
"PHZ51",0.119510559746002,340,169,171,0.305289587390632,0.0272009151623005,359,188,0.099506761046115,348,177,"750"
"Q381",0.181468223527228,378,309,69,0.347007277994828,0.0362438623183492,347,278,0.118080996774932,291,222,"750"
"R168",0.142821262086503,413,236,177,0.303966895731124,0.0301800536636303,403,226,0.109275117260467,379,202,"750"
"R177",0.139449071162431,581,228,353,0.208777311660337,0.0270024256736251,540,187,0.117322454291366,569,216,"750"
"R181B",0.167964875095238,332,291,41,0.359713246370139,0.0383422738966921,337,296,0.129921997286189,289,248,"750"
"R226",0.0764705084126247,281,89,192,0.299247440178441,0.0171836493778515,301,109,0.0904845274730525,351,159,"750"
"R229",0.029984979819975,235,13,222,0.286262625875234,0.00749681489341594,242,20,0.0282728188236016,238,16,"750"
"R71",0.0998232460513798,159,131,28,0.372259379317998,0.0157480301613969,121,93,0.0681074684571874,129,101,"750"
"R78",0.189729794991196,525,318,207,0.292572373748034,0.0447969960394826,531,324,0.229790712479029,552,345,"750"
"SD101",0.184355448047259,369,313,56,0.35292916858015,0.0340390162322677,311,255,0.176135344502299,370,314,"750"
"SD102",0.0656310113424617,118,67,51,0.354149803897404,0.016790718522841,155,104,0.0593367687511561,130,79,"750"
"SD107",0.337125203408995,479,361,118,0.325163064485974,0.0771840535119138,479,361,0.322383598701051,479,361,"750"
"SD40",0.158259090419238,399,267,132,0.319515213518593,0.0324210963218541,372,240,0.0850906100470699,274,142,"750"
"SD44",0.155364456342891,328,261,67,0.348586838553923,0.0382740940294464,361,294,0.151014989445659,359,292,"750"
"SG 30A",0.0422011406798872,332,24,308,0.247946631548879,0.0116125333436156,356,48,0.0423024294732361,344,36,"750"
"T242",0.089637980535339,217,115,102,0.331621178900524,0.0135227071467949,165,63,0.0714607525562015,210,108,"750"
"Tr",0.066449370887963,240,68,172,0.305002290471032,0.0099277673003242,209,37,0.0476069609359362,218,46,"750"
"TZU-CHIAO-HSI-WU 105",0.184890801729214,393,314,79,0.343367458765392,0.0421989437850754,391,312,0.215497735900928,421,342,"750"
"Va26",0.145339225172222,541,240,301,0.254118641891548,0.0298360358914737,524,223,0.0897390191381841,455,154,"750"
"Va35",0.0578080362470378,302,47,255,0.272447156230693,0.0113588512941751,301,46,0.0412117333063216,288,33,"750"
"Va52",0.0637221598404304,72,57,15,0.382622075250081,0.0106285020399547,57,42,0.0534624637847908,72,57,"750"
"Va99",0.176912912645402,446,302,144,0.314825135759714,0.0408778118819419,450,306,0.213803608987967,485,341,"750"
"W182E",0.127853775867247,400,199,201,0.294401354128531,0.0246138084574629,371,170,0.0998742095824204,379,178,"750"
"W22",0.069767783710154,301,74,227,0.284589096610217,0.0136397338287465,291,64,0.0610128286052348,310,83,"750"
"W23",0.171065005854857,347,295,52,0.354032685406888,0.0281306982953433,253,201,0.133005838058526,306,254,"750"
"W24",0.136349724003224,446,223,223,0.286251926643966,0.035399874171203,492,269,0.187060646547522,547,324,"750"
"W32",0.104020024484494,351,140,211,0.291847088174849,0.0183716458660119,331,120,0.0879651747827411,361,150,"750"
"W37A",0.137346580744471,570,224,346,0.218377269276581,0.032444802096698,587,241,0.148713413187667,633,287,"750"
"W552",0.109183156998558,482,149,333,0.232818900082996,0.0156685611996021,424,91,0.0719132523737017,443,110,"750"
"W603S",0.0386137989485481,289,21,268,0.26689052489344,0.0100596853178388,306,38,0.0374173421299145,298,30,"750"
"W604S",0.160311606963328,461,271,190,0.299562684791748,0.0338465520936934,443,253,0.147005877423262,473,283,"750"
"W605S",0.0703709775697738,154,77,77,0.344123610121643,0.0142511650413109,147,70,0.073141747680436,189,112,"750"
"W607S",0.118188895804947,480,165,315,0.24501774839993,0.0255949283762533,488,173,0.0851271924434314,458,143,"750"
"W610S",0.050992187171974,381,38,343,0.22288011575558,0.00735439648425576,360,17,0.0367141925280881,372,29,"750"
"W611S",0.115509656322668,489,155,334,0.232177222638739,0.0292833157346247,548,214,0.103159644068388,520,186,"750"
"W612S",0.160013535252615,576,269,307,0.24812928865486,0.0318595214396733,543,236,0.0867859478666944,454,147,"750"
"W614S",0.124200593975807,322,181,141,0.315520513915479,0.0267778420172228,325,184,0.12233276509326,376,235,"750"
"W64A",0.118555558263801,357,166,191,0.299381015978589,0.0240357587866796,355,164,0.0832903966703845,330,139,"750"
"W701BC",0.0422075639824606,48,25,23,0.375093900910745,0.00720096247589165,39,16,0.0364414524216277,51,28,"750"
"W803G",0.0546185100359865,382,41,341,0.226951320649648,0.0141194849612594,409,68,0.0500894247509886,390,49,"750"
"W809G",0.130354608475411,344,208,136,0.317771255743366,0.0318188650453189,371,235,0.112391066369319,344,208,"750"
"W810G",0.127069597817524,356,196,160,0.307368510194695,0.0280675596708299,360,200,0.0929204621895476,323,163,"750"
"W811G",0.0476823717471371,299,34,265,0.267844204233394,0.00818598651474654,288,23,0.0353277486141216,288,23,"750"
"W813G",0.146420362855124,371,243,128,0.322379629213459,0.0253025959810248,299,171,0.127943340884463,373,245,"750"
"W8304",0.149525833817054,346,246,100,0.331843485837162,0.0345601727317057,358,258,0.108265752150322,299,199,"750"
"W9",0.139456231375441,425,229,196,0.298153254017553,0.0279896036241005,395,199,0.0896249521917141,349,153,"750"
"WIL900",0.0707388259785007,409,79,330,0.234461603030034,0.017092112201899,438,108,0.0595790487251025,410,80,"750"
"WU-TAN-TZAO",0.133029421567762,566,216,350,0.214980747879288,0.0276833016731772,544,194,0.0987022475473052,526,176,"750"
"YE 4",0.204535179528781,689,324,365,0.164738108092629,0.0440887537848803,686,321,0.206906267010097,699,334,"750"
"YING-55",0.4208821033923,385,366,19,0.378665331951564,0.0890008567959487,385,366,0.466613491831477,385,366,"750"
"Yu796 NS",0.106378218245169,283,143,140,0.315662352512187,0.0227626589150348,296,156,0.0961112725069458,307,167,"750"
"ZS365",0.134296783335241,502,218,284,0.261326312280648,0.0308018811524171,513,229,0.109995435986565,490,206,"750"
"ZS635",0.0230940315934456,131,9,122,0.324289827673361,0.00637294550451663,135,13,0.0232453280313059,133,11,"750"
"1538",0.0633539014197594,233,50,183,0.359619417248817,0.0114686260712814,230,47,0.0600396325237308,242,59,"800"
"29MIBZ2",0.0589137608441724,97,41,56,0.415833774182917,0.00774652879686089,80,24,0.0394683558347008,82,26,"800"
"2FACC",0.0861106830908506,131,89,42,0.424895194681481,0.0115911942330994,91,49,0.0582495624105752,95,53,"800"
"2MA22",0.0481360458145486,309,27,282,0.315299932656525,0.00905671043856976,314,32,0.0473118839768572,320,38,"800"
"3IJI1",0.325536919196835,538,353,185,0.358666740810045,0.0726232083495206,539,354,0.21755268544587,524,339,"800"
"4226",0.317393798663795,501,351,150,0.370493786644474,0.0690478422628045,501,351,0.238781865890348,499,349,"800"
"4N506",0.209231477292128,530,300,230,0.339437435292852,0.0472678963340701,542,312,0.165843142607791,519,289,"800"
"6M502",0.17803783351673,335,260,75,0.406631602453984,0.0318158038795906,305,230,0.127297022190888,283,208,"800"
"6M502A",0.239650279843249,512,318,194,0.353567957187709,0.0505663352594778,515,321,0.177838399784675,496,302,"800"
"764",0.0417214756385867,205,19,186,0.358650995776746,0.00786240407717292,211,25,0.0395672349645442,213,27,"800"
"78010",0.0675365364287544,261,54,207,0.348619230452284,0.0139415387498785,280,73,0.0654467407046204,279,72,"800"
"793",0.0896454842206447,249,93,156,0.368125820710663,0.0151891960051722,243,87,0.0797975579463019,262,106,"800"
"87916W",0.196703570523729,364,286,78,0.40596984501253,0.0358840271238797,343,265,0.188423340852135,390,312,"800"
"911",0.0593883040243343,154,42,112,0.392537535856619,0.0102908044460574,152,40,0.0540016183842348,159,47,"800"
"912",0.0579889483284496,339,40,299,0.303841106056605,0.00925169754453937,333,34,0.048697617160837,341,42,"800"
"91IFC2",0.0841007033485693,167,83,84,0.40355782178114,0.0158634137041874,183,99,0.0800532984617006,191,107,"800"
"A",0.146996604177826,446,197,249,0.330685016712296,0.0272965062205042,439,190,0.108770417833223,421,172,"800"
"A208",0.0434420455252013,287,21,266,0.323532093335679,0.00719757678618344,286,20,0.0359949799537658,286,20,"800"
"A239",0.132868110823958,212,166,46,0.423058012671966,0.0237356912680457,205,159,0.100173882748581,195,149,"800"
"A272",0.114323389450342,464,140,324,0.286522595585058,0.0240980149932336,487,163,0.125128771208894,527,203,"800"
"A305",0.158324676773719,403,227,176,0.362510694134154,0.0266614007458435,360,184,0.137107161409259,403,227,"800"
"A322",0.106650147172519,330,118,212,0.346859426543555,0.0210308326725713,354,142,0.107177032165895,379,167,"800"
"A334",0.0975591847614909,131,104,27,0.436134301594157,0.0154167332500789,117,90,0.0809644534069124,135,108,"800"
"A340",0.100298423689535,125,109,16,0.448119203655423,0.0221905254920716,166,150,0.11451284716572,197,181,"800"
"A374",0.207794432231746,324,296,28,0.435930176683763,0.0400001338509811,316,288,0.202406587601384,353,325,"800"
"A385",0.125781729865015,360,154,206,0.348766499074643,0.023896477170023,367,161,0.120881808719771,403,197,"800"
"A401",0.125170156102271,454,153,301,0.30297394561602,0.0245232855401247,468,167,0.127825693485384,511,210,"800"
"A427",0.169510034619503,340,246,94,0.396044060418826,0.0352705266817483,352,258,0.134335223253993,318,224,"800"
"A548",0.0941530107342394,160,98,62,0.413323869687661,0.0151199753792084,148,86,0.0756160040586646,156,94,"800"
"A572",0.121090657748082,280,150,130,0.380800357801045,0.0186106919920994,251,121,0.0870197017267526,251,121,"800"
"A619",0.193701860962108,496,281,215,0.34564332895685,0.0306934420987651,432,217,0.161047509145789,489,274,"800"
"A627",0.165589311553215,511,239,272,0.319322513081428,0.0311394133314861,496,224,0.156896333280197,542,270,"800"
"A632",0.284738904965167,510,341,169,0.364352899028412,0.0531081319050756,496,327,0.229092871454208,512,343,"800"
"A635",0.20685657321933,430,295,135,0.378092607622628,0.0271996158961671,324,189,0.138616776169895,368,233,"800"
"A641",0.16727883191593,523,242,281,0.315348022274875,0.0368052036066802,552,271,0.189846194181047,595,314,"800"
"A648",0.322322540150243,591,352,239,0.335198351920139,0.0511229853830265,563,324,0.224563126145737,580,341,"800"
"A663",0.0200601356123382,150,3,147,0.371535269463839,0.00314184084089391,150,3,0.0164998327935671,150,3,"800"
"A672",0.11697747692068,195,142,53,0.41860388569827,0.0266458125409554,236,183,0.0934438308126361,181,128,"800"
"A674",0.106034423263571,134,117,17,0.44724730515744,0.0154789217612833,108,91,0.0775526897812313,118,101,"800"
"A679",0.195917254515376,468,284,184,0.35918064565499,0.0486964532791396,500,316,0.144608374939733,427,243,"800"
"A680",0.0268404127480492,63,8,55,0.417650751515995,0.00504141178202886,64,9,0.0253731418663072,63,8,"800"
"A682",0.288928899844734,563,344,219,0.34393998860671,0.0439995008973432,521,302,0.215536155696197,556,337,"800"
"A71",0.0772379983723164,106,71,35,0.430874181205065,0.0119186110086998,88,53,0.0596272355938063,92,57,"800"
"A73",0.183767306086386,318,269,49,0.421422052458112,0.0342954633152986,303,254,0.169573569323797,342,293,"800"
"A797NW",0.0811156003164806,297,77,220,0.343846315274513,0.0164216455457382,321,101,0.0839957084537093,335,115,"800"
"AQA3",0.110575014199196,223,127,96,0.395251064530283,0.0166012970875387,198,102,0.0747417508638603,187,91,"800"
"AS6103",0.256213477215575,463,330,133,0.37817741537901,0.0511991998409239,458,325,0.216804828001428,471,338,"800"
"AusTRCF 306238",0.0621700835997526,411,48,363,0.219860602067385,0.0125918648537126,425,62,0.0653941599019976,434,71,"800"
"B-18 INBR.FR.SUPERGOLD",0.197413963009911,353,287,66,0.412201324775228,0.0378829623403194,347,281,0.197288228562045,388,322,"800"
"B-28",0.172097094568545,294,253,41,0.425396597821383,0.0323362297893992,276,235,0.162815813795996,324,283,"800"
"B103",0.137196781975332,264,171,93,0.396277186321378,0.0306125173005618,308,215,0.0989725221460297,235,142,"800"
"B104",0.219516992982287,520,309,211,0.347063369091296,0.0341854507696003,464,253,0.141235982954355,446,235,"800"
"B105",0.120698925917104,316,149,167,0.364488940955556,0.0241781089342128,332,165,0.123497784663486,368,201,"800"
"B108",0.0770620268877432,194,70,124,0.384187996604519,0.0118012722579463,176,52,0.0616715652827727,187,63,"800"
"B109",0.249830376379842,625,325,300,0.303573013983671,0.0547777083036424,629,329,0.282470001228887,657,357,"800"
"B110",0.224136118123787,420,314,106,0.393438951084506,0.0556826052658514,439,333,0.161826394570293,384,278,"800"
"B111",0.0958583472848661,145,100,45,0.423305067640749,0.0209398444347156,185,140,0.0642925100273486,114,69,"800"
"B115",0.0754317440948125,391,64,327,0.284899219586281,0.0142856497589122,403,76,0.0745819885178892,417,90,"800"
"B119",0.0802238131098503,346,76,270,0.319944295695871,0.0179711066132169,385,115,0.0928282172259123,397,127,"800"
"B120",0.43464132578556,401,363,38,0.428055926803631,0.100914758091817,401,363,0.325262033203934,403,365,"800"
"B121",0.153464367256916,399,217,182,0.359990280299525,0.0299753110953828,392,210,0.145106376192174,426,244,"800"
"B14A",0.246047948713072,619,322,297,0.304364875403578,0.0519081152037699,623,326,0.184799383508121,605,308,"800"
"B164",0.155650648736398,258,221,37,0.428538154404178,0.0307517750989563,256,219,0.156762545572933,306,269,"800"
"B2",0.189431093183701,553,275,278,0.3167863193705,0.0350253675164329,534,256,0.15157040162637,537,259,"800"
"B37",0.176312714525121,505,258,247,0.332360561900449,0.0328151048223409,488,241,0.121746075468088,447,200,"800"
"B47",0.0574800410455034,345,39,306,0.300870376469908,0.00985901097756323,344,38,0.0423364367479758,336,30,"800"
"B57",0.00832609084063704,288,1,287,0.308997648023674,0.00109542423934112,288,1,0.00557216123336865,288,1,"800"
"B66",0.148938832397403,347,202,145,0.372081997248122,0.0277376555738324,338,193,0.144523281771001,387,242,"800"
"B68",0.279072328003403,678,338,340,0.275162574460815,0.0595179359516286,680,340,0.183572116385701,646,306,"800"
"B73",0.197612653158985,391,288,103,0.394280798092129,0.0403247686039304,392,289,0.211069468438384,433,330,"800"
"B75",0.154754826398524,580,219,361,0.226156433701886,0.0334848802791023,608,247,0.172474715394622,655,294,"800"
"B76",0.109728040840583,125,123,2,0.475447362996613,0.0149310530583648,86,84,0.0744699100814174,90,88,"800"
"B77",0.140686604421152,447,180,267,0.321987847525266,0.027713969031456,459,192,0.103051136102893,423,156,"800"
"B79",0.330059921466544,591,354,237,0.335662249858834,0.0756601160269718,593,356,0.261521040565879,588,351,"800"
"B87",0.115239898453618,227,141,86,0.403281709408525,0.0216454385401856,232,146,0.108778007405588,259,173,"800"
"B88",0.0491846782074748,305,29,276,0.318137785843506,0.00730052876819866,297,21,0.0380697866329557,298,22,"800"
"B91",0.203557405635124,305,293,12,0.454988845176558,0.0473664519052975,325,313,0.165394089626277,300,288,"800"
"B97",0.0932859765195357,422,97,325,0.286465421411704,0.0123889317470286,384,59,0.0627065585998463,392,67,"800"
"BEI 10 = NORTH 10",0.189349224698185,479,274,205,0.349482065641636,0.0411984491633076,501,296,0.127185934597467,412,207,"800"
"BO9",0.403511025266943,562,361,201,0.351030842554959,0.0850972100226229,559,358,0.2895929140807,562,361,"800"
"CA-4",0.129455086403928,350,159,191,0.355167492740367,0.0277641073640481,386,195,0.128887493434298,402,211,"800"
"CG102",0.148872006143274,434,201,233,0.338326369067754,0.0234636806014264,391,158,0.119348775058069,424,191,"800"
"CH701-30",0.15436953580268,322,218,104,0.393611025429491,0.0264629056047123,284,180,0.105319199543376,267,163,"800"
"CH711-10",0.160461242560123,552,230,322,0.288758132936948,0.0300023743384372,533,211,0.150585937160996,579,257,"800"
"CH753-4",0.250373936521364,523,326,197,0.352034224029641,0.0399077502919047,484,287,0.161516136397501,473,276,"800"
"CH9",0.155801822314635,474,222,252,0.32968134472323,0.0208602163608538,391,139,0.10976299678442,427,175,"800"
"CI 40H",0.11412319434541,163,138,25,0.439629261521348,0.0170181063430716,131,106,0.0852017839129491,143,118,"800"
"CM105",0.187864228220307,308,272,36,0.428887036326483,0.0307706903557161,256,220,0.16189332020564,317,281,"800"
"CQ702RC",0.0750047351290187,258,62,196,0.352145232872119,0.0141363579884497,270,74,0.0709165628834589,278,82,"800"
"CR 22 INBRED",0.208264663257768,311,297,14,0.450978033520338,0.0370698428338621,287,273,0.158789579588085,287,273,"800"
"DE2",0.109273710830341,424,122,302,0.302868162833438,0.020752444467971,438,136,0.104966359179059,463,161,"800"
"DE3",0.106962387401144,485,119,366,0.131421806069303,0.0178155895117286,478,112,0.0936703841545836,495,129,"800"
"DE4",0.0964908232736904,262,102,160,0.367133591318928,0.0181444737306474,277,117,0.0914182926285582,285,125,"800"
"DE811",0.110097679243813,333,125,208,0.348165363710975,0.0200182955594575,336,128,0.0686293532349483,286,78,"800"
"DJ7",0.211260766601201,537,302,235,0.337700650908582,0.0508595691510907,557,322,0.147467231226449,482,247,"800"
"DK3IIH6",0.217964932424669,456,307,149,0.370822238850361,0.0502212004091199,469,320,0.148410144482802,398,249,"800"
"DK4676A",0.15603849780704,416,223,193,0.353580286301067,0.0358411401139768,455,262,0.153339557721278,454,261,"800"
"DK78002A",0.448909278940225,369,364,5,0.468856118406292,0.101962755200963,369,364,0.306843439756105,367,362,"800"
"DK78010",0.0612938301758714,112,45,67,0.412067693477676,0.0121622006698568,124,57,0.0620390676090044,132,65,"800"
"DK78371A",0.191849679091607,581,278,303,0.302366279010039,0.0478152252752829,618,315,0.147927360381469,551,248,"800"
"DKFAPW",0.145376003487016,217,193,24,0.441033619316152,0.0328053876925872,264,240,0.169545693059494,316,292,"800"
"DKFBHJ",0.082561317356406,198,80,118,0.390520952829094,0.0135827564072137,187,69,0.0531737866556573,164,46,"800"
"DKMBNA",0.079991054586223,154,75,79,0.40547887092556,0.0158116972060271,176,97,0.0540441837506015,127,48,"800"
"DKPB80",0.0844033171506475,107,84,23,0.441714794152766,0.0202133550859133,154,131,0.0585450426085282,78,55,"800"
"E8501",0.149905372387895,456,205,251,0.329994018457938,0.0254564772599542,423,172,0.13384386642334,474,223,"800"
"EAST 028",0.105692786725608,138,116,22,0.442728155366288,0.0180068948687733,138,116,0.0849424069616973,139,117,"800"
"Eng-Li Chih",0.288851622730271,350,343,7,0.46662879622766,0.0627437351746074,352,345,0.191315514604393,323,316,"800"
"F118",0.386938071631854,525,360,165,0.365655450113976,0.0932331302021175,526,361,0.273326365948812,519,354,"800"
"F2834T",0.114097961983341,402,137,265,0.32358523992453,0.0243998600884171,431,166,0.125545857882558,470,205,"800"
"FBLA",0.17173302705407,333,252,81,0.403815367903843,0.0405703459876165,373,292,0.120823371430087,277,196,"800"
"FR19",0.221100158664536,671,312,359,0.236439581617739,0.0311603384859349,584,225,0.161706015877958,636,277,"800"
"H105W",0.108122236650193,375,121,254,0.328073434506345,0.0232479320682177,411,157,0.120594847468284,448,194,"800"
"H110",0.144005112816635,350,189,161,0.367111312045357,0.0190441324525577,285,124,0.0965387014777212,300,139,"800"
"H113",0.344670117254688,544,357,187,0.35860219128127,0.0849094777123351,544,357,0.246819765124496,537,350,"800"
"H121",0.128284911772299,376,155,221,0.343526576100733,0.0237989668996465,381,160,0.125276751389457,425,204,"800"
"H122w",0.0615519447118007,363,47,316,0.294754055833685,0.0120959776842729,372,56,0.0616098638984286,378,62,"800"
"H5",0.102588988664312,250,113,137,0.377139752212556,0.0136111917915616,207,70,0.06982593577502,218,81,"800"
"H71",0.181796361841232,402,266,136,0.37800906521684,0.0363655355889336,404,268,0.133246436358643,358,222,"800"
"H84",0.182838926358276,540,267,273,0.318880274742496,0.0451014645457295,579,306,0.138011028293442,503,230,"800"
"H91",0.0601455541664793,261,43,218,0.344426180602011,0.0124162786753817,278,60,0.0391751976886084,243,25,"800"
"H95",0.176304813768361,549,257,292,0.307368535182143,0.031944143909119,524,232,0.150426791463952,548,256,"800"
"H96",0.161553068416463,536,232,304,0.301125588884732,0.0365328837820179,574,270,0.117353034415031,492,188,"800"
"H99",0.118435940078326,247,145,102,0.394291094903785,0.0170048176855197,207,105,0.0852635043038467,221,119,"800"
"HP301",0.0853114276253898,264,86,178,0.361246690271033,0.0168219892310123,281,103,0.0857272214814637,298,120,"800"
"HUOBAI",0.15918559774797,548,228,320,0.290940494520923,0.0298919322468033,528,208,0.150327260376239,575,255,"800"
"Hy",0.0348592763723394,343,12,331,0.282268928648142,0.00489707413849985,339,8,0.0254035168630698,340,9,"800"
"I29",0.470965921645652,375,366,9,0.461714472716076,0.105927132285786,374,365,0.316066156362538,373,364,"800"
"Ia 453",0.150053130387467,209,206,3,0.474172848821365,0.0275693496297574,194,191,0.102194468450192,157,154,"800"
"IA2132",0.139723530775218,220,177,43,0.423497630745226,0.030618526256083,259,216,0.157881959901913,315,272,"800"
"IBB15",0.0257512035516509,33,7,26,0.436934671625262,0.00338704820050604,32,6,0.0172368344333418,30,4,"800"
"IBC2",0.189626267127982,408,276,132,0.37999015976538,0.0356162894083244,392,260,0.179246549504042,435,303,"800"
"ICI 193",0.0743188897843048,160,61,99,0.394679683795234,0.0169956352311136,203,104,0.0743060285543839,186,87,"800"
"ICI 740",0.100455819517986,264,111,153,0.369343094843227,0.0151972860693327,241,88,0.0734232448243236,238,85,"800"
"ICI 893",0.0493484791283689,307,30,277,0.31681623837554,0.00653125983744771,293,16,0.0334716158242369,294,17,"800"
"ICI 986",0.162494203797893,363,236,127,0.383423161420933,0.0316107187004727,355,228,0.113351582898071,306,179,"800"
"IDS28",0.140751286749404,253,181,72,0.408860201245727,0.0216634913462845,219,147,0.0997823043456211,218,146,"800"
"IDS69",0.0381003530983524,373,15,358,0.238679647852693,0.00665902785190397,375,17,0.0327656996799727,374,16,"800"
"IDS91",0.0418797771534121,374,20,354,0.247559340599025,0.00685100058813603,373,19,0.036046598601495,375,21,"800"
"INB 101LFY/LFY (A632 X M16 S5)",0.342589682842524,597,356,241,0.334518602106086,0.0651335744866902,588,347,0.237410172171938,587,346,"800"
"INBRED 141",0.230820569100698,562,316,246,0.332449863038565,0.0446828968942457,550,304,0.233057589370445,591,345,"800"
"INBRED 2-687",0.111094053888323,363,132,231,0.339404385314443,0.0252669879654629,401,170,0.0991812877410151,374,143,"800"
"INBRED 305",0.169765299299609,610,248,362,0.22573855743271,0.03522866919176,619,257,0.116360877347674,547,185,"800"
"INBRED 321",0.0567616562624351,384,37,347,0.264438601719186,0.0125096608098524,408,61,0.0645352424463599,417,70,"800"
"K150",0.151403360453187,272,212,60,0.414110646880003,0.0269530587153897,247,187,0.120769916393391,255,195,"800"
"K41",0.112870529929316,452,135,317,0.293086464384806,0.0229225941794484,472,155,0.0741643279020486,403,86,"800"
"K47",0.146644155567581,459,196,263,0.324124536810624,0.0202945911217661,395,132,0.102028665725785,415,152,"800"
"KUNG-70",0.0203073488882474,338,4,334,0.278545254505012,0.00333121409239284,338,4,0.0175255274604595,339,5,"800"
"L 127",0.181586392111509,419,265,154,0.36839669885866,0.0372162728075675,428,274,0.129934089010723,370,216,"800"
"L 139",0.240565414819652,483,320,163,0.366583466318536,0.0587360281733728,502,339,0.176653549006141,463,300,"800"
"L 289",0.220846580497412,433,311,122,0.385349899230844,0.0412279993822232,419,297,0.153403515654003,384,262,"800"
"LH1",0.0930302506656575,408,96,312,0.297971304232451,0.0149100165297067,395,83,0.0745665851812648,401,89,"800"
"LH119",0.0613804172835553,56,46,10,0.460608799677148,0.012308296303359,68,58,0.0640763049362418,78,68,"800"
"LH128",0.0235965682946778,168,6,162,0.366970856339626,0.00381731419805224,169,7,0.020091158812856,169,7,"800"
"LH143 (Maintainer)",0.377793224961548,360,359,1,0.479706835193704,0.0931179326803889,361,360,0.270274993368983,354,353,"800"
"LH146Ht",0.194312207855327,326,282,44,0.423345365766501,0.0385602149475483,327,283,0.202705693222341,370,326,"800"
"LH149",0.181416436852452,272,264,8,0.465802984752588,0.0390304704952125,292,284,0.151771132546493,268,260,"800"
"LH165",0.0211266394324538,258,5,253,0.328187299615221,0.00333537492625494,258,5,0.0175372756261494,259,6,"800"
"LH166",0.247250665021827,548,323,225,0.342209446923674,0.0579373805850108,563,338,0.187277752843096,536,311,"800"
"LH181",0.222030622465853,618,313,305,0.300927999251388,0.0496956588427692,623,318,0.162138601197259,587,282,"800"
"LH184",0.373827814624179,405,358,47,0.422085220304693,0.0906900122609521,406,359,0.266872325280855,399,352,"800"
"LH190",0.149358195860219,475,204,271,0.319884077953189,0.0339291092878656,522,251,0.104895581139367,431,160,"800"
"LH192",0.151080593710014,432,208,224,0.342622590962654,0.0293236273339047,428,204,0.149040121853803,475,251,"800"
"LH194",0.278091704096833,682,337,345,0.269887261784289,0.0549714240694282,675,330,0.197205220825718,666,321,"800"
"LH195",0.28719438903481,425,342,83,0.403608240853038,0.0620713936448908,427,344,0.214945757697653,419,336,"800"
"LH197",0.144480477712899,265,191,74,0.407443582795681,0.0270542194841213,262,188,0.141367388725858,311,237,"800"
"LH198",0.136336947727849,198,169,29,0.435641024890422,0.030214907040783,242,213,0.155943097729368,296,267,"800"
"LH202",0.192230886467559,388,279,109,0.39322482034006,0.0414285453205135,407,298,0.184401112012649,416,307,"800"
"LH204",0.177686919725148,493,259,234,0.338102562247439,0.0374884816411029,513,279,0.194649697776542,554,320,"800"
"LH205",0.166619576761783,597,241,356,0.244878682221859,0.0405224808423631,647,291,0.119627910142915,548,192,"800"
"LH206",0.0662786760144358,158,51,107,0.393406081533384,0.011311639973157,153,46,0.0441171160797003,139,32,"800"
"LH208",0.152050241443072,392,213,179,0.360893334160766,0.0227921818831561,333,154,0.116628092146329,366,187,"800"
"LH209",0.160695186729304,282,231,51,0.420628198246125,0.0227779278029263,204,153,0.114296154469247,231,180,"800"
"LH214",0.137250206169252,462,172,290,0.308515803357901,0.0318198512008992,521,231,0.119337517691151,480,190,"800"
"LH215",0.141905454056882,444,186,258,0.326040224797654,0.0325589288406157,496,238,0.104486704272872,415,157,"800"
"LH222",0.134523787428935,181,168,13,0.453784522997033,0.0195429018933789,139,126,0.0979341627681198,154,141,"800"
"LH223",0.132327737106879,241,165,76,0.406285993197359,0.0266102327078431,258,182,0.138510617171414,307,231,"800"
"LH224",0.155607906593582,555,220,335,0.277717739037844,0.0298175464088087,541,206,0.151157653592497,593,258,"800"
"LH295",0.11074508885153,300,129,171,0.363578071038459,0.0254047249836801,342,171,0.0751472295559104,264,93,"800"
"LH60",0.0793083784115603,353,73,280,0.31555726917194,0.0177825085218946,391,111,0.0918604419836564,406,126,"800"
"LH74",0.0542418314792703,81,33,48,0.421650476378192,0.0120490472490617,103,55,0.062403579358468,114,66,"800"
"LH82",0.12163627835485,209,151,58,0.414538812699491,0.0229768927374145,214,156,0.081661497599662,169,111,"800"
"LH93",0.0903472663071529,415,94,321,0.290126506116077,0.0173529934456649,428,107,0.0905486829321157,444,123,"800"
"LIBC 4",0.0665349308852692,102,52,50,0.421032700561386,0.00970639630145495,87,37,0.0486324180409898,91,41,"800"
"LP1 NR HT",0.214225306588985,374,304,70,0.408993222907718,0.0373683098057532,348,278,0.174358985269085,369,299,"800"
"LP5",0.072375636541005,125,57,68,0.410467399172924,0.0148896028573077,150,82,0.0781421932234761,170,102,"800"
"M14",0.094333034725449,361,99,262,0.324377540770802,0.0120103772158858,316,54,0.0575646724234948,312,50,"800"
"MBPM",0.15128882241203,384,211,173,0.36290844310316,0.0321007113034012,406,233,0.1204875003905,366,193,"800"
"MBWZ",0.169649005554854,533,247,286,0.309057581447642,0.0382138232131957,568,282,0.149450393587317,538,252,"800"
"MM501D",0.129772328790573,498,161,337,0.277069481072807,0.0309578002018159,560,223,0.129724426289234,552,215,"800"
"Mo17",0.0409245918520568,155,17,138,0.376386080593111,0.00648549745405289,153,15,0.0340281860264207,157,19,"800"
"Mo1W",0.0739166958793796,320,60,260,0.32557647650959,0.0135588783955257,327,67,0.0709304627629374,343,83,"800"
"Mo46",0.0794542319550632,425,74,351,0.260739240142648,0.0105883282747401,393,42,0.052736869160555,395,44,"800"
"Mo47",0.13797635162355,261,173,88,0.40258946716804,0.0260455502998855,265,177,0.131477216946972,308,220,"800"
"Mo5",0.220134479598471,526,310,216,0.345326443034396,0.0451602569679944,523,307,0.172518630518754,511,295,"800"
"MQ305",0.0753664422284092,253,63,190,0.355930949160518,0.0145508700524114,268,78,0.0528376404210452,235,45,"800"
"MS116",0.210295581593351,551,301,250,0.3306248160168,0.0278459838612558,447,197,0.142736216719109,490,240,"800"
"MS132",0.152254073496817,423,214,209,0.347913484025111,0.0240319930775278,371,162,0.105270112523987,371,162,"800"
"MS200",0.0732796573996157,284,58,226,0.342124401446122,0.0115989256181158,276,50,0.0608786710191828,286,60,"800"
"MS211",0.103561300769103,271,114,157,0.367486111978633,0.0158580599806324,255,98,0.0765686063772791,254,97,"800"
"MS221",0.0961375505064684,186,101,85,0.403334763653953,0.015564744874406,179,94,0.0819184180677598,198,113,"800"
"MS224",0.12026762703179,221,148,73,0.407493062832927,0.0214285488833968,218,145,0.0956483879965216,207,134,"800"
"MS225",0.175308630959648,405,254,151,0.370157418164121,0.0331245288492842,396,245,0.174250652380504,449,298,"800"
"MS226",0.117888879601199,472,143,329,0.283686909915354,0.0210942240551976,472,143,0.102185638538506,482,153,"800"
"MS24A",0.075745785851095,365,67,298,0.304130159635085,0.0137729360328049,369,71,0.0697968845798888,378,80,"800"
"MS67",0.0971861988989274,463,103,360,0.233514646578093,0.0155482670450213,452,92,0.0818427835570927,472,112,"800"
"MS71",0.145434950350663,283,194,89,0.402360140066082,0.0345765795205646,344,255,0.100660859514102,240,151,"800"
"MS72",0.131153827885972,303,164,139,0.376124910651696,0.0200599923391046,268,129,0.104815206788492,298,159,"800"
"N192",0.270540395393552,341,335,6,0.468213740609207,0.0501493968491857,325,319,0.191962411993168,323,317,"800"
"N193",0.0828707972499417,152,81,71,0.408871170114202,0.00936452744633802,106,35,0.0483096567835137,111,40,"800"
"N200",0.111015937648267,483,131,352,0.256842581685338,0.018254157188554,470,118,0.096026858513501,489,137,"800"
"N201",0.0846801274400808,119,85,34,0.431044802774355,0.0115101141005904,82,48,0.0579868985068074,86,52,"800"
"N209",0.110652741516768,472,128,344,0.270133356439108,0.0146174884539092,424,80,0.0748442528099695,436,92,"800"
"N211",0.204892000914039,553,294,259,0.325753059495616,0.0460377494270018,568,309,0.238306255733221,607,348,"800"
"N217",0.218126373321727,429,308,121,0.387139725663314,0.0411851801485203,416,295,0.207920968613804,450,329,"800"
"N218",0.139360067943896,517,175,342,0.274586662721723,0.0269128575906738,527,185,0.13665607144593,568,226,"800"
"N28Ht",0.130486588948584,459,163,296,0.306172939137258,0.0256342205679407,470,174,0.100345402318096,446,150,"800"
"N501",0.0414339428373464,336,18,318,0.293074071250993,0.00796277787036054,344,26,0.0403925019292122,346,28,"800"
"N523",0.128352818017148,175,156,19,0.446888579845428,0.0191195408992365,144,125,0.099728028187433,164,145,"800"
"N527",0.213819166009937,390,303,87,0.402658256406603,0.0407378135812244,380,293,0.186185242416813,396,309,"800"
"N534",0.110751181944164,300,130,170,0.363831259565577,0.0147850385753226,251,81,0.076002312547142,265,95,"800"
"N542",0.284562389848628,625,340,285,0.312549997045965,0.0618808617130569,628,343,0.211286923461575,616,331,"800"
"N6",0.139566347517451,470,176,294,0.306800374376376,0.0317703817402823,523,229,0.0956175735788923,427,133,"800"
"NC250",0.281603331430772,632,339,293,0.306893707280777,0.0678888024232792,643,350,0.214227358769784,627,334,"800"
"NC262",0.112376543123753,422,133,289,0.30875951586463,0.0212705293854819,433,144,0.106606411497035,455,166,"800"
"NC294",0.0978580317445719,309,106,203,0.350849575781752,0.0199955031745056,330,127,0.0797263737180204,308,105,"800"
"NC310",0.308065827044131,446,349,97,0.394904041709037,0.0564438411352696,432,335,0.229083147922909,439,342,"800"
"NC326",0.16550818124111,461,238,223,0.343208941248051,0.0338594272892402,473,250,0.173411103314648,519,296,"800"
"NC328",0.26849749101427,613,334,279,0.316674844375666,0.0628015531950903,625,346,0.186211347323968,589,310,"800"
"NC342",0.10721989628286,452,120,332,0.279970902947339,0.0227418568741868,484,152,0.118049872029162,521,189,"800"
"NC412",0.148768334533481,488,200,288,0.308791729593319,0.0299173966069026,497,209,0.149618781511576,542,254,"800"
"ND259",0.100414319820735,467,110,357,0.243890005023749,0.0133118089498138,422,65,0.0612267380765491,418,61,"800"
"ND265",0.179494747740261,405,263,142,0.374551838696005,0.0358436981650629,405,263,0.182308781595342,447,305,"800"
"NK740",0.261995549993052,567,331,236,0.336776697549104,0.0550753255865,567,331,0.282909649909987,594,358,"800"
"NK778",0.148140630074963,447,199,248,0.331242182688641,0.0184880402011626,368,120,0.0972822303910438,388,140,"800"
"NK807",0.139002355070512,314,174,140,0.375844144503483,0.0262485834197297,318,178,0.132520387246489,361,221,"800"
"NKS8326",0.168625631202505,567,244,323,0.287197317869501,0.0330771292768264,566,243,0.116535768840321,509,186,"800"
"NORTH 7",0.15122368000107,420,210,210,0.347769245709775,0.031428243478367,436,226,0.161246720146113,485,275,"800"
"NQ508",0.215749318875323,401,306,95,0.395390696461232,0.0356237129016933,356,261,0.139616920332734,329,234,"800"
"NS501",0.100006955064596,325,108,217,0.344722552835875,0.0187383097052925,340,123,0.0938313813615712,347,130,"800"
"NS701",0.175664137335848,569,255,314,0.297149178273492,0.0331164536203442,558,244,0.166120029811445,604,290,"800"
"NY6371",0.190228339184808,469,277,192,0.354165501856713,0.0332146630428613,438,246,0.163822624880214,477,285,"800"
"Ny821",0.0454147814851302,114,24,90,0.40229776173968,0.0084067923870545,119,29,0.0311440581164767,104,14,"800"
"OH33",0.302364622540748,616,347,269,0.320433866266815,0.0676898952354362,618,349,0.221340273633914,609,340,"800"
"Oh40B",0.240070134892537,417,319,98,0.39474862536005,0.0445358415236557,401,303,0.230621831262739,442,344,"800"
"Oh43",0.156083338047224,423,224,199,0.351196421371819,0.0297823307794716,404,205,0.149572644082548,452,253,"800"
"Oh7",0.0558848279793906,382,36,346,0.2664876661453,0.00811754242233273,373,27,0.0422558665508092,375,29,"800"
"OQ403",0.153093724640376,279,216,63,0.413198891688003,0.0298887297938949,270,207,0.11206623972692,241,178,"800"
"OQ603",0.0341362271749122,29,11,18,0.447104433861706,0.00535753090334152,28,10,0.0280328037905419,28,10,"800"
"Os420",0.19966437091372,293,289,4,0.469637748528708,0.0449458130732136,309,305,0.141592741630493,242,238,"800"
"OS602",0.29487965445271,629,346,283,0.314569419191125,0.0661787551047218,631,348,0.212838361638639,616,333,"800"
"Pa392",0.304038492875101,448,348,100,0.394608894769607,0.0705448089852061,452,352,0.207609659798038,428,328,"800"
"Pa405",0.0996687230505586,279,107,172,0.363446696865497,0.0133370333262365,238,66,0.0686041699113906,249,77,"800"
"Pa875",0.273349660306325,517,336,181,0.360437830342348,0.0488231845669187,498,317,0.214381389154177,516,335,"800"
"Pa880",0.0551383197948991,49,34,15,0.448936879432192,0.00760654272689541,38,23,0.0382531396172699,38,23,"800"
"Pa91",0.0757082073880817,322,66,256,0.326930157180071,0.0143764273736303,333,77,0.0727141289105931,340,84,"800"
"PH207",0.0537681549733647,137,32,105,0.393512528474,0.00956935062765519,141,36,0.0460485293704716,141,36,"800"
"PHB09",0.147057618444826,255,198,57,0.415777025594309,0.0361973473736171,324,267,0.10988093627364,233,176,"800"
"PHB47",0.0886371274218617,213,90,123,0.384502502779692,0.0176354750427751,233,110,0.0899935228640318,245,122,"800"
"PHBA6",0.0285328996902097,70,9,61,0.413523287167958,0.00572486989805506,72,11,0.0292480899164152,72,11,"800"
"PHBB3",0.0978496263184039,260,105,155,0.368377411934528,0.021777108566545,303,148,0.0774314192558719,255,100,"800"
"PHEG9",0.148942919110577,257,203,54,0.418553925730158,0.0372310156934291,329,275,0.108664058496559,225,171,"800"
"PHG29",0.334134633499379,703,355,348,0.264321234681829,0.0716515205542052,701,353,0.277023267494728,703,355,"800"
"PHG47",0.0607183187113882,359,44,315,0.296401035395929,0.00998383063445955,354,39,0.0446604032256748,348,33,"800"
"PHG71",0.0378402168044435,47,14,33,0.432432260186242,0.00747139763210464,55,22,0.0389278053672572,57,24,"800"
"PHG80",0.109926795787261,244,124,120,0.388632384593783,0.0205150431284238,253,133,0.0999277525306446,267,147,"800"
"PHG83",0.183512685635026,381,268,113,0.392273723485206,0.0409105736134171,407,294,0.1552461934427,379,266,"800"
"PHG86",0.294426215693613,436,345,91,0.398262163821115,0.0561827024088937,425,334,0.285432272328928,451,360,"800"
"PHH93",0.24970911081597,551,324,227,0.341697081091354,0.0573733456576728,563,336,0.211645611608032,559,332,"800"
"PHHH9",0.0703720610060864,329,55,274,0.318771060581412,0.0128930269568611,338,64,0.0674517258193375,348,74,"800"
"PHHV4",0.184769107878122,378,270,108,0.393292867825822,0.0207374631247583,243,135,0.106441128610246,273,165,"800"
"PHJ70",0.253013698688953,693,329,364,0.212151908079645,0.0510704074423795,687,323,0.202036041773653,687,323,"800"
"PHJ89",0.18653941355522,528,271,257,0.326244256467552,0.0420284047841672,556,299,0.161879171584826,537,280,"800"
"PHJ90",0.0759436591934081,232,68,164,0.365803150151775,0.0128625974426163,227,63,0.0665072742615689,237,73,"800"
"PHJR5",0.313312553521783,382,350,32,0.433508144060841,0.0745705797217696,387,355,0.280884964657916,388,356,"800"
"PHK35",0.16645486751508,366,240,126,0.383505593960142,0.0302265478481303,340,214,0.131085859423284,345,219,"800"
"PHK42",0.114225850895677,231,139,92,0.398115173637028,0.0182600091315537,211,119,0.0961163804450963,230,138,"800"
"PHK56",0.141197585416876,515,182,333,0.279834350250978,0.0307742934042868,554,221,0.111194275503573,510,177,"800"
"PHK74",0.229459511047004,444,315,129,0.381058797984693,0.0536954826568157,457,328,0.156041303046406,397,268,"800"
"PHKE6",0.140527902322272,374,179,195,0.352810184104081,0.0329876576387663,437,242,0.0958028114470073,330,135,"800"
"PHM10",0.0568985009576947,346,38,308,0.299859629050499,0.0111131717608771,353,45,0.0579361959387288,359,51,"800"
"PHN11",0.0623549642594096,208,49,159,0.367156261485313,0.0117711231025703,210,51,0.0594212667447414,215,56,"800"
"PHN29",0.143086380322145,426,188,238,0.3353222264437,0.0278349142491184,434,196,0.123515158801744,440,202,"800"
"PHN66",0.0856474955649994,164,87,77,0.406107912820519,0.0142525699565434,152,75,0.0689430874048653,156,79,"800"
"PHN82",0.162269129983395,477,234,243,0.334249864401199,0.0322597854661568,477,234,0.164602210689008,529,286,"800"
"PHP02",0.178091187639994,529,261,268,0.321454747271834,0.0364306515436541,537,269,0.189457332291748,581,313,"800"
"PHP55",0.238197307646306,381,317,64,0.412913517071626,0.0438547427177445,365,301,0.161865443184988,343,279,"800"
"PHP76",0.162444348885654,336,235,101,0.394477425345187,0.0292480870160127,304,203,0.137626404759898,329,228,"800"
"PHP85",0.129276472729449,477,158,319,0.291000822018995,0.0324315414901382,555,236,0.0949577309594667,451,132,"800"
"PHPR5",0.0443472975662187,266,22,244,0.333213591457042,0.00908357483583256,277,33,0.0476963308015056,283,39,"800"
"PHR03",0.0554113735717912,365,35,330,0.28276916193194,0.0104130791675687,371,41,0.0523049944312727,373,43,"800"
"PHR30",0.151084266843675,454,209,245,0.333053184076424,0.0277602844246658,439,194,0.121426378629452,444,199,"800"
"PHR31",0.102155967903742,227,112,115,0.391099589255994,0.0201638879629868,245,130,0.102774118143296,270,155,"800"
"PHR36",0.167823241317085,593,243,350,0.261521884615809,0.0361196198502761,616,266,0.120965982697791,548,198,"800"
"PHR47",0.202817030348317,467,292,175,0.362522062362899,0.0425945025386821,475,300,0.147049398950011,421,246,"800"
"PHR63",0.118898831797437,374,146,228,0.341677543044868,0.0218550482913359,377,149,0.0766356008972807,326,98,"800"
"PHT10",0.129674458026341,469,160,309,0.299797051192052,0.0246236529677468,478,169,0.129616308610188,523,214,"800"
"PHT47",0.153037010425291,528,215,313,0.297310200263984,0.0337557957979202,562,249,0.174152211496309,610,297,"800"
"PHT55",0.0888787242735754,419,91,328,0.284654716928598,0.0155537123548562,421,93,0.0815762032185529,438,110,"800"
"PHTM9",0.199984616259246,407,290,117,0.39064511099331,0.031480135892394,344,227,0.164834492789592,404,287,"800"
"PHV37",0.113250540951614,313,136,177,0.361618971340312,0.0179432028702084,291,114,0.0941505386523782,308,131,"800"
"PHV57",0.141406362528382,314,183,131,0.380004159036158,0.0282213153790382,330,199,0.144075863735178,372,241,"800"
"PHV63",0.144502864021269,380,192,188,0.35670991325088,0.035876104067607,452,264,0.105451152796525,352,164,"800"
"PHVA9",0.0115238238025463,150,2,148,0.371176905176948,0.0024024326358809,150,2,0.0123301136714223,150,2,"800"
"PHVJ4",0.243165346726585,462,321,141,0.375288675430421,0.0550930509512175,473,332,0.285068612622396,500,359,"800"
"PHW03",0.0830524002111903,122,82,40,0.426558051808513,0.0156177050975047,135,95,0.0786883737245172,143,103,"800"
"PHW17",0.0760691298960612,333,69,264,0.32390288832873,0.0160442378951033,364,100,0.0833070263762771,378,114,"800"
"PHW20",0.208719589608075,541,299,242,0.334512499617933,0.0461453348354164,552,310,0.238116660972307,589,347,"800"
"PHW30",0.123934725120099,381,152,229,0.340569387474309,0.0286637744026209,430,201,0.0995729957480728,373,144,"800"
"PHW43",0.150061644603138,405,207,198,0.35161979538708,0.0373497167501457,474,276,0.11560595391465,380,182,"800"
"PHW52",0.0755281407415087,233,65,168,0.364402802106609,0.0158027462110177,264,96,0.081135976491834,277,109,"800"
"PHW53",0.15977058715994,539,229,310,0.299506970676802,0.0354722409444229,569,259,0.10772719596884,478,168,"800"
"PHW80",0.176145787192488,594,256,338,0.276378922719227,0.037050430674089,610,272,0.193220366396664,656,318,"800"
"PHWG5",0.142021585953539,330,187,143,0.373981180115692,0.0258469423277117,319,176,0.135271960427397,368,225,"800"
"PHZ51",0.110301625719587,315,126,189,0.356175215429807,0.0207685560122703,326,137,0.104720320136429,347,158,"800"
"Q381",0.188959590040255,325,273,52,0.419427481816702,0.0339982858271446,304,252,0.162853721027417,336,284,"800"
"R168",0.161891996849907,391,233,158,0.367441240538796,0.0286540021148971,358,200,0.146720753321714,403,245,"800"
"R177",0.14573609708248,550,195,355,0.246595142665511,0.0264733037093873,536,181,0.138564424630529,587,232,"800"
"R181B",0.141902574852952,216,185,31,0.435169876396701,0.030716383766282,249,218,0.0999377125192139,179,148,"800"
"R226",0.0738230336504924,225,59,166,0.365085033590999,0.017629246096627,275,109,0.0682771642635842,242,76,"800"
"R229",0.0409086406713099,248,16,232,0.338404584205288,0.00877118252707286,263,31,0.0455054450446596,267,35,"800"
"R71",0.0905717440957495,115,95,20,0.445880233775492,0.0175307888353567,128,108,0.059848403536852,78,58,"800"
"R78",0.265354422222662,513,333,180,0.360452043952532,0.0616836851405968,522,342,0.20378142454139,507,327,"800"
"SD101",0.144020027682769,270,190,80,0.404607861270621,0.0241049852319515,244,164,0.125976334551916,286,206,"800"
"SD102",0.0891225404137083,131,92,39,0.427547453488282,0.0178452796478082,152,113,0.0911454870386603,163,124,"800"
"SD107",0.4535909201312,476,365,111,0.393075610723852,0.106938512154336,477,366,0.31003372853413,474,363,"800"
"SD40",0.208336247224644,450,298,152,0.369856975846958,0.0393156148053674,437,285,0.154476521549176,416,264,"800"
"SD44",0.178705807553447,327,262,65,0.4122086424605,0.0376742809070508,345,280,0.191249453814224,380,315,"800"
"SG 30A",0.0485067268808238,323,28,295,0.306298406773993,0.00859565438658255,325,30,0.0450520018145171,329,34,"800"
"T242",0.105556320154688,229,115,114,0.391710381994461,0.015313655537074,203,89,0.0797064545485669,218,104,"800"
"Tr",0.0811483447821248,222,78,144,0.373653181358389,0.0135620611213749,212,68,0.0678255891546569,219,75,"800"
"TZU-CHIAO-HSI-WU 105",0.250417064173464,386,327,59,0.414533950063473,0.0576814293987688,396,337,0.202365925841154,383,324,"800"
"Va26",0.170730140760987,541,250,291,0.308455729048753,0.0301012769621255,503,212,0.129990544597821,508,217,"800"
"Va35",0.0673277618869078,328,53,275,0.31831552732403,0.0138826406015152,347,72,0.0467698452237602,312,37,"800"
"Va52",0.0704004907520463,86,56,30,0.435516233911964,0.0110892781755074,74,44,0.058296423237775,84,54,"800"
"Va99",0.193357851829077,454,280,174,0.362793560512305,0.0452290239115977,482,308,0.154523066341568,439,265,"800"
"W182E",0.134419047015022,367,167,200,0.351035014071713,0.0254599607280451,373,173,0.127512803420079,409,209,"800"
"W22",0.0860980890582932,310,88,222,0.343352744638156,0.0146118998939506,301,79,0.0769165133972362,321,99,"800"
"W23",0.25098671155845,397,328,69,0.41035918599374,0.046204008480442,380,311,0.166144518711617,360,291,"800"
"W24",0.165487317683742,451,237,214,0.345934536329074,0.039579139884476,500,286,0.153563306390049,477,263,"800"
"W32",0.13035006067512,402,162,240,0.334802583277382,0.0205762643450769,374,134,0.108174601635382,410,170,"800"
"W37A",0.196509421100952,638,285,353,0.252619504017917,0.037360504781912,630,277,0.180870051675993,657,304,"800"
"W552",0.156100178574404,551,225,326,0.286116240783307,0.0264534474518567,505,179,0.0959511828625362,462,136,"800"
"W603S",0.0362286675972096,268,13,255,0.32695675993977,0.00621209620567747,269,14,0.0326161663634893,270,15,"800"
"W604S",0.194681739796579,429,283,146,0.371624143973961,0.0336830633660879,394,248,0.177217435852295,447,301,"800"
"W605S",0.0822261178420445,161,79,82,0.403665450179488,0.0187256102649946,204,122,0.0618437131902557,146,64,"800"
"W607S",0.117958567622233,455,144,311,0.298808460202562,0.0208553055102131,449,138,0.108917979901894,485,174,"800"
"W610S",0.046863719238727,368,25,343,0.273526624878094,0.00670107765215258,361,18,0.0336072457428124,361,18,"800"
"W611S",0.141513614143371,523,184,339,0.275421430553743,0.0290120716361283,541,202,0.148622425349512,589,250,"800"
"W612S",0.214741610339624,612,305,307,0.300211902605185,0.040498054135154,597,290,0.142415389289969,546,239,"800"
"W614S",0.119599976335071,272,147,125,0.383653527961237,0.0245674217198624,293,168,0.129266606933562,338,213,"800"
"W64A",0.156738170182703,439,226,213,0.345949448033347,0.0281979979386607,411,198,0.116012658114824,397,184,"800"
"W701BC",0.0505380170434113,42,31,11,0.459970924406381,0.00816316065124172,39,28,0.0429650917428467,42,31,"800"
"W803G",0.0480393194343641,362,26,336,0.277647102439381,0.010615497457029,379,43,0.0547752851492893,385,49,"800"
"W809G",0.129053827000579,285,157,128,0.382715153222768,0.0326595873756559,367,239,0.107890866206511,297,169,"800"
"W810G",0.200983471306304,493,291,202,0.350961166510726,0.0476415689964687,516,314,0.13786631377001,431,229,"800"
"W811G",0.0443798540668608,284,23,261,0.324656099121887,0.00598874651256021,273,12,0.0302042574834862,273,12,"800"
"W813G",0.170081320671297,365,249,116,0.390683658776676,0.0269377758947679,302,186,0.141360584813657,352,236,"800"
"W8304",0.17141105571325,361,251,110,0.393198590542226,0.032526868899043,347,237,0.157690835211026,381,271,"800"
"W9",0.169275261849136,449,245,204,0.350605746899269,0.0308626123055126,426,222,0.130171394146988,422,218,"800"
"WIL900",0.0783742794132888,413,72,341,0.275020998446395,0.0150782193866441,426,85,0.0765041754235308,437,96,"800"
"WU-TAN-TZAO",0.112529745882749,483,134,349,0.262359496970903,0.0210219737462824,490,141,0.08403948145608,465,116,"800"
"YE 4",0.265307292777587,697,332,365,0.188877037901942,0.060484553539707,706,341,0.194612124018556,684,319,"800"
"YING-55",0.430727982954702,383,362,21,0.445493662734193,0.0964412448403914,383,362,0.34530056129743,387,366,"800"
"Yu796 NS",0.140449273342428,312,178,134,0.378141441782777,0.0226301199126093,285,151,0.115670054204998,317,183,"800"
"ZS365",0.136719545178561,454,170,284,0.31324162914357,0.0256744409435129,459,175,0.129078896051133,496,212,"800"
"ZS635",0.0314960513282697,129,10,119,0.38967265340112,0.0060810197588236,132,13,0.0308763213743499,132,13,"800"
"1538",0.0675009060293607,216,45,171,0.414119690266075,0.0131448564421065,227,56,0.0625971471692622,234,63,"850"
"29MIBZ2",0.0999722925015606,139,97,42,0.482034039967524,0.0152203864343945,121,79,0.0708798322903012,126,84,"850"
"2FACC",0.130998647079047,184,148,36,0.484641409522919,0.017293644266998,132,96,0.0845918669228461,150,114,"850"
"2MA22",0.049411918088858,321,24,297,0.350704472947816,0.00653070792199215,311,14,0.0316670064753316,311,14,"850"
"3IJI1",0.34300600230436,521,353,168,0.415556144441326,0.0700307096674005,521,353,0.191787870625089,476,308,"850"
"4226",0.336325993302278,500,348,152,0.422277056793562,0.0631953673768112,496,344,0.274597705671991,507,355,"850"
"4N506",0.222325178773681,503,296,207,0.396441389402634,0.0426561902362434,495,288,0.188530215139845,509,302,"850"
"6M502",0.168207058872414,306,214,92,0.450870802977813,0.0293493899770544,285,193,0.0957839102238183,239,147,"850"
"6M502A",0.268104477635783,532,322,210,0.395455051817024,0.0515578274745576,530,320,0.151991046653408,457,247,"850"
"764",0.112956415443083,328,119,209,0.395750459349932,0.0209178374860799,340,131,0.107196254295998,376,167,"850"
"78010",0.0744059507448923,267,53,214,0.393651373432194,0.0142748499096582,286,72,0.0537357858551904,258,44,"850"
"793",0.0930488672805201,248,84,164,0.417919450997988,0.0173758661614683,261,97,0.0833771224276985,275,111,"850"
"87916W",0.204097692260785,360,273,87,0.45492958096193,0.0379579655395965,353,266,0.190820185834582,391,304,"850"
"911",0.0776040995541704,185,59,126,0.435958458088047,0.0155753619110688,209,83,0.0738068963062347,214,88,"850"
"912",0.0845895802346295,393,71,322,0.331309246399297,0.0108065880775295,361,39,0.0539409055238096,367,45,"850"
"91IFC2",0.0418436111418465,91,20,71,0.461880935669151,0.00805105696936869,89,18,0.0365335916315955,91,20,"850"
"A",0.172318910582019,474,217,257,0.374846276673844,0.0311768385721118,460,203,0.107836606151523,426,169,"850"
"A208",0.0871997969242376,358,74,284,0.359342049960968,0.0168713459624321,376,92,0.0759691133794284,374,90,"850"
"A239",0.135129460731052,202,156,46,0.478522802569529,0.0236727003870841,193,147,0.0771055664117848,139,93,"850"
"A272",0.110309633914551,437,112,325,0.328294778232644,0.0225405628564607,467,142,0.1065208293239,488,163,"850"
"A305",0.192650939513849,420,246,174,0.411965889067545,0.0354160183665873,415,241,0.162379004044566,439,265,"850"
"A322",0.125845223832664,357,139,218,0.391852318668456,0.0263294657046274,387,169,0.119777676211244,413,195,"850"
"A334",0.0955631494143813,132,91,41,0.482074093800689,0.013563324403467,101,60,0.0695460751063721,122,81,"850"
"A340",0.0911457549972249,99,82,17,0.50474261320799,0.0196418443453152,140,123,0.0898416662278434,145,128,"850"
"A374",0.242574118965183,343,306,37,0.483477165875292,0.0462719372011083,342,305,0.236729527316316,375,338,"850"
"A385",0.115837253461235,331,125,206,0.396725109409942,0.0225658753649724,349,143,0.101550426759762,361,155,"850"
"A401",0.121762112014538,442,135,307,0.341826795149892,0.0217759234780165,445,138,0.10542691835846,468,161,"850"
"A427",0.193447662084156,367,250,117,0.441537141820444,0.0356642749205839,361,244,0.160009135007156,377,260,"850"
"A548",0.104575931168307,171,105,66,0.466244429880486,0.0144387251672197,139,73,0.0688395400457186,145,79,"850"
"A572",0.122672002063462,271,136,135,0.428869987246358,0.0178605999073901,239,104,0.085706717784218,253,118,"850"
"A619",0.220420970106734,533,293,240,0.381392716714213,0.0340761489824807,471,231,0.17338465598553,524,284,"850"
"A627",0.160924917132267,473,205,268,0.368490569698924,0.031193573737439,473,205,0.140403409040896,496,228,"850"
"A632",0.305114422792194,501,339,162,0.418315341731126,0.0579251328869456,495,333,0.225936102164236,492,330,"850"
"A635",0.225212843854826,421,297,124,0.436789921898814,0.0306391909670096,324,200,0.156795743454917,381,257,"850"
"A641",0.201930103358701,561,267,294,0.351987751153678,0.0443163227574847,590,296,0.203378361162035,614,320,"850"
"A648",0.341671442756442,600,352,248,0.378019413861566,0.0510656219044816,566,318,0.248360179914917,591,343,"850"
"A663",0.0428464360429514,190,21,169,0.414854860236233,0.00924473389952259,197,28,0.0411146844601626,199,30,"850"
"A672",0.125898607749284,192,140,52,0.471490696234247,0.0262745388899534,220,168,0.110219254214925,228,176,"850"
"A674",0.108969754739761,132,111,21,0.499605486895678,0.0157742019136804,105,84,0.0742358952999585,110,89,"850"
"A679",0.196083777439437,447,254,193,0.403555389027485,0.0438981450893655,488,295,0.14286987179126,424,231,"850"
"A680",0.0211917149186408,68,5,63,0.466583441131717,0.00409416034554373,70,7,0.018473231938863,69,6,"850"
"A682",0.318451186054683,570,343,227,0.387334262317228,0.0405584015298914,505,278,0.185998021732511,526,299,"850"
"A71",0.0986171365301143,125,95,30,0.486782858285847,0.019149694839906,148,118,0.0867951251140687,151,121,"850"
"A73",0.186793004537723,297,237,60,0.468490202473452,0.0364726809867774,310,250,0.167794729014434,336,276,"850"
"A797NW",0.145719938651798,355,173,182,0.408217568343349,0.029304651389787,374,192,0.132385044051956,398,216,"850"
"AQA3",0.108102033377886,228,108,120,0.440426829660142,0.013482118791383,179,59,0.065606408981678,190,70,"850"
"AS6103",0.234587128386463,459,305,154,0.422193079444904,0.0446861857040802,452,298,0.205298724148407,476,322,"850"
"AusTRCF 306238",0.0721787852786955,412,50,362,0.263968300743613,0.0127754392026335,414,52,0.0632207694059806,426,64,"850"
"B-18 INBR.FR.SUPERGOLD",0.231808741063252,383,303,80,0.457377667170593,0.0449946755210513,379,299,0.227090306584723,411,331,"850"
"B-28",0.23371088856258,324,304,20,0.499818334278209,0.0453159967012961,320,300,0.20396131574815,341,321,"850"
"B103",0.147682982921119,279,177,102,0.447424484940981,0.0277896057622937,287,185,0.108257404546982,272,170,"850"
"B104",0.268989369734891,510,323,187,0.4064524076807,0.040825231754682,467,280,0.193190494666191,497,310,"850"
"B105",0.15400298727039,388,193,195,0.401707667249533,0.0311913442835886,399,204,0.141075352024724,424,229,"850"
"B108",0.0768038611537528,188,58,130,0.432966775554514,0.0115026811705126,174,44,0.0587181772710073,185,55,"850"
"B109",0.278209963069358,627,327,300,0.346678066549169,0.0616181827401183,641,341,0.28324870387146,657,357,"850"
"B110",0.23153029909369,396,302,94,0.449774357360492,0.0521248851666898,418,324,0.151821104173046,340,246,"850"
"B111",0.0896608097861207,125,77,48,0.477874073253643,0.0192776866000554,167,119,0.0652432072439586,116,68,"850"
"B115",0.0946333168190553,411,87,324,0.331131169154468,0.0178131371494093,426,102,0.0902923976310443,453,129,"850"
"B119",0.0905677249486572,351,81,270,0.367956380821891,0.0204108567673598,397,127,0.094116792306108,411,141,"850"
"B120",0.459936936519386,409,364,45,0.478987169552793,0.0951844124690287,409,364,0.351073040291326,410,365,"850"
"B121",0.1719586723054,402,216,186,0.406732467430773,0.0339878677788832,413,227,0.137880164458092,408,222,"850"
"B14A",0.251009293563613,600,310,290,0.356359215844786,0.0520956349760236,613,323,0.15292362834471,538,248,"850"
"B164",0.192836608941413,286,247,39,0.483127531623633,0.0402104620527405,315,276,0.182812744165811,332,293,"850"
"B2",0.203929933138053,544,271,273,0.366101960323066,0.0355059063429894,515,242,0.176141697580432,561,288,"850"
"B37",0.189316594360489,487,244,243,0.380479373861245,0.0340039083901053,472,229,0.103054427604817,401,158,"850"
"B47",0.0599696275992418,338,36,302,0.345107180670355,0.0106854512655604,338,36,0.0381805228516876,325,23,"850"
"B57",0.0400886826632292,315,16,299,0.347297656939935,0.00813598545621937,318,19,0.0368110472810078,320,21,"850"
"B66",0.136592288655051,308,160,148,0.423978348394266,0.0251039682673193,306,158,0.120263380984627,344,196,"850"
"B68",0.263449521679139,648,319,329,0.325993588324498,0.0576264036685751,660,331,0.160622613652717,591,262,"850"
"B73",0.205478140792574,393,278,115,0.442670518380699,0.0431998001066851,406,291,0.208149171867828,439,324,"850"
"B75",0.145979581998366,535,174,361,0.264902095354628,0.0343095949979185,595,234,0.159352418695985,620,259,"850"
"B76",0.168065736461003,215,213,2,0.546264624622102,0.0216943595965491,139,137,0.107004171861967,168,166,"850"
"B77",0.138936478646237,423,164,259,0.374182186380077,0.0267131881626152,432,173,0.077662433920818,355,96,"850"
"B79",0.344780589701315,575,354,221,0.389940290751375,0.0718038896578144,575,354,0.295248639053988,579,358,"850"
"B87",0.141576758923044,233,168,65,0.466296795689078,0.0273671944191193,243,178,0.123283769048165,265,200,"850"
"B88",0.0704808793229693,317,48,269,0.368011624074209,0.0112466703507255,310,41,0.0562274755524055,320,51,"850"
"B91",0.197047644161995,266,256,10,0.517353876507246,0.0408370759185049,291,281,0.146193602539894,247,237,"850"
"B97",0.104347894823319,431,104,327,0.328008371708478,0.0139364800680941,396,69,0.0672581417557637,403,76,"850"
"BEI 10 = NORTH 10",0.154612645672309,373,194,179,0.409628268164753,0.0337967448945404,404,225,0.0922046077700341,314,135,"850"
"BO9",0.429448133636776,577,362,215,0.392342773192133,0.0845070304406612,574,359,0.252938592404269,561,346,"850"
"CA-4",0.079763347674349,212,65,147,0.425161586199844,0.0161107385885214,235,88,0.0824672912289768,254,107,"850"
"CG102",0.162555124221899,430,206,224,0.387568349276591,0.0253994042043835,384,160,0.129761354754122,433,209,"850"
"CH701-30",0.177857995201469,335,225,110,0.444792665731812,0.0274469071801501,291,181,0.126778321755579,314,204,"850"
"CH711-10",0.197211234733139,574,259,315,0.335796060546766,0.0383939631758617,582,267,0.174604114685481,602,287,"850"
"CH753-4",0.271005843222473,505,324,181,0.408762787134585,0.0371268583812081,439,258,0.165732754024506,454,273,"850"
"CH9",0.179011430366108,465,228,237,0.382280154423269,0.0212097303174379,370,133,0.107676043505808,405,168,"850"
"CI 40H",0.121615815297377,165,134,31,0.486041188084927,0.0170363462087912,124,93,0.0808679176694484,133,102,"850"
"CM105",0.204313335768548,315,275,40,0.48209153177659,0.0335173131905717,262,222,0.165972101467546,314,274,"850"
"CQ702RC",0.0822343798492414,280,68,212,0.394244859200811,0.0137828084819195,278,66,0.0632857461112363,277,65,"850"
"CR 22 INBRED",0.253028702567346,334,311,23,0.497778015789434,0.0436222094580054,316,293,0.17078703121357,303,280,"850"
"DE2",0.0905167309015596,389,80,309,0.341686479038584,0.0179761162615935,414,105,0.0810516671798093,412,103,"850"
"DE3",0.112701451433162,483,117,366,0.158518905656897,0.0174333395971812,465,99,0.0886258403731702,489,123,"850"
"DE4",0.0932262176547438,273,85,188,0.406010641788182,0.018363736797907,295,107,0.082712017159124,296,108,"850"
"DE811",0.126575223779684,339,141,198,0.399893560647065,0.0215098297702177,332,134,0.0782630109042671,296,98,"850"
"DJ7",0.228138017383047,550,298,252,0.376906207223236,0.04755793232577,563,311,0.128321596752668,459,207,"850"
"DK3IIH6",0.187691071796601,380,239,141,0.426975403039659,0.0417603125143236,426,285,0.118704012164524,335,194,"850"
"DK4676A",0.186042567276307,437,236,201,0.398925621782277,0.0388987729191679,471,270,0.1821444017927,493,292,"850"
"DK78002A",0.456410477380135,370,363,7,0.526474820509137,0.0934226776349884,370,363,0.303512622886836,368,361,"850"
"DK78010",0.0364458625722805,64,11,53,0.471462192745801,0.00850664953517855,77,24,0.0394634864744107,79,26,"850"
"DK78371A",0.210197650687114,580,282,298,0.347393599432288,0.0467967080193283,607,309,0.160305053984604,559,261,"850"
"DKFAPW",0.174430625219532,246,219,27,0.490891835805892,0.0392045781961057,299,272,0.18069036402905,318,291,"850"
"DKFBHJ",0.089204937797836,183,76,107,0.445458982566516,0.0142665770896931,178,71,0.0615420830419379,168,61,"850"
"DKMBNA",0.0753188009851606,150,55,95,0.449750030760906,0.0149495089611925,171,76,0.0543904524559107,141,46,"850"
"DKPB80",0.0954757106504421,118,90,28,0.489351150684706,0.0208318435651373,158,130,0.0588871728764351,84,56,"850"
"E8501",0.169260957397415,478,215,263,0.369592582328183,0.0305668680158667,460,197,0.153237241518164,512,249,"850"
"EAST 028",0.0953567198736459,124,89,35,0.485039225965078,0.0151679818776476,113,78,0.0614771980341327,95,60,"850"
"Eng-Li Chih",0.327572594233102,351,345,6,0.526760826103534,0.0615488243883857,346,340,0.170203228456257,284,278,"850"
"F118",0.426012590597365,497,361,136,0.428590606130577,0.0907737266989655,498,362,0.264392711895711,486,350,"850"
"F2834T",0.132384869201194,421,150,271,0.367598583229892,0.0285676212937249,460,189,0.130700683764489,482,211,"850"
"FBLA",0.146598411380819,257,175,82,0.456703942900498,0.0318388508028707,291,209,0.0978576257235779,235,153,"850"
"FR19",0.220884252546015,653,294,359,0.272770629987281,0.0318646627701067,569,210,0.16341011260193,626,267,"850"
"H105W",0.111326677165582,365,116,249,0.377459429076148,0.0261634392369868,416,167,0.121527208762665,448,199,"850"
"H110",0.160227961424494,339,202,137,0.428440956114966,0.0219008243294378,276,139,0.104765685271769,296,159,"850"
"H113",0.382470606176622,535,358,177,0.411227517743476,0.0832743337559462,535,358,0.231307579174439,512,335,"850"
"H121",0.10850616254577,354,110,244,0.379974637032677,0.0184394478791114,353,109,0.0887759213579546,368,124,"850"
"H122w",0.0379525349869437,330,14,316,0.334038382589536,0.00792352331435261,333,17,0.0360314956615002,335,19,"850"
"H5",0.100598693628498,241,99,142,0.426768239144801,0.013609184662784,205,63,0.0653432858410403,211,69,"850"
"H71",0.210476690738933,423,283,140,0.427245167019282,0.0400564392506775,415,275,0.127238820667312,345,205,"850"
"H84",0.203976114833382,532,272,260,0.37078649849761,0.0465350011833464,568,308,0.131801005555496,474,214,"850"
"H91",0.0970510940291506,293,93,200,0.399406440795297,0.0171680148933804,294,94,0.0553364665687635,249,49,"850"
"H95",0.193663932104391,531,251,280,0.362323122288306,0.0376559717679308,543,263,0.163115587323212,546,266,"850"
"H96",0.177592708607043,519,224,295,0.351801152195963,0.036851676216911,550,255,0.149483225774511,536,241,"850"
"H99",0.139282701893977,254,166,88,0.453719539994858,0.0178138675413867,191,103,0.088575444943391,210,122,"850"
"HP301",0.100897625250581,255,100,155,0.422137389184505,0.0199241801287186,280,125,0.0897670637186323,282,127,"850"
"HUOBAI",0.133719095921168,473,152,321,0.331765593393341,0.0258443560801787,485,164,0.116697031054754,509,188,"850"
"Hy",0.0693766834195302,383,47,336,0.320727368790661,0.0152283352227676,416,80,0.0712738390839361,421,85,"850"
"I29",0.517517418288506,375,366,9,0.519071455959459,0.10197307794638,375,366,0.274362614557052,363,354,"850"
"Ia 453",0.19322772191008,252,249,3,0.544691687301206,0.0274302045822589,183,180,0.115848328576488,189,186,"850"
"IA2132",0.164558203998385,261,211,50,0.47623717486735,0.0375767098905987,311,261,0.173670373824686,335,285,"850"
"IBB15",0.0433648382040832,44,22,22,0.498357258963395,0.00678522940185521,37,15,0.031450353304445,35,13,"850"
"IBC2",0.219634242615638,440,290,150,0.422869810272098,0.0428787623386688,439,289,0.192977775643713,459,309,"850"
"ICI 193",0.129212950710965,220,147,73,0.461299136438622,0.0271315175866633,248,175,0.135482852865478,293,220,"850"
"ICI 740",0.120926303584449,280,131,149,0.4231259985065,0.0174825558825986,249,100,0.0866740154415669,269,120,"850"
"ICI 893",0.0564132586254318,305,31,274,0.365922984829083,0.00818235223326087,295,21,0.0384895173800733,298,24,"850"
"ICI 986",0.20698239236716,379,281,98,0.448671012582479,0.0375899947627637,360,262,0.176694375545585,387,289,"850"
"IDS28",0.112716298498774,172,118,54,0.47129273379247,0.0164129624554217,143,89,0.0814059971822335,158,104,"850"
"IDS69",0.023540361771478,362,6,356,0.285145269951498,0.00357953902215794,361,5,0.0142611001499738,360,4,"850"
"IDS91",0.041529727583249,371,18,353,0.292923190453364,0.00642136377247368,366,13,0.0327908024614432,369,16,"850"
"INB 101LFY/LFY (A632 X M16 S5)",0.362183824722717,600,355,245,0.379862017459477,0.0663708221894766,594,349,0.198913866970872,561,316,"850"
"INBRED 141",0.264982611968854,542,320,222,0.388784098454062,0.0520159068922435,544,322,0.24737161359656,564,342,"850"
"INBRED 2-687",0.110777844039162,345,114,231,0.385530470664025,0.0247490294484447,388,157,0.118451980390826,424,193,"850"
"INBRED 305",0.23144125032652,663,300,363,0.25939196726634,0.0373825343629543,622,259,0.138862440031265,587,224,"850"
"INBRED 321",0.0891901721524881,422,75,347,0.305444704188222,0.0187014390974816,461,114,0.0851105883257294,462,115,"850"
"K150",0.157203181023894,257,199,58,0.470499594744048,0.0274066678758647,237,179,0.110956177172954,237,179,"850"
"K41",0.147257545444927,495,176,319,0.333568954624426,0.0266083375896262,490,171,0.0795906473725985,419,100,"850"
"K47",0.121283402839718,417,132,285,0.359030586233273,0.0155152548918258,367,82,0.0771100756934395,379,94,"850"
"KUNG-70",0.0310839102253487,344,9,335,0.320835908408076,0.00397091343229944,341,6,0.0198616763270228,343,8,"850"
"L 127",0.203168716399605,416,270,146,0.425270598777883,0.0379451857222145,411,265,0.168852690972338,423,277,"850"
"L 139",0.19859279234394,400,262,138,0.428057461953963,0.043798793783813,432,294,0.14305039071651,371,233,"850"
"L 289",0.222131981711333,424,295,129,0.433890426326923,0.0403630319184954,406,277,0.117677183430796,320,191,"850"
"LH1",0.100465034869191,391,98,293,0.352350939797469,0.0184073837817191,401,108,0.0838063917039824,405,112,"850"
"LH119",0.0779005670788208,74,61,13,0.510398669160869,0.0179944394170061,119,106,0.0833312506980981,123,110,"850"
"LH128",0.0342016825913441,161,10,151,0.422803465184507,0.00449994630146069,160,9,0.021869365711671,160,9,"850"
"LH143 (Maintainer)",0.422559404400481,360,359,1,0.550408015925847,0.0881002551796086,361,360,0.246236470568145,342,341,"850"
"LH146Ht",0.211385774449702,343,286,57,0.470588031502991,0.043289175934976,349,292,0.211461410777289,382,325,"850"
"LH149",0.198152355214225,276,260,16,0.505999913475279,0.0420595974648489,302,286,0.131077967104006,229,213,"850"
"LH165",0.0208976973693636,251,4,247,0.378635025156464,0.00282302118439904,250,3,0.0135618435112975,250,3,"850"
"LH166",0.254442883315651,547,312,235,0.383835464327489,0.0536779441796094,561,326,0.198554960479082,549,314,"850"
"LH181",0.195909750300015,566,253,313,0.337205425525362,0.0458059210081078,616,303,0.148313330292474,552,239,"850"
"LH184",0.375177213863543,404,357,47,0.478484607416547,0.0799030028155859,404,357,0.23056564166104,381,334,"850"
"LH190",0.150483580121381,456,184,272,0.366111654481454,0.0306303003218428,471,199,0.106924331407381,436,164,"850"
"LH192",0.187685301888465,472,238,234,0.384079504634626,0.037864998873657,498,264,0.171147012785797,516,282,"850"
"LH194",0.340215061166977,695,351,344,0.308628918249652,0.0625152419141885,687,343,0.199008619178863,661,317,"850"
"LH195",0.288432288951113,417,332,85,0.455298233076181,0.0581754585168489,419,334,0.233168315331149,422,337,"850"
"LH197",0.148963126093851,252,180,72,0.461581696158253,0.0301713318400266,267,195,0.142771534615807,302,230,"850"
"LH198",0.152736162526645,218,189,29,0.487099483278758,0.0352863421325431,269,240,0.163413413939014,297,268,"850"
"LH202",0.176708971329233,340,222,118,0.44144405473602,0.0352093492832736,357,239,0.177775552399513,408,290,"850"
"LH204",0.196112841933835,478,255,223,0.388754900725405,0.0421090352049363,510,287,0.197631596681584,535,312,"850"
"LH205",0.138041910560122,516,162,354,0.292078141497099,0.0313723375668702,562,208,0.0946027599004792,496,142,"850"
"LH206",0.0536026647095882,147,28,119,0.440954871801939,0.00966822570597946,151,32,0.0355607012567808,137,18,"850"
"LH208",0.153092072224957,366,190,176,0.411370262259175,0.0224707061916768,317,141,0.115206707274151,361,185,"850"
"LH209",0.181860098083984,273,229,44,0.480033759953172,0.027300254782016,221,177,0.127474431344816,250,206,"850"
"LH214",0.127069201418398,451,143,308,0.341687304061288,0.0257787411000057,471,163,0.0924260668298726,444,136,"850"
"LH215",0.153990998230393,443,192,251,0.376907283577196,0.0329509156573053,469,218,0.0930075956908408,388,137,"850"
"LH222",0.117345816737057,142,127,15,0.507065705876992,0.0185034479375962,128,113,0.0856613459193584,132,117,"850"
"LH223",0.132860969680572,262,151,111,0.444395903401632,0.026618240240566,283,172,0.126170865673438,314,203,"850"
"LH224",0.184358539687373,538,232,306,0.342492127064849,0.035961947529138,553,247,0.161842035267343,570,264,"850"
"LH295",0.119961878623229,305,130,175,0.411510198797684,0.0247333416505157,331,156,0.0772746548898316,270,95,"850"
"LH60",0.104299826335581,378,103,275,0.365863833923698,0.0237148690401223,423,148,0.109522436951744,449,174,"850"
"LH74",0.0501385482178911,69,26,43,0.48110630132338,0.00886346179086793,68,25,0.0430241801729326,75,32,"850"
"LH82",0.150356063278332,266,183,83,0.456211100677381,0.0261484916748927,249,166,0.0892489240573399,208,125,"850"
"LH93",0.0776925230600524,383,60,323,0.331196772092172,0.0137096991974586,387,64,0.0665759938792899,396,73,"850"
"LIBC 4",0.0554539041699087,79,30,49,0.477484645542628,0.0107596331602175,87,38,0.048800334685048,89,40,"850"
"LP1 NR HT",0.219960807272054,354,292,62,0.466979994504807,0.0367366921839362,315,253,0.183991337105312,358,296,"850"
"LP5",0.136306202244201,233,158,75,0.459909048678327,0.027583046458938,258,183,0.134240295627653,293,218,"850"
"M14",0.113282730937696,377,121,256,0.375398607607622,0.0138346791916649,323,67,0.0672100809177148,331,75,"850"
"MBPM",0.174544086632493,400,220,180,0.409039446642944,0.0337977996067339,406,226,0.155344852176183,434,254,"850"
"MBWZ",0.231519128955699,604,301,303,0.344762372728544,0.0484932795000596,617,314,0.242253069561096,642,339,"850"
"MM501D",0.103124295889338,445,102,343,0.309925843849407,0.022362103057209,483,140,0.0974368449155537,493,150,"850"
"Mo17",0.0417381404945022,144,19,125,0.436539842360328,0.00729438136416672,141,16,0.035502957839526,142,17,"850"
"Mo1W",0.0960486541427791,334,92,242,0.380620082112806,0.0194427238180209,363,121,0.0920115539710982,375,133,"850"
"Mo46",0.0899722420352779,428,78,350,0.300972186029853,0.0115745574991586,395,45,0.0579674115476541,403,53,"850"
"Mo47",0.138890463358423,242,163,79,0.457409547672689,0.026961464146775,253,174,0.121337742521751,277,198,"850"
"Mo5",0.229734219207621,490,299,191,0.403981686182995,0.0454341117476261,492,301,0.142903371424556,423,232,"850"
"MQ305",0.061832716140757,245,40,205,0.396728868288861,0.0130799517449482,260,55,0.0385027126132335,230,25,"850"
"MS116",0.218115298754767,555,288,267,0.368518215242525,0.031062411918491,468,201,0.159281014237426,525,258,"850"
"MS132",0.185579086096603,451,234,217,0.392049944149642,0.0271707047252413,393,176,0.108366661895558,388,171,"850"
"MS200",0.078333702287813,283,63,220,0.390270418602746,0.0121041146759232,268,48,0.061667400327636,282,62,"850"
"MS211",0.128678793463551,304,145,159,0.419578199672645,0.0184786203137031,270,111,0.0920386642446219,293,134,"850"
"MS221",0.0935052499362688,147,86,61,0.467350806616327,0.0135896952648388,123,62,0.069690636349696,143,82,"850"
"MS224",0.117763103684576,202,128,74,0.460423430714742,0.0215228249096036,209,135,0.104894634489443,234,160,"850"
"MS225",0.205266568287492,422,277,145,0.425785471007108,0.0412294168662118,428,283,0.206722844131192,468,323,"850"
"MS226",0.106847221808381,426,106,320,0.332036293186135,0.0190163095444653,436,116,0.0956382435326137,466,146,"850"
"MS24A",0.0658299997666638,344,43,301,0.346170661439986,0.012500748015071,352,51,0.0638806807263443,367,66,"850"
"MS67",0.111133984684966,475,115,360,0.268830311581584,0.0200807835806141,486,126,0.0970027900558064,508,148,"850"
"MS71",0.158603967215857,293,200,93,0.450126357000859,0.0340032878030774,321,228,0.102660778796083,249,156,"850"
"MS72",0.143563707414953,292,170,122,0.438596116645689,0.0226484802544297,266,144,0.113764268583107,303,181,"850"
"N192",0.296209482371986,343,335,8,0.524552052659946,0.0483256567091526,320,312,0.215810718924635,334,326,"850"
"N193",0.0828948631305213,159,69,90,0.452226881466571,0.00993554145413268,124,34,0.0467008434076287,127,37,"850"
"N200",0.113079117170688,469,120,349,0.304232167908685,0.0184846186414784,461,112,0.0916363902524956,481,132,"850"
"N201",0.0815162785594018,104,66,38,0.483449542762945,0.0107241236244778,75,37,0.0521209772992442,81,43,"850"
"N209",0.115592198800937,463,124,339,0.31937108682457,0.0149762673070978,416,77,0.0734579365377622,426,87,"850"
"N211",0.260251664428317,559,318,241,0.380733572297002,0.0603523126287146,579,338,0.279675432885058,597,356,"850"
"N217",0.283896204296688,412,331,81,0.457296158115915,0.0553682120818597,409,328,0.249175559124186,425,344,"850"
"N218",0.177029245928804,563,223,340,0.31791743119054,0.0355893675157062,583,243,0.160767949504742,603,263,"850"
"N28Ht",0.131750325795959,431,149,282,0.36185284974415,0.0265001285246376,452,170,0.079291989679692,381,99,"850"
"N501",0.0287339065373373,326,8,318,0.333654961091232,0.00582149404089087,330,12,0.0263314305632266,328,10,"850"
"N523",0.149217097055362,196,182,14,0.507658269857141,0.0190657242720447,131,117,0.0954799449894943,158,144,"850"
"N527",0.198874332705157,368,263,105,0.446118253032209,0.0366904407631406,357,252,0.133588719863157,322,217,"850"
"N534",0.114938394585251,288,123,165,0.417580561938008,0.0148296344343549,240,75,0.0729730864908746,251,86,"850"
"N542",0.331816502843679,637,346,291,0.355722872934301,0.0605697440665859,630,339,0.198646090242842,606,315,"850"
"N6",0.0853804518878203,325,72,253,0.376495296223307,0.0171913827603666,348,95,0.0640120722036777,320,67,"850"
"NC250",0.28313986371089,634,330,304,0.343266099924223,0.0590275841677684,639,335,0.221829410288658,633,329,"850"
"NC262",0.134305739140376,434,153,281,0.362268578031913,0.0259679181854887,446,165,0.116963184136187,471,190,"850"
"NC294",0.0928571434248676,275,83,192,0.403615617071917,0.0206937944929062,321,129,0.0604846536404925,249,57,"850"
"NC310",0.31672558003049,433,342,91,0.450960533774572,0.0516180869119138,412,321,0.25544393872722,439,348,"850"
"NC326",0.159598502123093,403,201,202,0.397864766501683,0.0340249656981609,432,230,0.155322065790785,455,253,"850"
"NC328",0.303045183333703,603,338,265,0.369025145983244,0.0635806388393863,610,345,0.191530500571476,571,306,"850"
"NC342",0.127268523702837,474,144,330,0.325908657221055,0.0255391052794347,491,161,0.121025040433779,527,197,"850"
"NC412",0.144526381827308,457,171,286,0.358622452624825,0.0286711193332682,476,190,0.14656689907986,524,238,"850"
"ND259",0.0752065936109443,412,54,358,0.278359201308696,0.00991792388476395,391,33,0.0410496185821881,387,29,"850"
"ND265",0.24607949977211,451,308,143,0.426427999937096,0.0504231061294444,460,317,0.232927723298344,479,336,"850"
"NK740",0.32301700353214,594,344,250,0.377172027892022,0.0699828947834713,602,352,0.320415011467637,614,364,"850"
"NK778",0.149109988655087,436,181,255,0.376060983395974,0.0166843500397633,346,91,0.0852751598321778,371,116,"850"
"NK807",0.123448089252721,270,137,133,0.431578260583892,0.0242370705301722,284,151,0.109127755239162,305,172,"850"
"NKS8326",0.20191377783971,592,266,326,0.328053996355756,0.0361621510661577,574,248,0.1149296630563,509,183,"850"
"NORTH 7",0.151471817666377,411,186,225,0.387474769836825,0.0324715341866345,438,213,0.148381702311992,465,240,"850"
"NQ508",0.210511579257411,385,284,101,0.447569453427029,0.0336292406059427,325,224,0.124491870906758,302,201,"850"
"NS501",0.107328853326909,311,107,204,0.396787778602135,0.0173919336121045,302,98,0.080197580160888,305,101,"850"
"NS701",0.211177991048141,599,285,314,0.335971934214504,0.0408039307803511,593,279,0.184163667574813,611,297,"850"
"NY6371",0.205792290883938,475,279,196,0.401571513472684,0.0357051746999043,441,245,0.182984338752813,490,294,"850"
"Ny821",0.0540339423571826,115,29,86,0.454943421869823,0.00956053065816056,115,29,0.0317433274376114,101,15,"850"
"OH33",0.312949374691503,629,341,288,0.358309046230638,0.0647655318264689,635,347,0.22726132184602,620,332,"850"
"Oh40B",0.254506040791988,413,313,100,0.447897154250242,0.0483375286835677,413,313,0.244125748430663,440,340,"850"
"Oh43",0.18917471651974,450,242,208,0.395973416226717,0.0384194666267568,476,268,0.171449742725722,491,283,"850"
"Oh7",0.0665554418910681,389,44,345,0.308590093827563,0.0092201087050327,372,27,0.0439123080811156,380,35,"850"
"OQ403",0.203099726665456,346,269,77,0.459528011832706,0.0335727569609517,300,223,0.165535961809099,349,272,"850"
"OQ603",0.0630862406320211,60,42,18,0.504300571888081,0.0128765646503111,71,53,0.0608614305427125,77,59,"850"
"Os420",0.204150160638502,278,274,4,0.531170081724192,0.0443713848871021,301,297,0.129999625965209,214,210,"850"
"OS602",0.33754813920198,613,349,264,0.369528335800926,0.0683266954114168,615,351,0.262388388080885,613,349,"850"
"Pa392",0.308604185978692,437,340,97,0.448982167870015,0.0659428240663217,445,348,0.193978943836824,408,311,"850"
"Pa405",0.108365344325313,292,109,183,0.407565224411934,0.0138616138463807,251,68,0.0689026647149783,263,80,"850"
"Pa875",0.300137629567845,521,337,184,0.407345102627781,0.05134903395533,503,319,0.253904139215724,531,347,"850"
"Pa880",0.0732008594333538,62,51,11,0.512903415459369,0.0119759244613602,57,46,0.0551529470471877,59,48,"850"
"Pa91",0.0459646231068147,249,23,226,0.387335811247402,0.00892738373469445,252,26,0.0401757641259944,254,28,"850"
"PH207",0.0742280389060948,148,52,96,0.449091270975095,0.0133756826761001,154,58,0.0683966122172833,173,77,"850"
"PHB09",0.151369451564042,241,185,56,0.470723627651042,0.0345288925747578,294,238,0.10555123526079,218,162,"850"
"PHB47",0.16070536654766,313,204,109,0.445173597393894,0.0331686758475377,328,219,0.150517449252567,352,243,"850"
"PHBA6",0.00843465826352986,70,1,69,0.465175349142524,0.00112600450070592,70,1,0.00575021967878322,70,1,"850"
"PHBB3",0.114510957113187,288,122,166,0.416870579063264,0.0228779217383553,312,146,0.0686382807924727,244,78,"850"
"PHEG9",0.136391583085939,214,159,55,0.471273785290754,0.0312610970396506,262,207,0.0954817648117222,200,145,"850"
"PHG29",0.373813057392327,702,356,346,0.307825765796169,0.0754132217391631,702,356,0.251080645161193,691,345,"850"
"PHG47",0.0993766697653665,428,96,332,0.324695096198433,0.0137533560518355,397,65,0.0704797344306144,415,83,"850"
"PHG71",0.0604760079856071,64,38,26,0.492036065389163,0.0132168236863666,83,57,0.060609073073263,84,58,"850"
"PHG80",0.0780230456003196,166,62,104,0.4467021740543,0.0154469766788636,185,81,0.0769836027468394,196,92,"850"
"PHG83",0.197165208760995,371,257,114,0.442929345037243,0.0429182509223172,404,290,0.202333668052738,433,319,"850"
"PHG86",0.335675020347703,453,347,106,0.445703557288835,0.0671904532936417,456,350,0.305315632804889,468,362,"850"
"PHH93",0.299279693782295,572,336,236,0.382914994715616,0.0616257723751481,578,342,0.269517573789276,589,353,"850"
"PHHH9",0.0833169891019839,332,70,262,0.369741539208147,0.0160230735659348,348,86,0.0764693694979107,353,91,"850"
"PHHV4",0.134843391936637,299,155,144,0.425930889132967,0.0199030809892031,268,124,0.0973864283393327,293,149,"850"
"PHJ70",0.294844189865949,698,334,364,0.256691337605576,0.0572257993802318,694,330,0.19982630303417,682,318,"850"
"PHJ89",0.191894034146638,524,245,279,0.364385569128432,0.0397076053032417,552,273,0.174090590201683,565,286,"850"
"PHJ90",0.0983170855073771,254,94,160,0.418590894696593,0.018457958507574,270,110,0.091212033353539,290,130,"850"
"PHJR5",0.340032316520449,382,350,32,0.485831540088472,0.0727318496088377,387,355,0.312326755304652,395,363,"850"
"PHK35",0.197178141293803,390,258,132,0.43256134981623,0.0342941601170137,365,233,0.170849558454534,413,281,"850"
"PHK42",0.115984380817555,194,126,68,0.465531452840713,0.0160901238491707,155,87,0.0824442414329864,174,106,"850"
"PHK56",0.151927579965916,515,187,328,0.327733080085173,0.0312199662891916,534,206,0.0914475531387594,459,131,"850"
"PHK74",0.255596711834969,455,316,139,0.427966273316762,0.0531260641747078,464,325,0.165406908422015,410,271,"850"
"PHKE6",0.128785822253389,362,146,216,0.392209707827021,0.0247262779531959,371,155,0.0666868035733783,290,74,"850"
"PHM10",0.0683210246188343,342,46,296,0.350801088089104,0.0139635752571809,366,70,0.0659861659865611,367,71,"850"
"PHN11",0.0497010468494109,186,25,161,0.418561502015663,0.00961937584838876,191,30,0.0434982755865388,194,33,"850"
"PHN29",0.135766451221839,368,157,211,0.39540723505039,0.0277677934311779,395,184,0.0933462760100762,349,138,"850"
"PHN66",0.121397111622183,200,133,67,0.466054539377408,0.0206282870673479,195,128,0.0977571301274096,219,152,"850"
"PHN82",0.198245178450797,519,261,258,0.374349672565736,0.0408957247970315,540,282,0.185565199843164,556,298,"850"
"PHP02",0.193104691092166,526,248,278,0.364519306824554,0.0386132881085058,547,269,0.183083232739262,573,295,"850"
"PHP55",0.266450699081147,380,321,59,0.46892731078024,0.0464845310510261,365,306,0.150486408443444,301,242,"850"
"PHP76",0.201713891181603,378,265,113,0.443379158578835,0.0367486672089654,367,254,0.153871766203852,364,251,"850"
"PHP85",0.145327245604016,484,172,312,0.338060035532097,0.0325988743125675,526,214,0.0938524992093172,452,140,"850"
"PHPR5",0.0374281782619614,252,13,239,0.381433810142037,0.00846801337594431,262,23,0.0397356605983221,266,27,"850"
"PHR03",0.0623329559033621,375,41,334,0.322811836871146,0.0108537238702038,374,40,0.0496340244540389,375,41,"850"
"PHR30",0.182448341712225,462,230,232,0.384689866473191,0.035911691813473,478,246,0.150738675198427,476,244,"850"
"PHR31",0.101231527275421,213,101,112,0.443730398994217,0.0209254741431661,244,132,0.0949846636673765,255,143,"850"
"PHR36",0.152082202301634,540,188,352,0.294854395719442,0.0332133288365752,572,220,0.112780333905107,532,180,"850"
"PHR47",0.246553992021071,494,309,185,0.407266643190848,0.0458484211782904,489,304,0.198127118415955,498,313,"850"
"PHR63",0.137751464383987,389,161,228,0.387211950917426,0.0241292238138333,377,149,0.0829962910312828,337,109,"850"
"PHT10",0.16794550703121,504,212,292,0.354350673375045,0.0345222671976793,529,237,0.170511369556553,571,279,"850"
"PHT47",0.139914608502042,484,167,317,0.333879520739566,0.0311140684699092,519,202,0.145397494837448,552,235,"850"
"PHT55",0.0603900364613366,375,37,338,0.319712623824972,0.00817136968686529,358,20,0.041796241351259,369,31,"850"
"PHTM9",0.185377083432958,360,233,127,0.434978329486165,0.0285494352017491,315,188,0.144612935886325,361,234,"850"
"PHV37",0.16282625506475,371,208,163,0.418241157945964,0.0275361493997396,345,182,0.135149791120962,382,219,"850"
"PHV57",0.162680877875001,338,207,131,0.432839348715822,0.034389783316155,366,235,0.156742922984958,387,256,"850"
"PHV63",0.15530364759838,368,195,173,0.412077526707468,0.0342638075361888,405,232,0.106954065842311,338,165,"850"
"PHVA9",0.0145242815874097,174,2,172,0.413760432065998,0.00248750553954118,174,2,0.0121680931264609,174,2,"850"
"PHVJ4",0.280422218496393,484,328,156,0.422122305063675,0.0645198067431243,502,346,0.300352680006519,515,359,"850"
"PHW03",0.0517045660460239,52,27,25,0.492268812724505,0.010267728237021,60,35,0.0462953535654278,61,36,"850"
"PHW17",0.0815570760755192,333,67,266,0.368973539187312,0.0164685614904086,356,90,0.0779659721343865,363,97,"850"
"PHW20",0.25524473142387,553,315,238,0.381702174265328,0.0577671001762356,570,332,0.266569220380083,590,352,"850"
"PHW30",0.153737600651725,420,191,229,0.386517400390258,0.032638748223311,444,215,0.138888754363464,454,225,"850"
"PHW43",0.16303232341439,455,209,246,0.379496842231253,0.0324047348740165,458,212,0.102977234795343,403,157,"850"
"PHW52",0.0902497601676168,249,79,170,0.41438119744203,0.0195135381681197,292,122,0.0893092466520309,296,126,"850"
"PHW53",0.219441280482436,600,289,311,0.338367640659537,0.0397342261251528,585,274,0.117932972866909,503,192,"850"
"PHW80",0.203005023810149,610,268,342,0.313029893614916,0.046531000316652,649,307,0.219377057737979,669,327,"850"
"PHWG5",0.12353057288177,327,138,189,0.405667710855482,0.0193770562378354,309,120,0.0975912810017196,340,151,"850"
"PHZ51",0.0753639267700584,275,56,219,0.39151480395843,0.0147625954182504,293,74,0.0664549577369359,291,72,"850"
"Q381",0.20589623816792,331,280,51,0.474768681964641,0.0370181699676059,307,256,0.153366393458311,301,250,"850"
"R168",0.178917429822784,385,227,158,0.420858612155392,0.0305882392278075,356,198,0.138627793292596,381,223,"850"
"R177",0.163107727593454,567,210,357,0.284942995518736,0.0287760880162404,548,191,0.139747050704773,584,227,"850"
"R181B",0.185710851639471,254,235,19,0.501899256819518,0.0332519649784015,240,221,0.114046841078205,201,182,"850"
"R226",0.0605524249167066,196,39,157,0.421249048495834,0.0124015099894471,207,50,0.0475902981540547,196,39,"850"
"R229",0.0576018756607368,265,32,233,0.384372219024409,0.0120642545686066,280,47,0.0568108254517162,285,52,"850"
"R71",0.147923831827699,190,178,12,0.511574286186942,0.0241945717124513,162,150,0.110196825279142,187,175,"850"
"R78",0.282881966878536,507,329,178,0.410384438632884,0.0590347793863512,514,336,0.230459280241577,511,333,"850"
"SD101",0.156989886043107,274,198,76,0.459693993982125,0.0251417841842993,235,159,0.128877703071321,284,208,"850"
"SD102",0.0865104156855688,106,73,33,0.485584716699936,0.0188912332250661,148,115,0.0866177217222016,152,119,"850"
"SD107",0.470177352863613,464,365,99,0.448638072272079,0.0996815602483157,464,365,0.302476496035173,459,360,"850"
"SD40",0.254891795171288,481,314,167,0.415686089962978,0.0472560950648642,477,310,0.166718008002281,442,275,"850"
"SD44",0.219890092351689,355,291,64,0.466456993779427,0.0487398243320456,379,315,0.221468259173149,392,328,"850"
"SG 30A",0.0374131669017287,288,12,276,0.365147730922182,0.00580780148784274,287,11,0.0297227201414313,288,12,"850"
"T242",0.11063952150117,221,113,108,0.445280344446027,0.0159826992666985,193,85,0.081963461198255,213,105,"850"
"Tr",0.178107637039371,329,226,103,0.446716902467101,0.0344422054540798,339,236,0.155120543202809,355,252,"850"
"TZU-CHIAO-HSI-WU 105",0.271514391819257,395,325,70,0.462222016695582,0.0596683746088468,407,337,0.266358987854177,421,351,"850"
"Va26",0.173782631796851,507,218,289,0.358201934728746,0.0305211384975764,485,196,0.116958456062023,478,189,"850"
"Va35",0.0708995226850696,326,49,277,0.364597780316213,0.0135800504445879,338,61,0.0437227080599233,311,34,"850"
"Va52",0.0767620901618484,91,57,34,0.485235963576741,0.0112817785782756,77,43,0.0545819612923397,81,47,"850"
"Va99",0.175566580595237,420,221,199,0.39945659839819,0.0375624045906298,459,260,0.132046781066168,414,215,"850"
"W182E",0.187722024148442,470,240,230,0.386476097667474,0.036354184788129,479,249,0.163656880674942,499,269,"850"
"W22",0.0948137312373997,301,88,213,0.393822540370435,0.017538675285908,314,101,0.0838076754452791,326,113,"850"
"W23",0.293782933633937,417,333,84,0.456169087626696,0.0550072135556796,411,327,0.186847170915939,384,300,"850"
"W24",0.18931056392613,446,243,203,0.397851969154871,0.0414448810127184,487,284,0.190888619537806,508,305,"850"
"W32",0.160271799249972,486,203,283,0.3609957942963,0.0216229341346665,419,136,0.11056733111566,460,177,"850"
"W37A",0.204857137376854,631,276,355,0.291335545616151,0.0365454941281062,606,251,0.187117969496764,656,301,"850"
"W552",0.199737707264238,597,264,333,0.323017084048885,0.0297728609759106,527,194,0.115180848571608,517,184,"850"
"W603S",0.025342587233567,268,7,261,0.370254278636546,0.0033334651210833,265,4,0.0169779639920025,266,5,"850"
"W604S",0.212987363715152,440,287,153,0.422262748470006,0.0389596351144206,424,271,0.19011634449415,456,303,"850"
"W605S",0.0597388957835171,113,35,78,0.45807545690155,0.0129625618678789,132,54,0.0579815032777296,132,54,"850"
"W607S",0.155885957062812,507,197,310,0.340093765661694,0.0281381662248237,496,186,0.13777520553881,531,221,"850"
"W610S",0.0580716741975367,374,33,341,0.313776370537963,0.0112502914873739,383,42,0.0509119190801294,383,42,"850"
"W611S",0.148337713457766,516,179,337,0.320664256040187,0.0329189154760405,554,217,0.151376606292588,582,245,"850"
"W612S",0.257616349374577,622,317,305,0.343228547286716,0.0454504173612501,607,302,0.139189595267548,531,226,"850"
"W614S",0.119564694261789,252,129,123,0.438055797462176,0.0256351934567456,285,162,0.124618984958484,325,202,"850"
"W64A",0.155629964757326,393,196,197,0.400376985943323,0.0246587868778705,351,154,0.109143914513175,370,173,"850"
"W701BC",0.0796232559059939,69,64,5,0.526997758354333,0.0096357991413965,36,31,0.0467878335335334,43,38,"850"
"W803G",0.0595543327887084,365,34,331,0.325300517687141,0.012321736378913,380,49,0.055939976066543,381,50,"850"
"W809G",0.139096147622798,293,165,128,0.434573533367742,0.0322472497958748,339,211,0.0936993693063438,267,139,"850"
"W810G",0.243788457008178,497,307,190,0.404900484602708,0.0500547581653213,506,316,0.164592990816897,460,270,"850"
"W811G",0.0398479362784696,269,15,254,0.376291197229664,0.00543635421983937,264,10,0.0278268146420344,265,11,"850"
"W813G",0.194751117329021,341,252,89,0.453281178940125,0.0284357999334372,276,187,0.145820219637121,325,236,"850"
"W8304",0.188512098971992,362,241,121,0.440074433656481,0.0371123836481689,378,257,0.156186668499044,376,255,"850"
"W9",0.183854787162426,425,231,194,0.402202991303953,0.0329018073364343,410,216,0.130843563167863,406,212,"850"
"WIL900",0.0401344499236024,365,17,348,0.304794881727302,0.00821211394970654,370,22,0.037208479204662,370,22,"850"
"WU-TAN-TZAO",0.134785460996568,505,154,351,0.29925014395558,0.0244808708274077,503,152,0.100897720521386,505,154,"850"
"YE 4",0.273421579873965,691,326,365,0.214019712322843,0.0562775411882658,694,329,0.191724340046548,672,307,"850"
"YING-55",0.422787189061023,384,360,24,0.493414838444663,0.0888974793705256,385,361,0.368504904636927,390,366,"850"
"Yu796 NS",0.142441725949478,303,169,134,0.43054642343199,0.0227221779142598,279,145,0.116116226124251,321,187,"850"
"ZS365",0.126944119040507,429,142,287,0.358492879245926,0.0245254270694874,440,153,0.110664607663903,465,178,"850"
"ZS635",0.0189147779627484,119,3,116,0.441657133089688,0.00415498839364137,124,8,0.0190714824649045,123,7,"850"
"1538",0.0733446977825134,213,54,159,0.454122744315502,0.0141341193048235,220,61,0.0488550863900766,210,51,"900"
"29MIBZ2",0.123048845950411,172,135,37,0.518510034014408,0.0191921958315596,139,102,0.0778623575244976,161,124,"900"
"2FACC",0.14911229833671,213,185,28,0.523399837935915,0.0213913044387877,150,122,0.0997098305637277,204,176,"900"
"2MA22",0.0716052728497352,351,52,299,0.384914223782775,0.0106001570421055,334,35,0.044692382158314,343,44,"900"
"3IJI1",0.339970507140379,512,351,161,0.45373580057585,0.0648950546850586,509,348,0.247881848066372,511,350,"900"
"4226",0.317700705954161,516,343,173,0.450150580595693,0.0565462418085616,507,334,0.260343802272328,526,353,"900"
"4N506",0.234863703554014,500,304,196,0.43785573467266,0.0401183101616683,469,273,0.185244726078182,512,316,"900"
"6M502",0.157350566634192,309,197,112,0.477052701721199,0.0276009024831476,292,180,0.0868451781870655,251,139,"900"
"6M502A",0.296452218876741,548,335,213,0.427971937387421,0.0548865075787128,545,332,0.175465849781297,517,304,"900"
"764",0.11939248621188,355,130,225,0.423671042383813,0.0229002423560136,359,134,0.0836312260754122,357,132,"900"
"78010",0.0780120373866107,283,60,223,0.423844968003881,0.0150950379019878,295,72,0.0476399190024825,273,50,"900"
"793",0.0777417170407708,244,59,185,0.443169276838505,0.0191043484338997,285,100,0.0589804344448232,257,72,"900"
"87916W",0.202420437861901,347,263,84,0.490366591732675,0.0395087764576872,352,268,0.134349631068937,338,254,"900"
"911",0.0824747686016082,199,65,134,0.467951919553453,0.0173787757931051,228,94,0.0567971077698829,203,69,"900"
"912",0.0949798235389264,418,84,334,0.359536824730534,0.0129417510606371,385,51,0.0597057374905658,410,76,"900"
"91IFC2",0.043434338199292,92,19,73,0.497871957759533,0.0070868739161954,91,18,0.027910176699176,90,17,"900"
"A",0.183698879187681,486,230,256,0.409526461326552,0.0335229087989064,472,216,0.0964471539777708,421,165,"900"
"A208",0.095994494246451,375,86,289,0.391801513395485,0.0196420575458426,396,107,0.0639399428027368,375,86,"900"
"A239",0.133630639508923,196,152,44,0.515873892488745,0.0233190755927234,183,139,0.0753300680117939,157,113,"900"
"A272",0.105916100162396,437,106,331,0.359872756277911,0.0238225227033384,478,147,0.0756153679192513,446,115,"900"
"A305",0.194940977314746,439,244,195,0.437942899040026,0.0406707790818112,473,278,0.128928001069853,440,245,"900"
"A322",0.132657280931482,371,149,222,0.424005181498074,0.0296971092515443,419,197,0.0890062759518312,368,146,"900"
"A334",0.0869979583381536,124,74,50,0.512349834517371,0.0128623832499014,100,50,0.0593704541969325,124,74,"900"
"A340",0.0857820459424642,88,72,16,0.543661672698285,0.018572343594717,114,98,0.0559097439345863,84,68,"900"
"A374",0.267560814951144,360,315,45,0.515800978094824,0.0507443497952454,365,320,0.192285509068688,369,324,"900"
"A385",0.114306858572955,327,118,209,0.430421119825232,0.0234069615059111,350,141,0.0758109658665932,325,116,"900"
"A401",0.131611769508771,453,147,306,0.379399659631666,0.0240429342358082,455,149,0.0869945014027229,446,140,"900"
"A427",0.219297023400787,410,291,119,0.476047214632446,0.036853451985411,360,241,0.170561085622215,419,300,"900"
"A548",0.114062090173296,180,116,64,0.501534330954876,0.015900689380505,145,81,0.0707700248716711,171,107,"900"
"A572",0.156283542955661,349,191,158,0.454409430519894,0.0242299794720108,309,151,0.113002799269577,362,204,"900"
"A619",0.209846831060857,550,276,274,0.402932365844357,0.0350992521100922,505,231,0.143414502138594,539,265,"900"
"A627",0.156607100325415,472,195,277,0.401271939615851,0.0321312136161558,487,210,0.103083293307551,465,188,"900"
"A632",0.313473260948065,479,341,138,0.464265760113148,0.0625458538554858,482,344,0.175755001683149,443,305,"900"
"A635",0.235795520320618,408,305,103,0.480769527648257,0.0366238494596478,341,238,0.166495182504521,396,293,"900"
"A641",0.203559524002141,567,265,302,0.382221128558416,0.0469751730425827,609,307,0.141245288077709,566,264,"900"
"A648",0.337549316316873,608,349,259,0.409077457893833,0.049497581584197,577,318,0.222666152769989,595,336,"900"
"A663",0.054713651392692,191,34,157,0.454421336135343,0.0116404988839027,202,45,0.0358221633715682,189,32,"900"
"A672",0.15752488671152,256,198,58,0.505334922936495,0.0297751368855634,256,198,0.138767095958333,320,262,"900"
"A674",0.102429340867414,115,96,19,0.535353606095429,0.015602133950148,98,79,0.0643717529637009,107,88,"900"
"A679",0.20812552304183,477,274,203,0.434560083509751,0.0426157833194746,491,288,0.187460871243507,522,319,"900"
"A680",0.0217405661263084,69,3,66,0.501003359678345,0.00444844976275826,70,4,0.014481548659779,69,3,"900"
"A682",0.311909027519251,571,340,231,0.420320372366693,0.040063103801343,503,272,0.17745672523808,537,306,"900"
"A71",0.114353302835634,161,119,42,0.517170002640329,0.0235013031726792,185,143,0.0820785738951704,170,128,"900"
"A73",0.187263743367798,298,236,62,0.501950219342147,0.0373529842472055,308,246,0.120675443030632,290,228,"900"
"A797NW",0.173799055206034,404,214,190,0.440128937700268,0.0359725502707598,424,234,0.112635074563338,393,203,"900"
"AQA3",0.127234122466266,272,143,129,0.46981171778401,0.0159787275338281,212,83,0.0710313931290253,237,108,"900"
"AS6103",0.200927399263723,397,256,141,0.462433498314164,0.0392339838719279,408,267,0.181065704401372,455,314,"900"
"AusTRCF 306238",0.0813272669624121,423,64,359,0.305175716543809,0.0144746883871802,424,65,0.0494763330069044,411,52,"900"
"B-18 INBR.FR.SUPERGOLD",0.226415358098829,383,301,82,0.490969093574151,0.0491173089760621,398,316,0.163570353350742,372,290,"900"
"B-28",0.232728681409126,317,303,14,0.544420781222474,0.0477091733672006,325,311,0.153627017043432,294,280,"900"
"B103",0.14973692301079,281,186,95,0.482407582059193,0.0215340547233972,219,124,0.100543837993439,273,178,"900"
"B104",0.258912200910845,488,310,178,0.448543766541075,0.0388632178613795,442,264,0.179161752924273,487,309,"900"
"B105",0.157248432951059,398,196,202,0.434641833216592,0.033240134337045,416,214,0.101345000305725,384,182,"900"
"B108",0.07012596271702,187,48,139,0.464225172131508,0.0114806003400339,181,42,0.0463831312195521,187,48,"900"
"B109",0.294301501103298,632,334,298,0.385452069515755,0.0671373651037727,649,351,0.201505898385818,627,329,"900"
"B110",0.225360227440449,389,300,89,0.485775614928594,0.0471957486829179,398,309,0.196411100798017,415,326,"900"
"B111",0.0508485173695786,66,28,38,0.518354207545173,0.0088966229058087,63,25,0.0414732153554594,78,40,"900"
"B115",0.0924026580500813,404,80,324,0.364898268614228,0.0190653337947977,423,99,0.057754577095176,394,70,"900"
"B119",0.10309574310453,366,98,268,0.405699644223974,0.0234740584681383,410,142,0.0704384041398303,374,106,"900"
"B120",0.414231064256048,424,363,61,0.50301249014002,0.0780613082033638,424,363,0.359523581810596,426,365,"900"
"B121",0.180962478852479,426,228,198,0.435653308073994,0.0377276786817103,447,249,0.106918017397349,389,191,"900"
"B14A",0.221539869327277,574,296,278,0.400379720755575,0.0455862243044825,579,301,0.146607925053758,549,271,"900"
"B164",0.195754883198065,278,248,30,0.521358119529076,0.0444115913009188,328,298,0.133213016995079,283,253,"900"
"B2",0.220628135874707,546,294,252,0.410048999218116,0.0387872275702646,513,261,0.170453698230035,551,299,"900"
"B37",0.204934510833627,513,268,245,0.415830482758426,0.0365306941461735,482,237,0.114160436380088,453,208,"900"
"B47",0.0639700616918092,351,42,309,0.375779365016957,0.0115373929236791,352,43,0.0430335686315258,350,41,"900"
"B57",0.0526154690160372,332,32,300,0.384182521585957,0.0108192172324187,336,36,0.0344319320394734,330,30,"900"
"B66",0.13483194802389,306,153,153,0.455241440507747,0.0254781452526903,319,166,0.0821489215726048,282,129,"900"
"B68",0.208074581655731,580,273,307,0.377848856608484,0.040222860931627,581,274,0.156592841894124,593,286,"900"
"B73",0.201616674894628,381,259,122,0.474506311275558,0.0455198559486072,422,300,0.14582949320204,391,269,"900"
"B75",0.165670815983303,567,206,361,0.298508969597019,0.0385933932467212,618,257,0.120982450187232,590,229,"900"
"B76",0.210111873808282,281,278,3,0.580804287561999,0.0264543563058007,174,171,0.116923510386536,218,215,"900"
"B77",0.135882832182218,399,159,240,0.417177269112517,0.0249123699989834,397,157,0.0768741927198153,360,120,"900"
"B79",0.310830577964467,553,339,214,0.42712452407511,0.0605790917818076,556,342,0.282562322455392,570,356,"900"
"B87",0.12969839724995,198,145,53,0.509764404766027,0.0265943833347227,225,172,0.0855417101246156,187,134,"900"
"B88",0.0790909544519611,321,61,260,0.408458978623565,0.0139251238565372,320,60,0.05243383805519,320,60,"900"
"B91",0.175426313779445,229,217,12,0.549010390187418,0.0336548821947978,230,218,0.152244864057445,291,279,"900"
"B97",0.0983652183468211,421,88,333,0.359729983937991,0.0137341516474567,391,58,0.0610230100781044,411,78,"900"
"BEI 10 = NORTH 10",0.121685768557295,305,131,174,0.449740854035519,0.0247814366121501,329,155,0.0937283143644169,331,157,"900"
"BO9",0.435386013936241,574,364,210,0.430264912996989,0.0858768529504651,575,365,0.273255618437244,565,355,"900"
"CA-4",0.0509245197537999,123,29,94,0.482667073221494,0.0112343666774144,135,41,0.0327038163459902,121,27,"900"
"CG102",0.147489910134418,391,179,212,0.428282155675352,0.0241257392033162,362,150,0.0988909294267993,386,174,"900"
"CH701-30",0.174165947609477,333,216,117,0.476542976040985,0.0254482518933578,282,165,0.116227227520445,330,213,"900"
"CH711-10",0.213731612113468,606,283,323,0.365158682570824,0.0433000636832938,615,292,0.137352045277588,582,259,"900"
"CH753-4",0.268109467401763,505,316,189,0.440245770734249,0.0365052274851215,425,236,0.169759614842359,485,296,"900"
"CH9",0.198141838501605,480,252,228,0.42079273424507,0.0252011725828361,388,160,0.117656667683315,445,217,"900"
"CI 40H",0.123270854435711,171,136,35,0.51872616385883,0.0175766253376682,130,95,0.0764986830282693,153,118,"900"
"CM105",0.21117470695833,313,280,33,0.518934415914871,0.0372588740671079,278,245,0.139940238606292,296,263,"900"
"CQ702RC",0.0871290646449523,292,75,217,0.426646425967623,0.0136560648285129,273,56,0.0552172059133456,282,65,"900"
"CR 22 INBRED",0.274399293867908,345,322,23,0.528816252926939,0.0490391359773554,338,315,0.16105486919983,310,287,"900"
"DE2",0.0921056959579617,390,79,311,0.373938577523362,0.0195640838056479,417,106,0.0594367612815875,386,75,"900"
"DE3",0.121938230926594,498,132,366,0.182859015984721,0.0201657618027018,475,109,0.0858210712767204,501,135,"900"
"DE4",0.0992770997386394,289,90,199,0.434965628107925,0.0206798756619099,316,117,0.0640582819610379,286,87,"900"
"DE811",0.0994288948856653,277,91,186,0.442467665162382,0.016462735756991,272,86,0.0716412915242079,296,110,"900"
"DJ7",0.173509555526431,428,213,215,0.426928941460611,0.0306057699336263,418,203,0.100448123766588,392,177,"900"
"DK3IIH6",0.16466562450386,340,205,135,0.467512429334619,0.0337536900222187,354,219,0.137434365438972,395,260,"900"
"DK4676A",0.218101804502913,504,288,216,0.426739123493044,0.0404819513431733,493,277,0.185761491715243,533,317,"900"
"DK78002A",0.40839935646072,371,362,9,0.553006638218096,0.0762546445089689,367,358,0.33436665069531,372,363,"900"
"DK78010",0.0429361554555051,73,18,55,0.507532014837167,0.00899424958560601,82,27,0.029485289171282,75,20,"900"
"DK78371A",0.194337079324263,529,243,286,0.393389451162104,0.0407675875914453,565,279,0.17968011372946,596,310,"900"
"DKFAPW",0.198787178156385,299,253,46,0.515457627807938,0.0442740542262878,342,296,0.132697275219984,298,252,"900"
"DKFBHJ",0.126353263908403,242,142,100,0.481035619628379,0.0203533050025059,211,111,0.0944834487565356,259,159,"900"
"DKMBNA",0.0756413790022065,170,56,114,0.476976828147441,0.011952804946964,162,48,0.055591583806504,181,67,"900"
"DKPB80",0.115337998452879,150,121,29,0.521785641752393,0.0232679019525484,166,137,0.094353833828299,187,158,"900"
"E8501",0.17812430219799,503,221,282,0.399263057403189,0.0334570938247175,497,215,0.118219799013542,503,221,"900"
"EAST 028",0.0986173820307144,129,89,40,0.517765741264658,0.0158448667722443,120,80,0.0614255686404403,121,81,"900"
"Eng-Li Chih",0.299035235181304,342,337,5,0.561882122860011,0.0531652308942925,330,325,0.178932470223557,312,307,"900"
"F118",0.397406288752291,469,360,109,0.479104304650895,0.0778748742380098,471,362,0.319778592588394,470,361,"900"
"F2834T",0.134950418066887,425,155,270,0.404686890946324,0.0302486869168766,471,201,0.0906617443785309,421,151,"900"
"FBLA",0.114411274413049,200,120,80,0.492388530956756,0.0226445006802783,212,132,0.0952048611044941,241,161,"900"
"FR19",0.261685499032128,674,311,363,0.292876523722987,0.0388045558250845,625,262,0.17896271433621,671,308,"900"
"H105W",0.124807866274658,374,141,233,0.419692148720477,0.0286560575061366,424,191,0.086088502261229,369,136,"900"
"H110",0.144147176965366,301,173,128,0.47180417792004,0.0213695926477516,249,121,0.0899965937856342,278,150,"900"
"H113",0.37780481187199,537,358,179,0.4473820046644,0.0758290493531713,536,357,0.297385063119079,537,358,"900"
"H121",0.11744620762497,383,126,257,0.409505547312288,0.020166013039177,367,110,0.0771747629449351,379,122,"900"
"H122w",0.0406457645611575,341,16,325,0.364246558998682,0.00879868267363237,349,24,0.0264886685710007,339,14,"900"
"H5",0.0864237241278728,216,73,143,0.461559588565022,0.0138162515831875,202,59,0.055129884279475,207,64,"900"
"H71",0.221127769795312,432,295,137,0.46486089017015,0.042329157340064,423,286,0.12664357689911,376,239,"900"
"H84",0.207333816759716,537,272,265,0.406800151151533,0.045625736875903,567,302,0.170312901235406,563,298,"900"
"H91",0.139288415830011,345,164,181,0.445711595362686,0.0254244156032427,345,164,0.0843017753443476,314,133,"900"
"H95",0.175510071958019,493,218,275,0.402241921636895,0.0390116984732232,540,265,0.117593090856691,491,216,"900"
"H96",0.135671618985742,440,157,283,0.398515428024161,0.0269783247301233,458,175,0.125418595466744,517,234,"900"
"H99",0.150002917265146,264,187,77,0.495383888845751,0.0207485812264773,195,118,0.096936521472477,247,170,"900"
"HP301",0.103153744921656,240,100,140,0.462658160121935,0.0212232892016767,260,120,0.0674242401158917,239,99,"900"
"HUOBAI",0.136461607147428,487,160,327,0.363171069560338,0.0279730347209829,512,185,0.0964986277779377,493,166,"900"
"Hy",0.087188960576805,404,76,328,0.362421546226649,0.0205725064086987,443,115,0.0621656575132603,412,84,"900"
"I29",0.495445575630238,377,366,11,0.549355222797339,0.0909724192748619,377,366,0.321779919047571,373,362,"900"
"Ia 453",0.200208471600675,256,255,1,0.584072921070385,0.0283067614958235,190,189,0.122388811191556,232,231,"900"
"IA2132",0.179696227751162,260,224,36,0.518646472885573,0.0428714616275512,327,291,0.129944240927377,283,247,"900"
"IBB15",0.0337627428034738,27,10,17,0.540150515267824,0.00577376670223111,27,10,0.0221062298136786,25,8,"900"
"IBC2",0.209998009300122,448,277,171,0.450592402131688,0.0442772919492783,468,297,0.135287194029478,428,257,"900"
"ICI 193",0.134926713206879,217,154,63,0.501828318374092,0.0279641883308468,247,184,0.119246114190751,286,223,"900"
"ICI 740",0.139485249947886,320,166,154,0.455106782860516,0.0209229887501163,273,119,0.0966058277972045,322,168,"900"
"ICI 893",0.0706546920476737,313,50,263,0.407581592541664,0.0111570294915904,302,39,0.0448845606846882,308,45,"900"
"ICI 986",0.202275043919473,360,262,98,0.48121464250865,0.0385917984591088,354,256,0.174234603898937,400,302,"900"
"IDS28",0.103138055378274,151,99,52,0.510504281495646,0.014980534726465,123,71,0.0672190602184725,150,98,"900"
"IDS69",0.0336652512514062,364,9,355,0.321130812917426,0.00607357809294326,366,11,0.0248714295543109,366,11,"900"
"IDS91",0.056954994082513,386,35,351,0.332780754057488,0.0087542383925166,374,23,0.0399324039472925,389,38,"900"
"INB 101LFY/LFY (A632 X M16 S5)",0.37019436430836,618,356,262,0.408220670681203,0.0673326471916016,614,352,0.202039333760757,592,330,"900"
"INBRED 141",0.279622180855402,532,326,206,0.432610411070427,0.0587001439369196,543,337,0.192217452585714,529,323,"900"
"INBRED 2-687",0.117154742528864,369,125,244,0.41596926250329,0.0232036045953124,380,136,0.10241239148374,431,187,"900"
"INBRED 305",0.279531511198902,687,325,362,0.297647106001388,0.0425484256832601,649,287,0.19113036145359,684,322,"900"
"INBRED 321",0.105121314190984,445,103,342,0.345842159541105,0.0220700857938498,470,128,0.0677104540514088,442,100,"900"
"K150",0.133288389842907,205,151,54,0.507817420473528,0.024862220947654,210,156,0.0895859107617535,203,149,"900"
"K41",0.138493647252254,466,162,304,0.381611493932761,0.0252576394851935,465,161,0.0884299633330325,448,144,"900"
"K47",0.113794625727091,409,115,294,0.390732933605649,0.0155052949210623,371,77,0.0715376405694658,403,109,"900"
"KUNG-70",0.0480407057677397,360,25,335,0.357457652215165,0.00655480222222689,349,14,0.0304491912999147,358,23,"900"
"L 127",0.189557379872209,405,238,167,0.45305462136583,0.0367665979957352,407,240,0.169036927554035,462,295,"900"
"L 139",0.139333904709186,288,165,123,0.474165717851476,0.0293490932903874,317,194,0.127879956187038,367,244,"900"
"L 289",0.194975991457424,371,245,126,0.472961035245195,0.0347900730178119,355,229,0.103566369425566,316,190,"900"
"LH1",0.0933678638708726,370,82,288,0.392063045707799,0.0191456615321894,389,101,0.0661664447561363,381,93,"900"
"LH119",0.105789690824935,127,105,22,0.531864553135968,0.0229100269614158,157,135,0.0689621835023345,124,102,"900"
"LH128",0.0477253179359476,174,24,150,0.456666571848981,0.00686513986174121,166,16,0.029643790670295,171,21,"900"
"LH143 (Maintainer)",0.405886915835225,363,361,2,0.582639581665859,0.0770305677279359,362,360,0.297428565602582,361,359,"900"
"LH146Ht",0.219198120075153,358,290,68,0.500218115027332,0.0463907761119705,373,305,0.154285270228289,350,282,"900"
"LH149",0.195407797596784,272,246,26,0.52463178749753,0.0397305829745421,297,271,0.124192985304392,259,233,"900"
"LH165",0.0292316365466839,246,7,239,0.41720682187657,0.00480114128620326,246,7,0.0188304240770087,246,7,"900"
"LH166",0.25120137087774,549,308,241,0.417059700833677,0.0489966685445327,555,314,0.225817475732724,580,339,"900"
"LH181",0.171804376301966,530,210,320,0.367797179259074,0.0375667070359875,567,247,0.161870644171675,608,288,"900"
"LH184",0.34603158346162,401,353,48,0.512635201090641,0.0678316446387801,401,353,0.271269572548363,402,354,"900"
"LH190",0.0768626703295049,308,58,250,0.410543711598899,0.0142082380464382,312,62,0.065530728996352,341,91,"900"
"LH192",0.199209437981726,488,254,234,0.419129511823282,0.0426595055584295,523,289,0.128990457142697,480,246,"900"
"LH194",0.348011498715723,693,354,339,0.350787305784497,0.0642361091543034,686,347,0.183443421721486,654,315,"900"
"LH195",0.262567758981319,400,312,88,0.48582535220329,0.0492811091687508,405,317,0.229591024717221,428,340,"900"
"LH197",0.142344874325906,249,170,79,0.494594068883003,0.0321028767352005,288,209,0.101792521080683,263,184,"900"
"LH198",0.160932652754785,224,199,25,0.525056926600065,0.0383529646302336,279,254,0.119387557866959,249,224,"900"
"LH202",0.161094881437009,320,200,120,0.475832937820149,0.0327436251117275,332,212,0.125966357381769,356,236,"900"
"LH204",0.207023513100804,490,271,219,0.425822265999921,0.0465502058627229,525,306,0.147771836207228,491,272,"900"
"LH205",0.118683547860984,481,128,353,0.330139713724478,0.0237074223368007,499,146,0.0965793070905687,520,167,"900"
"LH206",0.0586265747721414,139,38,101,0.480906434603617,0.0116137206109616,145,44,0.0371723530416483,135,34,"900"
"LH208",0.162280129137036,367,201,166,0.453093930705035,0.0242697762541626,318,152,0.103545635534664,355,189,"900"
"LH209",0.180832477543734,268,227,41,0.517366891307064,0.0288634246317668,233,192,0.11529086086339,251,210,"900"
"LH214",0.130950049094231,460,146,314,0.372128566835044,0.0242717294905147,467,153,0.110260473445555,512,198,"900"
"LH215",0.167335681918334,465,207,258,0.40922590076398,0.035343497823507,490,232,0.127865895789093,501,243,"900"
"LH222",0.0840488389128512,88,70,18,0.536961252695806,0.0171121125998787,110,92,0.0601610143975218,95,77,"900"
"LH223",0.117568581341086,260,127,133,0.468510142869274,0.0288659457469061,326,193,0.0891367434586399,281,148,"900"
"LH224",0.189327050443754,538,237,301,0.383228455543547,0.0387451166422046,560,259,0.125990802968651,538,237,"900"
"LH295",0.0937285160188494,263,83,180,0.447125510549085,0.0164439583708908,265,85,0.0698617713156629,285,105,"900"
"LH60",0.111620422139145,392,111,281,0.399675273561295,0.0266841946507897,454,173,0.0809283920947815,408,127,"900"
"LH74",0.0520716731946797,70,31,39,0.518276632370506,0.00946820455465312,67,28,0.0344163744472695,68,29,"900"
"LH82",0.156338643493168,297,193,104,0.480036609517066,0.0278258942068063,286,182,0.0834483348743477,234,130,"900"
"LH93",0.0759174623722435,386,57,329,0.36169977144033,0.0146768665425791,397,68,0.0506093278159346,384,55,"900"
"LIBC 4",0.0653921860114088,86,43,43,0.516575435530257,0.0134129900286955,97,54,0.0430800239110743,85,42,"900"
"LP1 NR HT",0.223408186058631,344,297,47,0.514396778266878,0.0388206107330635,310,263,0.168237807675689,341,294,"900"
"LP5",0.168380174698702,305,209,96,0.481597441574601,0.0337750319334083,317,221,0.112186039885932,298,202,"900"
"M14",0.123510603673754,390,137,253,0.410005671988713,0.0149199070713443,323,70,0.0696894236407291,357,104,"900"
"MBPM",0.156284735038604,383,192,191,0.440089090855541,0.0284258396682589,381,190,0.127379956931303,432,241,"900"
"MBWZ",0.265270360528453,610,314,296,0.388641263781049,0.0539711461159392,626,330,0.230612876457688,637,341,"900"
"MM501D",0.104022616951094,446,101,345,0.343210196781757,0.0204747683268928,458,113,0.0955607866048085,507,162,"900"
"Mo17",0.03834342299342,130,14,116,0.476841392408907,0.0068005191637963,131,15,0.025386512221081,128,12,"900"
"Mo1W",0.113541665857514,346,114,232,0.420132154698416,0.0227613420986476,365,133,0.0765485715092215,351,119,"900"
"Mo46",0.116975540679718,474,124,350,0.337895532552663,0.014508656401859,416,66,0.0648649768860445,440,90,"900"
"Mo47",0.132953559364722,228,150,78,0.494947227949227,0.0272804690521834,256,178,0.0874911473712218,219,141,"900"
"Mo5",0.201578955676758,435,258,177,0.448723276885502,0.0404311312227372,453,276,0.125884247902104,412,235,"900"
"MQ305",0.0351180583061536,239,12,227,0.421146332781829,0.00687120808976154,244,17,0.0280217095332096,245,18,"900"
"MS116",0.204988736220218,566,269,297,0.388590017499547,0.0339031997021524,519,222,0.147792880924851,570,273,"900"
"MS132",0.20166492435154,480,260,220,0.425543938801001,0.029476656215406,415,195,0.119938189882953,446,226,"900"
"MS200",0.0827553315764261,290,66,224,0.423806704486383,0.0136865252629255,281,57,0.0582222869481107,295,71,"900"
"MS211",0.148085504681237,356,181,175,0.449297695864414,0.0220129721779425,302,127,0.100580656192041,354,179,"900"
"MS221",0.100832002977569,150,94,56,0.507443814218959,0.0151140122018989,129,73,0.0694835730744627,159,103,"900"
"MS224",0.10028434637466,167,92,75,0.497187699682822,0.0194776252587079,180,105,0.083479612152885,206,131,"900"
"MS225",0.203911464454793,411,266,145,0.460979398414053,0.0436085432595906,439,294,0.154694373913337,428,283,"900"
"MS226",0.112276162708828,424,112,312,0.373113883540147,0.0215140621823749,435,123,0.0978906087924239,485,173,"900"
"MS24A",0.068112761734605,356,46,310,0.374673540025977,0.0132278437996621,363,53,0.0545234516507191,372,62,"900"
"MS67",0.112742610775293,473,113,360,0.29993366114211,0.0220965137313753,489,129,0.075443731038834,474,114,"900"
"MS71",0.184060325175159,324,231,93,0.483222547012809,0.0364168599858058,328,235,0.154085378080518,374,281,"900"
"MS72",0.148271779237635,295,182,113,0.476993816060101,0.0253488490874786,276,163,0.0993699415883588,288,175,"900"
"N192",0.320519157072039,354,344,10,0.551822924915797,0.0479914746701689,322,312,0.222716216801837,347,337,"900"
"N193",0.0570527547808731,168,36,132,0.469366483496613,0.00950790535681594,161,29,0.0338403600911336,160,28,"900"
"N200",0.116232998812585,469,122,347,0.341081205956472,0.0203781923051357,459,112,0.0771318524529912,468,121,"900"
"N201",0.084126285492922,103,71,32,0.519934044248693,0.0118203474266761,78,46,0.0521763605256479,91,59,"900"
"N209",0.122781541575478,466,134,332,0.359781215420885,0.0172450442178028,425,93,0.0761512956318683,449,117,"900"
"N211",0.273024311687443,559,321,238,0.418318465121435,0.065409317270711,587,349,0.198501046034901,565,327,"900"
"N217",0.289538988578331,402,331,71,0.498185976759821,0.0596038706486086,412,341,0.189047141848316,391,320,"900"
"N218",0.195840927826797,585,249,336,0.354397456547861,0.0415085917697565,619,283,0.126296423644315,574,238,"900"
"N28Ht",0.139984549029456,439,167,272,0.404075290435867,0.0273906515209416,451,179,0.0883962907759661,415,143,"900"
"N501",0.0378069932324029,339,13,326,0.363836497494927,0.00782025080515689,345,19,0.0245176504159456,336,10,"900"
"N523",0.145595731948922,188,175,13,0.546797727123852,0.0199106511886864,121,108,0.0909044063545406,165,152,"900"
"N527",0.185999390825946,342,234,108,0.47928043398773,0.0337583836621189,328,220,0.0968266615025342,277,169,"900"
"N534",0.102501235734345,246,97,149,0.457263001623155,0.014448876817517,213,64,0.0635731063418641,234,85,"900"
"N542",0.360765903516715,640,355,285,0.394099434211922,0.0588878199109595,623,338,0.242869511544679,633,348,"900"
"N6",0.0340522306962957,218,11,207,0.431139963861705,0.00395033918554064,210,3,0.0183922426383742,213,6,"900"
"NC250",0.269707360924244,634,319,315,0.371576942893053,0.0511578253421382,637,322,0.236288707544425,661,346,"900"
"NC262",0.145023711547909,441,174,267,0.405813419394694,0.0296479506832651,463,196,0.0973155436582319,438,171,"900"
"NC294",0.0618992172243765,217,41,176,0.44924348570457,0.0130788254048671,228,52,0.0474077939623937,225,49,"900"
"NC310",0.291946652249241,413,332,81,0.491473061308829,0.0476450951155236,391,310,0.196186449167011,406,325,"900"
"NC326",0.167668907234481,405,208,197,0.436823946460116,0.0371671034959495,441,244,0.111418008410279,397,200,"900"
"NC328",0.281055408949135,583,328,255,0.409773774069724,0.0552619410680913,588,333,0.225146318019688,593,338,"900"
"NC342",0.146313405531459,496,177,319,0.369117114830652,0.0281133644573971,506,187,0.0973913464740681,491,172,"900"
"NC412",0.146006997356277,460,176,284,0.395742424058008,0.02983192842922,483,199,0.101545671178553,467,183,"900"
"ND259",0.0727763875353089,411,53,358,0.30836471422302,0.0083953652174035,379,21,0.0391864085976241,395,37,"900"
"ND265",0.276600862483692,486,323,163,0.453365508358234,0.0595190303583059,503,340,0.180036960352216,474,311,"900"
"NK740",0.33450054021916,601,347,254,0.409911586256048,0.0776548861883681,615,361,0.233764395649677,597,343,"900"
"NK778",0.141104548439686,414,168,246,0.413951297344616,0.0167985871201197,334,88,0.0779152112204318,371,125,"900"
"NK807",0.116619125085325,259,123,136,0.4654802813266,0.0246514130864472,290,154,0.0751596790568838,247,111,"900"
"NKS8326",0.21496733496616,608,286,322,0.366191337854117,0.0381454098930036,574,252,0.11339559476259,528,206,"900"
"NORTH 7",0.12959516269454,395,144,251,0.41038249271678,0.031415875861311,457,206,0.0956921524230718,414,163,"900"
"NQ508",0.204925930864401,358,267,91,0.485204715050567,0.032593717748986,302,211,0.134875620747309,347,256,"900"
"NS501",0.104389953400006,306,102,204,0.434328565102565,0.0164871641394192,291,87,0.066319428139767,298,94,"900"
"NS701",0.22364864260691,615,298,317,0.370659795474628,0.045773759244665,620,303,0.156316913348022,601,284,"900"
"NY6371",0.213563221057148,470,282,188,0.440505658133957,0.0368715647574419,430,242,0.145331532740795,455,267,"900"
"Ny821",0.0498788129151885,112,27,85,0.490105688486224,0.00956896906457028,115,30,0.0268096567406512,100,15,"900"
"OH33",0.303169101996332,609,338,271,0.404159563734425,0.0536650336451366,599,328,0.238709008420247,618,347,"900"
"Oh40B",0.244239374073636,397,307,90,0.485281459251328,0.0525916055643817,414,324,0.175284255975345,393,303,"900"
"Oh43",0.211793953291305,499,281,218,0.425934114947272,0.0446706353734921,517,299,0.130193136339676,467,249,"900"
"Oh7",0.0611174223345516,383,40,343,0.34393819680693,0.00973713675122525,374,31,0.0389411446222699,379,36,"900"
"OQ403",0.216480258542174,370,287,83,0.490931472162977,0.0345476441298727,310,227,0.144729421258043,349,266,"900"
"OQ603",0.0702398562682213,69,49,20,0.534872195367182,0.016979970844571,111,91,0.0516743313201254,77,57,"900"
"Os420",0.185290571823546,239,233,6,0.561552740300951,0.0387380765015997,264,258,0.148677814741025,280,274,"900"
"OS602",0.345941547658255,601,352,249,0.410580932050723,0.063810739239037,594,345,0.294825823381338,606,357,"900"
"Pa392",0.286230472780756,445,330,115,0.476950765840051,0.0572090751211219,450,335,0.234446699081447,459,344,"900"
"Pa405",0.107336200780465,300,108,192,0.438954249474019,0.0146477412561026,259,67,0.0671822291093034,289,97,"900"
"Pa875",0.336348967230423,518,348,170,0.45220455004577,0.0579260762574162,506,336,0.259116232296754,522,352,"900"
"Pa880",0.0609891162957904,46,39,7,0.556932697348793,0.0109478203704058,44,37,0.0408166020896806,46,39,"900"
"Pa91",0.0510740545604236,238,30,208,0.430983487239948,0.0104494341476741,241,33,0.035579409806171,239,31,"900"
"PH207",0.0793124863157481,149,62,87,0.485947849430716,0.0142609879570651,150,63,0.0610957188563172,166,79,"900"
"PHB09",0.154635274113177,259,189,70,0.499684474607071,0.0310350912334228,275,205,0.127719718971461,312,242,"900"
"PHB47",0.180828037341031,331,226,105,0.479548576259108,0.0391602516331614,371,266,0.117877706698047,323,218,"900"
"PHBA6",0.0174573613523521,76,2,74,0.497407837383455,0.00299078710529061,76,2,0.0116860944079325,76,2,"900"
"PHBB3",0.139127048006138,327,163,164,0.453203431855338,0.0263106600525288,334,170,0.0867874305930117,301,137,"900"
"PHEG9",0.119107150469856,189,129,60,0.504544679340585,0.0255541117545556,227,167,0.110681337898364,259,199,"900"
"PHG29",0.371490673225913,705,357,348,0.338647646719651,0.074071508119348,704,356,0.23221627652472,690,342,"900"
"PHG47",0.0828373855950826,408,68,340,0.348225263956997,0.015141245829798,414,74,0.0555320320523845,406,66,"900"
"PHG71",0.0689285225043419,71,47,24,0.527933462790198,0.0151442088326498,99,75,0.0454391191062732,70,46,"900"
"PHG80",0.0536702252978189,157,33,124,0.474152486316364,0.0112198156970268,164,40,0.0501002217935368,178,54,"900"
"PHG83",0.195521992954577,365,247,118,0.476272270023441,0.0407927212303833,398,280,0.180612844088209,431,313,"900"
"PHG86",0.338761870988445,461,350,111,0.477823625412907,0.0729358232830102,466,355,0.218271537176037,445,334,"900"
"PHH93",0.280152718450129,588,327,261,0.408240356982078,0.0543123995522984,592,331,0.252236806542982,612,351,"900"
"PHHH9",0.0926681283725384,345,81,264,0.407472385724138,0.0181906273364158,360,96,0.0620397885077356,347,83,"900"
"PHHV4",0.14236317877518,331,171,160,0.453880869125076,0.0226353433951737,291,131,0.0891249966252824,307,147,"900"
"PHJ70",0.315867436238497,706,342,364,0.292576783376603,0.062492726820629,707,343,0.1803246006917,676,312,"900"
"PHJ89",0.193166965791086,533,242,291,0.390870270195593,0.0376045244947787,539,248,0.173909499986013,592,301,"900"
"PHJ90",0.10528409409148,255,104,151,0.456572471004408,0.0235337561102128,295,144,0.0685162993132546,252,101,"900"
"PHJR5",0.321833938802959,394,345,49,0.512615286233325,0.0639259196617881,395,346,0.297861315457204,409,360,"900"
"PHK35",0.20211990368813,405,261,144,0.461342916223414,0.0355606737766566,377,233,0.152144064393608,422,278,"900"
"PHK42",0.114119032249436,174,117,57,0.506765605051939,0.0169222597720491,147,90,0.0780439065098514,183,126,"900"
"PHK56",0.143629280045474,488,172,316,0.371180341337408,0.0276521646831537,497,181,0.0868077123934156,454,138,"900"
"PHK74",0.256609830955743,455,309,146,0.460936104529566,0.0482332549981693,459,313,0.208650140813674,479,333,"900"
"PHKE6",0.108089373132713,335,109,226,0.422825450943073,0.0194213309448903,330,104,0.061703650686747,308,82,"900"
"PHM10",0.0678527849911474,334,44,290,0.391189215304376,0.0159341436957515,372,82,0.0498219700220112,343,53,"900"
"PHN11",0.0445344319100524,173,21,152,0.456508561276176,0.00842922541374081,174,22,0.0306069828597043,176,24,"900"
"PHN29",0.146733539818129,378,178,200,0.434812324255987,0.0300679047256901,400,200,0.0951509931457508,360,160,"900"
"PHN66",0.149033803180524,253,184,69,0.500014253466858,0.0238363134958443,217,148,0.092517237034308,223,154,"900"
"PHN82",0.196001529251906,519,250,269,0.405273011124603,0.0434117220662998,562,293,0.130144725952975,517,248,"900"
"PHP02",0.20282985050039,540,264,276,0.401422190002189,0.0415671965521213,560,284,0.137932101375897,537,261,"900"
"PHP55",0.269250663636684,377,318,59,0.505102395848816,0.0470683732413033,367,308,0.148821258478771,334,275,"900"
"PHP76",0.219987870645619,392,293,99,0.481141719622814,0.0415054163291808,381,282,0.127373086305192,339,240,"900"
"PHP85",0.135490489191647,464,156,308,0.376480708589423,0.0279805866474785,494,186,0.114008439964879,515,207,"900"
"PHPR5",0.0402709399847731,245,15,230,0.420537223942243,0.00813271878795319,250,20,0.027465269797786,246,16,"900"
"PHR03",0.0680217528597726,382,45,337,0.35304713628168,0.0110037366587329,375,38,0.0435725154369741,380,43,"900"
"PHR30",0.177915494833937,463,220,243,0.416052211982666,0.0395936593524583,512,269,0.117957845724384,463,220,"900"
"PHR31",0.100805771641751,195,93,102,0.480799924394289,0.0222431444969485,232,130,0.0667041991185824,198,96,"900"
"PHR36",0.136524166777976,510,161,349,0.337898337371722,0.0233045581877952,487,138,0.100972916722473,529,180,"900"
"PHR47",0.240458843626377,500,306,194,0.438193420328193,0.0404280650809147,469,275,0.186672087415972,512,318,"900"
"PHR63",0.163480771533066,440,203,237,0.418465204973205,0.0249873396524911,395,158,0.107041225497877,429,192,"900"
"PHT10",0.189662446471138,534,239,295,0.389018216369182,0.0379364282882516,545,250,0.136077596691052,553,258,"900"
"PHT47",0.156272945141436,511,190,321,0.367350703478921,0.0343643328241063,546,225,0.110080064363155,518,197,"900"
"PHT55",0.0450121308948052,360,22,338,0.35090939553299,0.00614736981078595,350,12,0.0281430230031651,357,19,"900"
"PHTM9",0.184796089528532,362,232,130,0.469625739118783,0.0308066669396227,334,204,0.123621089892663,362,232,"900"
"PHV37",0.179267857835861,392,223,169,0.452316868186019,0.0332124596481079,382,213,0.118598867056507,391,222,"900"
"PHV57",0.172689690292452,336,211,125,0.473130025371151,0.0387833960613584,385,260,0.116249159495375,339,214,"900"
"PHV63",0.12434802533252,311,139,172,0.450551427581584,0.025190151614148,331,159,0.108366020780648,366,194,"900"
"PHVA9",0.0225144604374033,188,4,184,0.443939221528475,0.00448966920976469,189,5,0.015150575965858,188,4,"900"
"PHVJ4",0.296579771429339,491,336,155,0.455044813053661,0.0709147408626025,509,354,0.220536743616231,490,335,"900"
"PHW03",0.0471112801285506,44,23,21,0.532609286373986,0.0105934455169364,55,34,0.0317543706694757,47,26,"900"
"PHW17",0.0910344214571125,350,77,273,0.403355944610947,0.0182706882689504,370,97,0.0614005247927008,353,80,"900"
"PHW20",0.277425027203482,553,324,229,0.420640555217394,0.0656906651598789,579,350,0.198689102995657,557,328,"900"
"PHW30",0.163067095491387,438,202,236,0.418731433950049,0.0319967460314865,444,208,0.149262616856362,512,276,"900"
"PHW43",0.150282000919134,423,188,235,0.418753504402552,0.0272722531294891,412,177,0.101279729147915,416,181,"900"
"PHW52",0.096648351773459,255,87,168,0.452760243145511,0.0218636609580705,293,125,0.0655629607992661,260,92,"900"
"PHW53",0.210178165542374,582,279,303,0.382175453684836,0.0382108494295925,556,253,0.109422613694192,499,196,"900"
"PHW80",0.218914708672107,635,289,346,0.3422521957588,0.0533515865637469,672,326,0.164610771882267,637,291,"900"
"PHWG5",0.124217344640483,331,138,193,0.438639912359618,0.0205300311027145,307,114,0.0879861222451326,335,142,"900"
"PHZ51",0.071567738635373,272,51,221,0.424072540617592,0.0153290062056524,297,76,0.0463458436941237,268,47,"900"
"Q381",0.219591823188224,343,292,51,0.511552933039434,0.0427553359284854,341,290,0.130935938567373,301,250,"900"
"R168",0.196552442273285,407,251,156,0.454603339481354,0.0342486307922714,380,224,0.117935881538878,375,219,"900"
"R177",0.181963021761232,586,229,357,0.315994433685636,0.033632791705961,574,217,0.120356617429581,584,227,"900"
"R181B",0.214217821065594,299,284,15,0.544062493256588,0.0380000908957728,266,251,0.113013888200524,220,205,"900"
"R226",0.0286905280798507,154,6,148,0.458546205502429,0.00568638570486081,157,9,0.0263909853977025,161,13,"900"
"R229",0.0735673753957309,297,55,242,0.41630216869863,0.0155249318916109,320,78,0.0506996438756309,298,56,"900"
"R71",0.135760567841148,166,158,8,0.556384331052093,0.0233975006184952,148,140,0.107463781740066,201,193,"900"
"R78",0.263497715004786,500,313,187,0.441686720491605,0.0505198870577339,506,319,0.235120485345244,532,345,"900"
"SD101",0.174043155143688,280,215,65,0.501058913708356,0.0279069116440995,248,183,0.116175073941067,277,212,"900"
"SD102",0.0912881223886537,105,78,27,0.523718639210031,0.0219030276659494,153,126,0.0665003852237712,122,95,"900"
"SD107",0.436856962270519,471,365,106,0.47949935410201,0.0849394786017826,470,364,0.360920482637244,472,366,"900"
"SD40",0.269775691312868,485,320,165,0.453137816842782,0.0516881804570378,488,323,0.145661054522332,433,268,"900"
"SD44",0.229593188308396,369,302,67,0.500550973730966,0.0537674259412561,396,329,0.170097060295919,364,297,"900"
"SG 30A",0.0325463756213887,274,8,266,0.405955915068199,0.0053786099280736,274,8,0.0231010027241281,275,9,"900"
"T242",0.101972886204795,187,95,92,0.484229419067933,0.0169170325552639,181,89,0.0752172615077519,204,112,"900"
"Tr",0.214845756842648,395,285,110,0.478526392066254,0.0438977603083879,405,295,0.14630064987049,380,270,"900"
"TZU-CHIAO-HSI-WU 105",0.269017204740781,393,317,76,0.496067270931702,0.0536406074949721,403,327,0.245317973170656,425,349,"900"
"Va26",0.172731222349713,499,212,287,0.392424145237872,0.0315313502689103,494,207,0.101802540604175,472,185,"900"
"Va35",0.0828338982755593,347,67,280,0.39981837209585,0.0149128268503302,349,69,0.0590733632596605,353,73,"900"
"Va52",0.0838201830554477,103,69,34,0.518772894361565,0.013414345550522,89,55,0.0521002505922496,92,58,"900"
"Va99",0.108282019307604,292,110,182,0.44493936857102,0.0193676304373583,285,103,0.0885745601782698,327,145,"900"
"W182E",0.177688582989798,467,219,248,0.411147411690475,0.0370732470219509,491,243,0.114581173826116,457,209,"900"
"W22",0.105980905732031,318,107,211,0.430213801047797,0.0206671721285978,327,116,0.0645209674507241,300,89,"900"
"W23",0.331027000955225,443,346,97,0.481395452315998,0.0590480175104945,436,339,0.206306701682335,429,332,"900"
"W24",0.200945717020253,462,257,205,0.4336761413519,0.0413417057249305,486,281,0.18944421874562,526,321,"900"
"W32",0.180319325405167,518,225,293,0.390746741690704,0.0257479340575576,461,168,0.119888737210813,518,225,"900"
"W37A",0.206600802005755,626,270,356,0.319688735889286,0.0385794239257958,611,255,0.150069535815071,633,277,"900"
"W552",0.178961740399163,563,222,341,0.346294594852431,0.025862530020506,510,169,0.115566374522662,552,211,"900"
"W603S",0.0141897355408198,280,1,279,0.400175174499008,0.00194920607589561,280,1,0.00883415003319417,280,1,"900"
"W604S",0.208443988587541,437,275,162,0.453365923888959,0.0419029478220671,447,285,0.134766509422553,417,255,"900"
"W605S",0.0441992772276619,92,20,72,0.497884969259114,0.00896922789231179,98,26,0.0364741331447324,105,33,"900"
"W607S",0.156367657292516,507,194,313,0.372208820973279,0.0305343107186629,515,202,0.102045850520165,499,186,"900"
"W610S",0.0572854606576321,381,37,344,0.343866500930093,0.0118286298965362,391,47,0.0372253916884073,379,35,"900"
"W611S",0.149003553830273,513,183,330,0.360215554492674,0.0349800492775131,560,230,0.109384463576096,525,195,"900"
"W612S",0.29196222067993,638,333,305,0.380188137985141,0.0510042216044708,626,321,0.165852176704599,597,292,"900"
"W614S",0.124385064663846,247,140,107,0.479344807208731,0.0281466235072419,295,188,0.0922049059239898,260,153,"900"
"W64A",0.14769795296292,363,180,183,0.444003893903133,0.0252930297950866,345,162,0.0958307729836764,347,164,"900"
"W701BC",0.0959381509360992,89,85,4,0.570836426822011,0.0127520883101163,53,49,0.0550822429815165,67,63,"900"
"W803G",0.0799818604463868,381,63,318,0.369562426424431,0.0163455149274731,402,84,0.0539352968753121,379,61,"900"
"W809G",0.163720700042497,325,204,121,0.474606498440783,0.0345213248084167,347,226,0.13115633213096,372,251,"900"
"W810G",0.193102658448515,388,241,147,0.458597565309757,0.0366269175026203,386,239,0.162565693209583,436,289,"900"
"W811G",0.0420266350346084,264,17,247,0.411907336750264,0.00652204374476505,260,13,0.0296579981621378,269,22,"900"
"W813G",0.224471461201164,385,299,86,0.488753871224992,0.0341991515682375,309,223,0.156437120440134,371,285,"900"
"W8304",0.192674010110327,371,240,131,0.469585350718851,0.0396839708920015,401,270,0.112021132927602,332,201,"900"
"W9",0.18699470264068,436,235,201,0.434736597811984,0.0346373729503698,429,228,0.121855055097091,431,230,"900"
"WIL900",0.0483552844779102,380,26,354,0.328741100350381,0.0101108707379037,386,32,0.0311626153630541,379,25,"900"
"WU-TAN-TZAO",0.142249032693335,521,169,352,0.33114063991923,0.0267261168471195,526,174,0.0932230875129448,508,156,"900"
"YE 4",0.281340979362484,694,329,365,0.252535864545933,0.0462272296321501,669,304,0.203322135436828,696,331,"900"
"YING-55",0.389508338905833,390,359,31,0.521317651901656,0.0763862389256491,390,359,0.35650665511279,395,364,"900"
"Yu796 NS",0.122324961913948,275,133,142,0.46204203126005,0.0236825242211621,287,145,0.0777456668697626,265,123,"900"
"ZS365",0.131735743693913,440,148,292,0.390815175620669,0.0269942642564592,468,176,0.092923281067048,447,155,"900"
"ZS635",0.0268244244113753,132,5,127,0.472761215305039,0.00452759444054335,133,6,0.0181455791640431,132,5,"900"
"1538",0.0843538856314711,221,69,152,0.498321632982832,0.0151477530553654,220,68,0.0548135766671545,223,71,"950"
"29MIBZ2",0.134452412837888,207,164,43,0.550352681596925,0.0222908536205519,174,131,0.0838489408362691,190,147,"950"
"2FACC",0.147302980844259,210,180,30,0.5588811896358,0.0264664685250624,202,172,0.107182192235948,235,205,"950"
"2MA22",0.10034587385834,405,98,307,0.423508675180106,0.0166914600795393,383,76,0.0626538329841683,398,91,"950"
"3IJI1",0.34697673762015,512,356,156,0.496694585607445,0.0651233238144835,507,351,0.230176582141425,509,353,"950"
"4226",0.285253274641177,537,333,204,0.471275231003964,0.0522518042979762,535,331,0.212609673486482,553,349,"950"
"4N506",0.271685262358158,513,327,186,0.480350416518154,0.0443912604737737,487,301,0.182361747014286,510,324,"950"
"6M502",0.148068579106486,310,181,129,0.506923421071493,0.0266452457973086,304,175,0.0875279426380507,291,162,"950"
"6M502A",0.339970783702906,577,350,227,0.463706278643394,0.0612247982284282,571,344,0.19820681442224,563,336,"950"
"764",0.11957056287383,383,137,246,0.455673181315054,0.0232929491790183,387,141,0.0777462515225168,377,131,"950"
"78010",0.0938719961317279,318,86,232,0.459937118384188,0.0179592212093979,325,93,0.0606089691638194,318,86,"950"
"793",0.0757101839032482,283,55,228,0.463108887022411,0.0166620907829273,303,75,0.0505483043334012,286,58,"950"
"87916W",0.188947569835046,322,248,74,0.533734422730821,0.0376427198440702,330,256,0.120463787926275,309,235,"950"
"911",0.0807014160103881,201,59,142,0.501903944652128,0.0163201887451086,214,72,0.0542923830225864,207,65,"950"
"912",0.0906205815004032,415,79,336,0.397856264632598,0.0139685029501449,395,59,0.0558270367945429,410,74,"950"
"91IFC2",0.0519728590378967,104,32,72,0.534504808360016,0.00896418186715637,96,24,0.0329322776163733,98,26,"950"
"A",0.172818294908428,471,224,247,0.453929890726019,0.0309251442799348,459,212,0.0951033460876439,431,184,"950"
"A208",0.0905174570045198,373,77,296,0.43078650969707,0.019344949311244,403,107,0.0624474654666799,385,89,"950"
"A239",0.118733072658677,168,134,34,0.555010797075302,0.0211303451286468,156,122,0.0675534042075284,139,105,"950"
"A272",0.0971398922673848,427,92,335,0.398432588944552,0.0235731344715614,480,145,0.0737468825996898,452,117,"950"
"A305",0.17048968527698,445,220,225,0.464202834101103,0.0380083535795799,485,260,0.12079758654348,461,236,"950"
"A322",0.126116954234302,379,149,230,0.461674310603541,0.0278983689796441,414,184,0.0846410462825893,380,150,"950"
"A334",0.0859657614180329,136,72,64,0.538487019059351,0.013150328348627,118,54,0.0535637170508249,127,63,"950"
"A340",0.0897028480494061,87,75,12,0.583353595123912,0.0192008026003086,117,105,0.0587203106072304,91,79,"950"
"A374",0.274196646072635,369,329,40,0.552097692748173,0.0480852006676964,359,319,0.17679513442766,355,315,"950"
"A385",0.109978609428416,340,117,223,0.464865972943463,0.0235345302661689,366,143,0.076175641424889,348,125,"950"
"A401",0.150695032879935,475,184,291,0.433598029693094,0.028654544753359,483,192,0.0988134283600856,477,186,"950"
"A427",0.248286335623565,424,312,112,0.515823188194267,0.0404881859083099,388,276,0.166821148385002,419,307,"950"
"A548",0.111709934911885,196,120,76,0.532426415509766,0.0171268329626129,157,81,0.0690635498333158,186,110,"950"
"A572",0.227150902178953,487,295,192,0.47843196224541,0.0374728286362263,445,253,0.151905803710982,488,296,"950"
"A619",0.149873475793882,480,183,297,0.430670348131512,0.0260318422044212,465,168,0.0989947354653238,484,187,"950"
"A627",0.156037673470071,485,196,289,0.435322002938666,0.0330801003947485,514,225,0.103742592043908,489,200,"950"
"A632",0.318194731413008,455,341,114,0.514672072107204,0.0609425029758732,457,343,0.179116687494818,433,319,"950"
"A635",0.233198609876936,400,304,96,0.523065859928658,0.0389218063140532,363,267,0.15997327798003,395,299,"950"
"A641",0.196538542307835,568,256,312,0.4180474886689,0.0450803283418841,616,304,0.137524748554475,582,270,"950"
"A648",0.330456671158345,616,348,268,0.445195962798724,0.0520337884284547,598,330,0.202226557404673,607,339,"950"
"A663",0.0610617931383361,183,40,143,0.501689246875821,0.0119090779099026,187,44,0.0394432236608211,181,38,"950"
"A672",0.200128545246622,323,263,60,0.540484119737048,0.0365468764772052,303,243,0.150201639596869,354,294,"950"
"A674",0.0797658442342317,78,58,20,0.568083940902025,0.0126728046125226,70,50,0.0491476420664476,75,55,"950"
"A679",0.241146130152575,523,308,215,0.467859134750971,0.048262292998131,535,320,0.187915942018772,544,329,"950"
"A680",0.0261681337318954,72,7,65,0.53814043170731,0.00559390228446144,74,9,0.0171272078446604,73,8,"950"
"A682",0.303869177336277,575,337,238,0.458360833840471,0.041615857591903,522,284,0.170293450525782,549,311,"950"
"A71",0.122686230215589,194,142,52,0.544078932501338,0.0246789807821082,205,153,0.0845772948649187,201,149,"950"
"A73",0.177897235603865,299,233,66,0.538031146505392,0.03591963422311,306,240,0.113671560755713,282,216,"950"
"A797NW",0.207948825531271,484,276,208,0.4704332024597,0.0442171934407496,508,300,0.140900012188561,487,279,"950"
"AQA3",0.166650335451387,352,211,141,0.502778739959978,0.0272685719454781,320,179,0.102030332051865,336,195,"950"
"AS6103",0.17029822374027,338,219,119,0.510220299821704,0.0350254900868135,353,234,0.142323191709198,401,282,"950"
"AusTRCF 306238",0.101482577832778,456,100,356,0.356190865560274,0.0171956060276069,440,84,0.0602272296217746,441,85,"950"
"B-18 INBR.FR.SUPERGOLD",0.184297792754557,323,242,81,0.529366459903989,0.0437435437830268,376,295,0.13764850046753,353,272,"950"
"B-28",0.205981251514773,285,274,11,0.583495268024079,0.0436786517557722,304,293,0.137404332225961,280,269,"950"
"B103",0.14507044484001,276,176,100,0.521397030956121,0.0193623992553431,208,108,0.0770799925541273,228,128,"950"
"B104",0.209179474469906,448,278,170,0.489161893193497,0.0323635859559659,392,222,0.13288495662412,430,260,"950"
"B105",0.144919679074981,368,175,193,0.477943332444743,0.0308876538600348,404,211,0.094887128168901,376,183,"950"
"B108",0.0688305548728393,195,45,150,0.499145212779479,0.0110409115790852,187,37,0.0437355302183755,192,42,"950"
"B109",0.313488936359214,635,340,295,0.430813729345989,0.0694110125160842,655,360,0.21059442150738,643,348,"950"
"B110",0.222834404612292,386,293,93,0.523629771003995,0.0468938514625004,407,314,0.17838771423397,411,318,"950"
"B111",0.0346188591110969,39,13,26,0.563324578234368,0.00715748974302504,42,16,0.0256825480102317,41,15,"950"
"B115",0.120429302403426,461,139,322,0.407455625584764,0.0213512656135848,446,124,0.0693852634957737,433,111,"950"
"B119",0.131745626205062,427,160,267,0.445366173586523,0.0287863167352102,460,193,0.0873679915365892,428,161,"950"
"B120",0.346498045239995,444,355,89,0.524966958442172,0.0642692679152402,439,350,0.264175471730796,451,362,"950"
"B121",0.182903759832717,454,240,214,0.467927478123332,0.0382431467801519,477,263,0.113699928879621,431,217,"950"
"B14A",0.205209711947586,524,271,253,0.452671687620668,0.0370754920003005,502,249,0.122452691608499,494,241,"950"
"B164",0.181744038312735,260,237,23,0.56566501789035,0.0422269157849255,311,288,0.12923665593474,279,256,"950"
"B2",0.230621220575274,526,300,226,0.464113313428852,0.0410460216706156,506,280,0.165880261000431,530,304,"950"
"B37",0.210639398798031,520,281,239,0.458197578216062,0.0375121994565267,493,254,0.120987073338704,476,237,"950"
"B47",0.0692252115551152,367,48,319,0.41169034346628,0.0119830316182287,365,46,0.0439683030169288,363,44,"950"
"B57",0.051973991353509,326,33,293,0.431956169570177,0.0106517071103098,328,35,0.0362611907486034,328,35,"950"
"B66",0.13360256786096,333,162,171,0.48889357224525,0.0250014652237295,327,156,0.0807682840612413,309,138,"950"
"B68",0.125631453897559,418,147,271,0.444285987406064,0.0234123853295007,413,142,0.081034950408588,410,139,"950"
"B73",0.195633123444743,380,254,126,0.50729781507664,0.0445064539475415,429,303,0.141397045728258,407,281,"950"
"B75",0.186075544686606,605,244,361,0.34378555381038,0.041974324427493,648,287,0.133791654583324,623,262,"950"
"B76",0.23283830453323,305,302,3,0.610250347691355,0.0309479934421201,216,213,0.122964339384608,245,242,"950"
"B77",0.117275138334514,339,129,210,0.469984308290703,0.0208056612494438,331,121,0.0652095930817744,309,99,"950"
"B79",0.260104524048047,521,319,202,0.472484142813581,0.0495869019862954,524,322,0.204269646706626,544,342,"950"
"B87",0.0901960025973663,121,76,45,0.550069112555235,0.0192162795244728,151,106,0.0590660016811526,128,83,"950"
"B88",0.066816224072854,285,43,242,0.456430438634535,0.0115756286929288,282,40,0.0443718814940521,287,45,"950"
"B91",0.152391298176559,202,188,14,0.578676105687744,0.0297702684522763,217,203,0.119561020960576,247,233,"950"
"B97",0.0776905290889285,385,57,328,0.402098005011107,0.0119396778372228,373,45,0.0490350203298735,382,54,"950"
"BEI 10 = NORTH 10",0.0905404382841091,251,78,173,0.488566415146398,0.0178752195958166,265,92,0.0626344463396849,263,90,"950"
"BO9",0.402775693690265,553,365,188,0.479693896694345,0.0791533926746884,554,366,0.261010717597122,549,361,"950"
"CA-4",0.0846172492648924,133,70,63,0.538650464801771,0.0175157380012404,151,88,0.0588275838688369,143,80,"950"
"CG102",0.122662962885576,339,141,198,0.475285674442149,0.0231550081788818,335,137,0.0810477822121666,338,140,"950"
"CH701-30",0.15529641011481,312,195,117,0.511803174216431,0.0235473683439747,261,144,0.0966995919845665,302,185,"950"
"CH711-10",0.211873161881929,618,284,334,0.398737431251095,0.0428210917305372,624,290,0.136911973845504,601,267,"950"
"CH753-4",0.282989723261056,550,331,219,0.465854882913738,0.0398181968489214,490,271,0.164333295524302,522,303,"950"
"CH9",0.188628744074823,476,247,229,0.463052586334193,0.0272710875812794,409,180,0.112641438594774,444,215,"950"
"CI 40H",0.116336887148878,157,126,31,0.558460098281921,0.0179747210072644,125,94,0.0716175197954692,145,114,"950"
"CM105",0.211332336550547,320,283,37,0.553333959416924,0.0384618924831981,302,265,0.137330447086816,305,268,"950"
"CQ702RC",0.0752195651143505,260,54,206,0.470760215644467,0.0121126136391964,253,47,0.0464858280506693,255,49,"950"
"CR 22 INBRED",0.263550372171859,348,321,27,0.563031707733084,0.0458864371359094,336,309,0.157600908546751,324,297,"950"
"DE2",0.106503127026867,425,111,314,0.416136880857335,0.0228237013243925,449,135,0.0697363110149379,426,112,"950"
"DE3",0.108605643124547,480,114,366,0.211325596679698,0.0188709230434198,465,99,0.0769973925811187,493,127,"950"
"DE4",0.0958410155430693,299,90,209,0.470069616734448,0.0203868115926931,329,120,0.0650404939278792,307,98,"950"
"DE811",0.0539114517266567,211,36,175,0.487537801868687,0.0108123053414889,211,36,0.0361898699430603,209,34,"950"
"DJ7",0.139763150006622,339,171,168,0.490316659765387,0.0266387165825329,342,174,0.090487355995479,337,169,"950"
"DK3IIH6",0.156320329891686,320,197,123,0.508670051519666,0.0309661736375286,337,214,0.114395320972488,341,218,"950"
"DK4676A",0.252639441562572,568,316,252,0.452933224857228,0.0440945331618536,550,298,0.179623578767981,572,320,"950"
"DK78002A",0.340313600071079,366,351,15,0.57720613749726,0.0625864261112103,361,346,0.245893114993983,371,356,"950"
"DK78010",0.0474733691442254,84,26,58,0.541081488884448,0.00936359267250591,85,27,0.0315646922623281,82,24,"950"
"DK78371A",0.174508740810326,481,227,254,0.452168818945202,0.0376944272199989,511,257,0.147005877512002,541,287,"950"
"DKFAPW",0.211931321277749,347,285,62,0.538715431821912,0.0452482050351367,367,305,0.138712392124055,337,275,"950"
"DKFBHJ",0.169595815845017,322,217,105,0.519070939550043,0.0300261489609101,312,207,0.121518033621958,345,240,"950"
"DKMBNA",0.0749395296683478,189,52,137,0.503905477413563,0.0116236785015065,179,42,0.0478563471006208,189,52,"950"
"DKPB80",0.148205809249949,220,182,38,0.55328255635676,0.0289090047842441,234,196,0.105046050790231,240,202,"950"
"E8501",0.200905131023921,556,264,292,0.432534256378963,0.0366666724115913,538,246,0.12637099692181,545,253,"950"
"EAST 028",0.10160066353192,134,101,33,0.555066589322447,0.0172064663526309,118,85,0.0633071424921187,126,93,"950"
"Eng-Li Chih",0.23361601306755,312,305,7,0.594830303671643,0.0416281972841315,292,285,0.135000182647751,271,264,"950"
"F118",0.340419345328538,422,352,70,0.535944932813646,0.065792573828349,423,353,0.247048085019354,427,357,"950"
"F2834T",0.113154769705094,372,123,249,0.453585871742095,0.0250808213047319,409,160,0.0760997262317663,373,124,"950"
"FBLA",0.0760118963405867,135,56,79,0.530336351177752,0.0146263496246223,142,63,0.054643684160483,148,69,"950"
"FR19",0.320080691973545,708,344,364,0.310476942599185,0.0508713693565634,692,328,0.210190155188263,711,347,"950"
"H105W",0.129675332775853,365,158,207,0.470641760842673,0.0279064911630615,392,185,0.0850492442075271,361,154,"950"
"H110",0.114662212521652,230,124,106,0.518658817930854,0.0201130549940499,219,113,0.0732172959597575,222,116,"950"
"H113",0.355360030272931,524,359,165,0.490865749070936,0.0708506734081457,527,362,0.259506952722763,525,360,"950"
"H121",0.125683215756834,414,148,266,0.445975072971434,0.0203376518490984,383,117,0.0786892181165997,402,136,"950"
"H122w",0.0526879685105265,366,35,331,0.40081143877788,0.0112611134798163,370,39,0.0344843303294415,361,30,"950"
"H5",0.0694503723253164,195,49,146,0.501184891168455,0.0130213607050568,198,52,0.0459048081266714,193,47,"950"
"H71",0.20202599613751,386,266,120,0.509887708377868,0.0382170638981208,382,262,0.121356410852226,358,238,"950"
"H84",0.20562318414595,550,273,277,0.442793602884664,0.0444722085739597,579,302,0.159047129868389,575,298,"950"
"H91",0.197944918779306,397,259,138,0.503420605112413,0.0377913655379762,396,258,0.13232646079925,396,258,"950"
"H95",0.159783141116344,467,203,264,0.448153789596169,0.0367597018185498,511,247,0.115774234829884,486,222,"950"
"H96",0.103419512679354,346,105,241,0.458043502426444,0.018286100646393,338,97,0.0709686875197921,354,113,"950"
"H99",0.147044277789959,252,179,73,0.534124062014993,0.0226995353601434,207,134,0.0934613076842842,249,176,"950"
"HP301",0.12343455177427,270,145,125,0.507320656975048,0.0261696508133096,295,170,0.0821499613872813,267,142,"950"
"HUOBAI",0.159206246187039,531,201,330,0.401167759160713,0.0345800037354963,562,232,0.114634967005595,549,219,"950"
"Hy",0.0863059510539915,386,73,313,0.416733924685237,0.0191409049881,417,104,0.0580788600155423,391,78,"950"
"I29",0.430078822960002,382,366,16,0.576990670842348,0.0782930373996628,381,365,0.26503280714293,379,363,"950"
"Ia 453",0.191816458095104,253,252,1,0.61951114236585,0.0299612641790339,205,204,0.117864290193351,229,228,"950"
"IA2132",0.180343680748182,257,235,22,0.566225639584724,0.0415646340938228,305,283,0.126945672229946,276,254,"950"
"IBB15",0.00847898584104098,15,2,13,0.581502974154472,0.00180433285207263,15,2,0.00576336715827583,15,2,"950"
"IBC2",0.17528392635656,414,229,185,0.48141395547974,0.03865090623589,451,266,0.117255310802577,410,225,"950"
"ICI 193",0.123317789041521,200,144,56,0.542387703430908,0.0250650946332316,214,158,0.0941553713745371,235,179,"950"
"ICI 740",0.15412696742746,371,192,179,0.484119875675893,0.0253882399048113,343,164,0.104475781950938,380,201,"950"
"ICI 893",0.0837579431005155,301,67,234,0.45891163092844,0.0131253181910392,287,53,0.0515160089042774,294,60,"950"
"ICI 986",0.181862717083326,361,239,122,0.508928474404389,0.0371758358436491,373,251,0.150151740393381,415,293,"950"
"IDS28",0.107743489487494,153,112,41,0.551639372609122,0.0151011519516002,108,67,0.0598628789913982,125,84,"950"
"IDS69",0.0284188326650518,364,9,355,0.35957319850409,0.00547449363566161,363,8,0.0169644275281482,362,7,"950"
"IDS91",0.0697967811890221,395,50,345,0.384696649937989,0.0123777284823554,393,48,0.0501568164457968,401,56,"950"
"INB 101LFY/LFY (A632 X M16 S5)",0.37051697817621,641,361,280,0.44011760952915,0.0666121131625686,635,355,0.203743413323985,621,341,"950"
"INBRED 141",0.265466506454713,506,323,183,0.481939557877805,0.0547700144898924,519,336,0.180478845313198,506,323,"950"
"INBRED 2-687",0.126286355863335,413,150,263,0.449046980387003,0.0222812743108665,393,130,0.088118318413034,427,164,"950"
"INBRED 305",0.319067886594753,702,343,359,0.349773683133224,0.0501091679654599,684,325,0.203106897725573,699,340,"950"
"INBRED 321",0.108918035664401,448,115,333,0.398983848384622,0.0231676406090073,471,138,0.0739038918337349,451,118,"950"
"K150",0.119853856593627,186,138,48,0.547609269819614,0.0228362002669385,184,136,0.0785764827577791,182,134,"950"
"K41",0.176404861360566,508,232,276,0.443009075216564,0.0304020282225791,485,209,0.108943010514183,483,207,"950"
"K47",0.116477811015299,421,127,294,0.431079966808055,0.0178464318757163,385,91,0.0720718483949465,409,115,"950"
"KUNG-70",0.0592261954078209,365,39,326,0.404537599533668,0.00955389885109053,354,28,0.0394402094001758,363,37,"950"
"L 127",0.163393425945378,401,207,194,0.477106277838287,0.0340818950282412,423,229,0.138000498889671,467,273,"950"
"L 139",0.105045196588634,210,107,103,0.519516746195472,0.0211592549979562,226,123,0.0832527030699926,249,146,"950"
"L 289",0.159199208395318,310,200,110,0.516250318001521,0.0305230158454656,320,210,0.0903771600722068,278,168,"950"
"LH1",0.0941424019258857,373,87,286,0.438092091506472,0.0200455055375242,398,112,0.0641376276206365,381,95,"950"
"LH119",0.118151596036397,181,132,49,0.546919151685514,0.0250780099580823,208,159,0.0793614176070851,186,137,"950"
"LH128",0.057194944925324,205,38,167,0.490729482235944,0.00920636239706756,193,26,0.0353428968692528,199,32,"950"
"LH143 (Maintainer)",0.365558983860979,364,360,4,0.606700378856085,0.0697860932386983,365,361,0.251439512618326,362,358,"950"
"LH146Ht",0.201720925902462,345,265,80,0.529471012251684,0.0409245495161293,358,278,0.135350884519979,345,265,"950"
"LH149",0.173902965780706,276,226,50,0.544494597025771,0.0333334511497092,276,226,0.100138414036742,240,190,"950"
"LH165",0.0454774218127997,261,24,237,0.45841339609397,0.00800059747497289,258,21,0.0290797017515897,258,21,"950"
"LH166",0.248704659729025,565,314,251,0.453002930431802,0.0477758924442656,569,318,0.19423872187464,585,334,"950"
"LH181",0.150998513977482,508,185,323,0.406590169188953,0.0312233313701024,538,215,0.117828104576148,549,226,"950"
"LH184",0.307358082855642,389,338,51,0.544293227856804,0.0599221215467593,392,341,0.219145212672493,402,351,"950"
"LH190",0.0384318035085242,241,17,224,0.464269264236447,0.00755774748284186,242,18,0.0274860030099731,242,18,"950"
"LH192",0.210640848200387,518,282,236,0.458727169419829,0.0456282225277991,543,307,0.138711406097706,510,274,"950"
"LH194",0.338946384197626,681,349,332,0.40058761069311,0.0631074409462955,679,347,0.186067765902025,659,327,"950"
"LH195",0.229238875604113,400,296,104,0.51937815562995,0.041727627693882,390,286,0.172116935599537,417,313,"950"
"LH197",0.12886877268338,244,157,87,0.525699359884304,0.0290050374127472,284,197,0.0925151295355414,260,173,"950"
"LH198",0.168204240274847,233,212,21,0.56716470267851,0.0358418503871331,260,239,0.116510429058861,245,224,"950"
"LH202",0.140179890666343,293,172,121,0.509654725227264,0.0282979322371729,310,189,0.0940293139222388,299,178,"950"
"LH204",0.209591896179439,497,279,218,0.465978258723934,0.0457336796660744,526,308,0.147362655702166,506,288,"950"
"LH205",0.111406999340872,472,119,353,0.371776119865451,0.0215897364572256,479,126,0.0786255172660586,488,135,"950"
"LH206",0.0515889171333847,129,30,99,0.522259225967237,0.0105153390750681,132,33,0.0343871260303129,128,29,"950"
"LH208",0.168535513791296,353,214,139,0.50337124616344,0.0250431212585521,296,157,0.101605889868403,332,193,"950"
"LH209",0.161745225901694,249,205,44,0.550226907287837,0.0274536430778181,226,182,0.101788334151674,238,194,"950"
"LH214",0.139128673270217,485,168,317,0.412959242959173,0.0252265182434973,480,163,0.103546142699312,515,198,"950"
"LH215",0.175473244291947,506,231,275,0.443389602304772,0.0373515513017166,527,252,0.134221492153495,538,263,"950"
"LH222",0.0828588565939394,92,64,28,0.560488714590743,0.0176039777132014,117,89,0.0543945582762411,95,67,"950"
"LH223",0.126705255418063,305,152,153,0.497787774689891,0.0280226515496045,340,187,0.0850174781193996,306,153,"950"
"LH224",0.207352227385377,578,275,303,0.426015888925882,0.0441457251961293,602,299,0.141202007628704,583,280,"950"
"LH295",0.0675254496624599,224,44,180,0.483779268328612,0.0100644133146326,212,32,0.0398949249890191,219,39,"950"
"LH60",0.106452221406185,394,110,284,0.438483641611853,0.0249079625780491,439,155,0.0763789191328848,410,126,"950"
"LH74",0.0519025814313843,70,31,39,0.552952344529204,0.0100599865144991,70,31,0.0342626279845231,67,28,"950"
"LH82",0.154302805263924,329,194,135,0.504008300135049,0.0285578322491613,326,191,0.0926714255793037,309,174,"950"
"LH93",0.0809450503909275,399,61,338,0.396242593740813,0.0171249980779267,418,80,0.0558268123349043,411,73,"950"
"LIBC 4",0.0808667253424211,96,60,36,0.553608061408106,0.0171501351940162,118,82,0.0533520106321732,98,62,"950"
"LP1 NR HT",0.215957238827525,310,291,19,0.57133945094795,0.0399632244934687,292,273,0.160099997823165,319,300,"950"
"LP5",0.163272664022941,354,206,148,0.499539243961907,0.03123191344592,364,216,0.105373431463963,351,203,"950"
"M14",0.109292115255285,385,116,269,0.445134672813266,0.0138816489552185,327,58,0.0571146243450684,344,75,"950"
"MBPM",0.111130871736314,313,118,195,0.476917541859283,0.0190812321825267,298,103,0.0747107867955703,317,122,"950"
"MBWZ",0.261223648653185,585,320,265,0.448133811118526,0.0534801566826613,599,334,0.209563765027735,610,345,"950"
"MM501D",0.105472095763604,452,108,344,0.386297844137926,0.0201351347538312,458,114,0.0831555439420197,489,145,"950"
"Mo17",0.0414370505096625,131,18,113,0.515052549424365,0.00681460726186498,126,13,0.0280702955237593,132,19,"950"
"Mo1W",0.131561331534799,381,159,222,0.465043673297775,0.0244413500721456,374,152,0.0857409109962348,379,157,"950"
"Mo46",0.153182536283817,536,190,346,0.384202839793154,0.0251871005296687,508,162,0.0996408383477235,534,188,"950"
"Mo47",0.116551546700283,206,128,78,0.530626458076493,0.0247079243126968,232,154,0.0772508308446826,207,129,"950"
"Mo5",0.209978903391268,420,280,140,0.502847169015036,0.0368518863131399,388,248,0.124447372260076,387,247,"950"
"MQ305",0.00660264591390781,274,1,273,0.443954043474895,0.00131417930091903,274,1,0.00425776913109953,274,1,"950"
"MS116",0.173332332368151,536,225,311,0.418066381615848,0.0299739851549542,516,205,0.11603167760517,534,223,"950"
"MS132",0.213043723078383,506,286,220,0.46543610151083,0.0300040303010435,426,206,0.118569365688556,450,230,"950"
"MS200",0.0859361556770416,302,71,231,0.460105413579824,0.0149077937859483,296,65,0.0590349258108179,312,81,"950"
"MS211",0.165314070382735,406,210,196,0.476255459811591,0.0261198797712425,365,169,0.10786372872144,402,206,"950"
"MS221",0.102938825341719,150,104,46,0.548894244830533,0.0163583409258295,119,73,0.0675895463386071,152,106,"950"
"MS224",0.0997495134912913,166,97,69,0.53668871779408,0.0195294281915461,179,110,0.0690042674802562,178,109,"950"
"MS225",0.198847481202494,409,260,149,0.499209130866451,0.0401242358966779,423,274,0.140146617138084,427,278,"950"
"MS226",0.143378388526148,479,174,305,0.424420739266272,0.0265132253860112,478,173,0.109499492672228,514,209,"950"
"MS24A",0.0525193503592923,363,34,329,0.401914533555018,0.0106360605322839,363,34,0.0418757180268435,369,40,"950"
"MS67",0.118026575669483,493,131,362,0.338266714387537,0.0225438424481494,495,133,0.0775048788046289,492,130,"950"
"MS71",0.214964115400779,400,289,111,0.516092533722072,0.0432599982127253,403,292,0.164262734005563,413,302,"950"
"MS72",0.156816115692425,307,198,109,0.516697929384551,0.0275454657310639,292,183,0.102494023515799,305,196,"950"
"N192",0.343563022648319,370,353,17,0.576246765510353,0.0523909197252572,350,333,0.216302170560787,367,350,"950"
"N193",0.036662024054135,197,16,181,0.482587327180101,0.00795729609736412,201,20,0.0253043124714644,195,14,"950"
"N200",0.126816121249011,497,154,343,0.388951967978544,0.0238350294716216,491,148,0.0828752179544673,486,143,"950"
"N201",0.092817257501161,115,83,32,0.557910881445662,0.014950678264059,98,66,0.0573654942177766,108,76,"950"
"N209",0.126666604267378,472,151,321,0.408960596138087,0.0196386996162045,432,111,0.0779257679735606,453,132,"950"
"N211",0.267693025232165,536,325,211,0.469883954186176,0.0604650721504453,553,342,0.183877393495145,536,325,"950"
"N217",0.267946672407216,397,326,71,0.534869638354763,0.0568065712817393,408,337,0.178251209242495,388,317,"950"
"N218",0.229999617978721,636,297,339,0.391293989858239,0.049164206084063,660,321,0.150535813584816,634,295,"950"
"N28Ht",0.132752111379923,411,161,250,0.45348820545691,0.0254849410021835,415,165,0.085367484916966,406,156,"950"
"N501",0.0657193986549559,368,41,327,0.403760040443879,0.0139925733943814,388,61,0.0447627507132218,373,46,"950"
"N523",0.137861167953276,174,166,8,0.58972758203063,0.0217279712512834,135,127,0.0848379810509755,159,151,"950"
"N527",0.163592850989488,302,208,94,0.523373563108817,0.0288756699565175,288,194,0.0914241284471845,265,171,"950"
"N534",0.0924547874917341,212,82,130,0.506046348720626,0.0162238929164369,201,71,0.0590475589680459,212,82,"950"
"N542",0.378157799969042,634,362,272,0.444167211685524,0.0594804044365297,612,340,0.229759553058385,624,352,"950"
"N6",0.0474604773866041,202,25,177,0.48669026339075,0.00973059134016561,207,30,0.0371206709692055,213,36,"950"
"NC250",0.248550223898876,638,313,325,0.404765831065979,0.0453990370191479,631,306,0.185697477107737,651,326,"950"
"NC262",0.126981194210206,388,155,233,0.459334231843262,0.0268110635709582,409,176,0.0903592318611528,400,167,"950"
"NC294",0.0417715010563514,163,19,144,0.501419064099774,0.00912433396182639,169,25,0.0283463522939566,164,20,"950"
"NC310",0.247042226523073,386,309,77,0.531420432955324,0.0398213533134535,349,272,0.148563442260987,367,290,"950"
"NC326",0.190725420548181,448,249,199,0.475187369775256,0.0413442160925625,480,281,0.125662910934175,450,251,"950"
"NC328",0.230548671506133,559,299,260,0.449878984982915,0.0473948707094636,577,317,0.171706370110421,572,312,"950"
"NC342",0.159647216106581,501,202,299,0.42905279559574,0.0290497023292362,497,198,0.103742492757657,498,199,"950"
"NC412",0.146105403835265,463,178,285,0.438435962693558,0.0301964029431438,493,208,0.0943682586564411,465,180,"950"
"ND259",0.0933228798160397,445,85,360,0.34660944497554,0.0140300224128815,422,62,0.0543020333313528,426,66,"950"
"ND265",0.30008465672697,519,335,184,0.481586925368651,0.0632030119686385,532,348,0.192411245964364,515,331,"950"
"NK740",0.329791155088484,617,347,270,0.44457525545857,0.0768054309682473,634,364,0.23521469825034,624,354,"950"
"NK778",0.124211806098239,389,146,243,0.456246816995778,0.0183771228915092,341,98,0.074545096134902,364,121,"950"
"NK807",0.112285699207415,276,122,154,0.497724204872957,0.0244375421195529,305,151,0.074211300473814,274,120,"950"
"NKS8326",0.214334628297557,602,287,315,0.415820426645813,0.038350300384354,579,264,0.11783965152776,542,227,"950"
"NORTH 7",0.135668500481815,452,165,287,0.436907811919484,0.0282647228846257,475,188,0.0927366368472184,462,175,"950"
"NQ508",0.195970534643216,339,255,84,0.527832290413467,0.0325113939878441,307,223,0.124410821527178,330,246,"950"
"NS501",0.0839793666339005,281,68,213,0.468173901518656,0.0133362173401204,268,55,0.0517395474617672,274,61,"950"
"NS701",0.241142429398942,627,307,320,0.410677899406997,0.0523263508501265,652,332,0.173238915083518,634,314,"950"
"NY6371",0.205448293881205,435,272,163,0.493014948069108,0.0347959711069046,396,233,0.124548951268231,411,248,"950"
"Ny821",0.04938683686073,111,28,83,0.528930869290443,0.0112234727592205,121,38,0.0341201249071977,110,27,"950"
"OH33",0.28168104320953,547,330,217,0.467118152304656,0.0468716757674531,529,312,0.186800296475116,545,328,"950"
"Oh40B",0.21519155186831,378,290,88,0.525155240313245,0.0513677284272741,417,329,0.161351034868161,389,301,"950"
"Oh43",0.202990008868804,507,267,240,0.458108730432846,0.0430993092512025,531,291,0.129522156875169,497,257,"950"
"Oh7",0.0434207744157277,361,21,340,0.390094890134723,0.00671406996871779,352,12,0.0267250466831425,357,17,"950"
"OQ403",0.205160048423507,362,270,92,0.523870761714177,0.0314250755453545,310,218,0.121386503537795,331,239,"950"
"OQ603",0.0819386969419184,86,62,24,0.565287890263933,0.018029957849312,119,95,0.0546981901822021,94,70,"950"
"Os420",0.169193274217119,225,216,9,0.587913112388487,0.0339933696475229,237,228,0.12387580216309,254,245,"950"
"OS602",0.347113126999845,605,357,248,0.453777621539858,0.0620154971902353,593,345,0.254080965256158,607,359,"950"
"Pa392",0.256135492552969,454,318,136,0.503936674094135,0.0504592421063487,463,327,0.192575748355454,468,332,"950"
"Pa405",0.108344496425121,318,113,205,0.470982123461018,0.0167711420854698,282,77,0.0666705812950516,308,103,"950"
"Pa875",0.381565520974037,491,363,128,0.507012113665204,0.0672368113548249,485,357,0.27443791618581,492,364,"950"
"Pa880",0.03228374543563,17,11,6,0.602219556489508,0.00703235537463422,21,15,0.0234010144852743,19,13,"950"
"Pa91",0.0691758240718821,234,47,187,0.480158707375128,0.0139912548526293,247,60,0.0478541163031506,238,51,"950"
"PH207",0.075100469457678,148,53,95,0.523083729999013,0.0136169985714098,152,57,0.0545208947803798,163,68,"950"
"PHB09",0.153349590846764,276,191,85,0.52716606121425,0.0312560906494335,302,217,0.117894684540912,314,229,"950"
"PHB47",0.181809634640008,346,238,108,0.517079337472654,0.0390244196246344,377,269,0.119106773058804,339,231,"950"
"PHBA6",0.0227496053108611,87,5,82,0.529040256292695,0.00350807398108403,87,5,0.0140129428575081,87,5,"950"
"PHBB3",0.158627730559045,356,199,157,0.496575460812949,0.0293557521672865,358,201,0.0997825378864353,346,189,"950"
"PHEG9",0.11748978482689,191,130,61,0.538768877471326,0.0232877774443205,201,140,0.0918862366858685,233,172,"950"
"PHG29",0.3218770078799,692,345,347,0.379859656712375,0.0635685188077611,696,349,0.201436964773325,685,338,"950"
"PHG47",0.0836152401680917,417,66,351,0.37285986081651,0.0159395550491345,421,70,0.0502677721445672,408,57,"950"
"PHG71",0.0730578703258002,76,51,25,0.563717150976061,0.0157049975382593,94,69,0.0478909846913294,78,53,"950"
"PHG80",0.0425154586502317,167,20,147,0.500829170110671,0.00858411576797266,170,23,0.0350577315254807,178,31,"950"
"PHG83",0.172516808931186,347,223,124,0.508457039445707,0.0355126055589509,361,237,0.138946155587447,400,276,"950"
"PHG86",0.311694423875104,454,339,115,0.514632425105555,0.067886944235057,473,358,0.204873731546578,458,343,"950"
"PHH93",0.232970914996347,585,303,282,0.439048446496568,0.0471263615572057,597,315,0.191632010713628,612,330,"950"
"PHHH9",0.100456587259684,355,99,256,0.451924198727198,0.0190081890456273,358,102,0.0657727109653117,356,100,"950"
"PHHV4",0.138176791854947,339,167,172,0.488665042754779,0.0224336326009441,304,132,0.0867889923493538,332,160,"950"
"PHJ70",0.34609123812363,717,354,363,0.327611737711188,0.0662294196237765,717,354,0.201247544009974,700,337,"950"
"PHJ89",0.187584932752757,556,246,310,0.418195654552559,0.0366583429614704,555,245,0.149912839055905,602,292,"950"
"PHJ90",0.151330268086458,344,186,158,0.49546711005121,0.0279683744604742,344,186,0.0830052426774942,302,144,"950"
"PHJR5",0.297607195742919,393,334,59,0.540853864263006,0.0572978251647533,397,338,0.236156004045903,414,355,"950"
"PHK35",0.169923954280375,392,218,174,0.487943423019831,0.0291406084357549,373,199,0.114996736874673,394,220,"950"
"PHK42",0.0973732771337802,147,93,54,0.543360564540512,0.017028668386279,133,79,0.0682586357992683,161,107,"950"
"PHK56",0.119299175706969,439,135,304,0.42505419953146,0.0219593944447467,432,128,0.0671181327589792,408,104,"950"
"PHK74",0.252184461854822,475,315,160,0.494622575418332,0.0460011274360969,470,310,0.180178993841775,482,322,"950"
"PHKE6",0.0950576234686957,332,88,244,0.45601327472657,0.0173562063977527,331,87,0.0537299199161679,308,64,"950"
"PHM10",0.0559245042471834,320,37,283,0.438544273851849,0.0135313906342462,339,56,0.0419218674081733,324,41,"950"
"PHN11",0.0330597374631386,171,12,159,0.494813826525033,0.00645121812397462,170,11,0.0223665099461753,170,11,"950"
"PHN29",0.140517558322604,364,173,191,0.478591404485227,0.0274441362501507,372,181,0.0902725897105582,357,166,"950"
"PHN66",0.161574172886887,279,204,75,0.532504030237407,0.0259720156126254,242,167,0.0947044972190393,257,182,"950"
"PHN82",0.16847165539736,487,213,274,0.443617370354,0.0380671904145419,535,261,0.115771568341899,495,221,"950"
"PHP02",0.199094807459455,522,261,261,0.449358298268176,0.0394766654597078,531,270,0.132687139048419,520,259,"950"
"PHP55",0.264424210677825,377,322,55,0.542648511230226,0.0468883776827807,368,313,0.147830707857403,344,289,"950"
"PHP76",0.214525682662695,379,288,91,0.524120968808009,0.0405899965812054,368,277,0.12581088934783,343,252,"950"
"PHP85",0.115745070601154,434,125,309,0.419124901439764,0.0237158218828425,455,146,0.0888732717967165,474,165,"950"
"PHPR5",0.0352621664681204,226,14,212,0.468902943167996,0.00591098075955677,222,10,0.0227371817008905,224,12,"950"
"PHR03",0.0667006453546006,383,42,341,0.389361887977653,0.012431575109589,390,49,0.0439413134967172,384,43,"950"
"PHR30",0.1528085257714,444,189,255,0.452028491111376,0.036406698750406,497,242,0.112293948681796,468,213,"950"
"PHR31",0.0907309450509597,178,80,98,0.522579131910386,0.0201351378292063,213,115,0.0610980431534505,185,87,"950"
"PHR36",0.106434111594243,446,109,337,0.396691627008003,0.0165301614005086,411,74,0.0640465328255744,431,94,"950"
"PHR47",0.222609591204298,492,292,200,0.475062120828869,0.0351975366750716,435,235,0.143085405216949,483,283,"950"
"PHR63",0.18047946290671,494,236,258,0.451432848234429,0.0251791059696213,419,161,0.101377267411438,449,191,"950"
"PHT10",0.19993313479334,564,262,302,0.426357843558702,0.0358323557630945,540,238,0.133706625453069,563,261,"950"
"PHT47",0.17820397081452,552,234,318,0.411697534864766,0.0378660133041315,577,259,0.123226688192509,562,244,"950"
"PHT55",0.0158987190140613,346,4,342,0.389107852389753,0.00255280855635276,346,4,0.0098183504967918,346,4,"950"
"PHTM9",0.191095819814184,377,250,127,0.507239252814862,0.0322279000252054,348,221,0.12509268695013,377,250,"950"
"PHV37",0.17234496109771,387,221,166,0.490758037530292,0.0319817434362065,385,219,0.112294501384495,380,214,"950"
"PHV57",0.165250314218458,316,209,107,0.517138442036404,0.0366072136071712,351,244,0.111069649624263,319,212,"950"
"PHV63",0.102134132315249,253,102,151,0.498847229712508,0.0189195756559156,251,100,0.0662856924509125,253,102,"950"
"PHVA9",0.0292262745329859,200,10,190,0.479062895805572,0.00693267869572185,204,14,0.0218004236783045,200,10,"950"
"PHVJ4",0.283537504831636,496,332,164,0.492923741399864,0.0653967664742929,516,352,0.207124364675851,508,344,"950"
"PHW03",0.0358133270238892,33,15,18,0.572463973684234,0.00846126083048985,40,22,0.026019076494303,34,16,"950"
"PHW17",0.0964878560616805,369,91,278,0.441182859848433,0.0178010837630052,368,90,0.062801675004678,370,92,"950"
"PHW20",0.301429406795891,571,336,235,0.458878947241631,0.0689327718854478,594,359,0.210147020289115,581,346,"950"
"PHW30",0.174888357207309,473,228,245,0.455983750862661,0.0333353038753303,472,227,0.137632480568604,516,271,"950"
"PHW43",0.112275219017362,322,121,201,0.473130486857778,0.0221067192884087,330,129,0.074088794811537,320,119,"950"
"PHW52",0.0919332722079334,236,81,155,0.49696723644005,0.0203556041328766,273,118,0.0617593488911135,243,88,"950"
"PHW53",0.1752900491675,518,230,288,0.435924632839897,0.0362642816040799,529,241,0.109533067186372,498,210,"950"
"PHW80",0.197487464752812,606,258,348,0.378881590148857,0.047235294678637,664,316,0.146939426583441,634,286,"950"
"PHWG5",0.122455015646544,322,140,182,0.4825806316581,0.0215274307165082,307,125,0.0867136422655148,341,159,"950"
"PHZ51",0.0820091290270054,279,63,216,0.467571962040983,0.0181206332704587,312,96,0.0549743620140877,288,72,"950"
"Q381",0.224103319116816,341,294,47,0.548450616662958,0.0464592797303065,358,311,0.14370200751695,332,285,"950"
"R168",0.204150212966989,437,268,169,0.489222157904105,0.0342512620800944,399,230,0.123026352738683,412,243,"950"
"R177",0.192270462231936,610,253,357,0.35514963312603,0.0353188836012595,593,236,0.125062650679288,606,249,"950"
"R181B",0.247613894384545,320,310,10,0.586577487015762,0.0437103659883691,304,294,0.139538288487644,287,277,"950"
"R226",0.0240087195009055,140,6,134,0.504359388931515,0.00426163216966003,140,6,0.016155339275132,140,6,"950"
"R229",0.0864211366448619,331,74,257,0.451800747673226,0.0172596617830221,343,86,0.0577875513785529,334,77,"950"
"R71",0.099533998343086,101,96,5,0.605175970733226,0.0202808098561998,121,116,0.0818177851653242,146,141,"950"
"R78",0.234308531258985,495,306,189,0.479107056013979,0.0437765818952025,486,297,0.180070738681409,510,321,"950"
"SD101",0.172514058387835,275,222,53,0.544068209352005,0.0269358499325453,231,178,0.105574422576561,257,204,"950"
"SD102",0.102870196569894,132,103,29,0.559298704325786,0.0243492824219466,179,150,0.0749177167117855,152,123,"950"
"SD107",0.389365324438179,482,364,118,0.511108423570976,0.075143386348835,481,363,0.288079538978049,484,366,"950"
"SD40",0.266893817635519,486,324,162,0.494146420203037,0.0498561825582693,486,324,0.149516279665344,453,291,"950"
"SD44",0.255594068859022,385,317,68,0.537489699585294,0.0498320663007147,391,323,0.167027916662462,376,308,"950"
"SG 30A",0.0275126995276352,270,8,262,0.449129359709698,0.00528605187607517,269,7,0.0181033049958427,271,9,"950"
"T242",0.0980965409035603,191,94,97,0.522913470317467,0.0169587141508195,175,78,0.066021301180551,198,101,"950"
"Tr",0.232168047951871,432,301,131,0.50577440452798,0.0502897234914533,457,326,0.16608586719048,436,305,"950"
"TZU-CHIAO-HSI-WU 105",0.230228891874058,365,298,67,0.537962913213628,0.0437607097695775,363,296,0.178196610075892,383,316,"950"
"Va26",0.168872167592195,516,215,301,0.428315025806469,0.0321373148840949,521,220,0.102872005026501,498,197,"950"
"Va35",0.0985867549932012,376,95,281,0.439281968201256,0.0189416907513958,382,101,0.0684925261690794,389,108,"950"
"Va52",0.095597564486871,124,89,35,0.554207937685843,0.0171657755908169,118,83,0.0644060035822785,131,96,"950"
"Va99",0.0831036550715809,198,65,133,0.504607844605163,0.0115799951461685,174,41,0.0460635053408164,181,48,"950"
"W182E",0.128188861439484,435,156,279,0.440511878217085,0.0283086037492993,469,190,0.0858815099187177,437,158,"950"
"W22",0.104559687870151,309,106,203,0.472101717914736,0.0203589134310536,322,119,0.064535373729154,300,97,"950"
"W23",0.318684410446957,458,342,116,0.512510234131603,0.0547005465424918,451,335,0.193230144368062,449,333,"950"
"W24",0.208993042978161,474,277,197,0.475725163935951,0.0415514209156099,479,282,0.167726492267884,506,309,"950"
"W32",0.184578569153581,533,243,290,0.433750088737681,0.0289086440631954,485,195,0.11939998144078,522,232,"950"
"W37A",0.204183989543061,627,269,358,0.35150353496134,0.038996931067104,626,268,0.14354522438461,642,284,"950"
"W552",0.126744571447744,503,153,350,0.374229075344448,0.0194922541456477,459,109,0.0781897471622435,483,133,"950"
"W603S",0.00877024731301843,301,3,298,0.429303384472353,0.00197276614353774,301,3,0.00599520663251762,301,3,"950"
"W604S",0.197132442368002,435,257,178,0.484540129269032,0.040968643597198,457,279,0.127353992510321,433,255,"950"
"W605S",0.0450704334864268,80,23,57,0.541117079594936,0.00956025343106021,86,29,0.0300674593520692,79,22,"950"
"W607S",0.139217157268863,485,169,316,0.413173811835445,0.0293397873502667,516,200,0.0935525989712271,493,177,"950"
"W610S",0.0515298831178162,378,29,349,0.378402227071768,0.0116396751716867,392,43,0.0353970517367431,382,33,"950"
"W611S",0.154263741884356,517,193,324,0.40654107098572,0.029593488277615,526,202,0.101450597798585,516,192,"950"
"W612S",0.327998273581977,654,346,308,0.422897002042404,0.058674122250275,647,339,0.194317097971914,643,335,"950"
"W614S",0.118202367679508,219,133,86,0.526254803194748,0.0257630526059738,252,166,0.0848384298076648,238,152,"950"
"W64A",0.145409117143101,353,177,176,0.487234676681359,0.0231686663720102,315,139,0.0878403371937452,339,163,"950"
"W701BC",0.0933086850342354,86,84,2,0.616152143902212,0.0127734228883881,53,51,0.0513993055236429,61,59,"950"
"W803G",0.122857891435629,449,143,306,0.424014190415909,0.0243248178929959,455,149,0.0838597429238485,454,148,"950"
"W809G",0.186716033005064,346,245,101,0.521270028788834,0.0375576183977743,356,255,0.136732712653459,367,266,"950"
"W810G",0.119380004266878,226,136,90,0.52445303255706,0.0238084865793114,237,147,0.0945180248677542,271,181,"950"
"W811G",0.0448610966490226,281,22,259,0.451277683722414,0.00740822225066366,276,17,0.0304979201045166,282,23,"950"
"W813G",0.248253530162908,413,311,102,0.520752531163333,0.040277899409398,377,275,0.166182165319225,408,306,"950"
"W8304",0.183063431894306,386,241,145,0.501330197415913,0.0371406532216198,395,250,0.110691654966759,356,211,"950"
"W9",0.191363628282314,472,251,221,0.465392879068966,0.0343012319256388,452,231,0.120256039963236,455,234,"950"
"WIL900",0.0689628544940159,400,46,354,0.359880732782444,0.0146935005442652,418,64,0.0470941126381343,404,50,"950"
"WU-TAN-TZAO",0.139360780962534,522,170,352,0.371838743474662,0.0268715585750715,529,177,0.0910577267399423,522,170,"950"
"YE 4",0.272266670716366,693,328,365,0.30603025268806,0.0422951527532509,654,289,0.168106165504091,675,310,"950"
"YING-55",0.354035785722228,400,358,42,0.550615783657583,0.0672260218232854,398,356,0.277036941325114,407,365,"950"
"Yu796 NS",0.134044574066349,324,163,161,0.494274683218582,0.0264239743101537,332,171,0.0852039606403598,316,155,"950"
"ZS365",0.151550767061863,487,187,300,0.428563840725416,0.0326549511473736,524,224,0.10934946314074,508,208,"950"
"ZS635",0.0479037479133794,159,27,132,0.504749086387458,0.00771813918253918,151,19,0.0318651462610088,157,25,"950"
"1538",0.0980853020941248,234,96,138,0.542923712683155,0.0166675175865867,212,74,0.062470974161432,232,94,"1000"
"29MIBZ2",0.137304699265335,230,176,54,0.580892641942168,0.0250256163284252,219,165,0.0845941290597776,217,163,"1000"
"2FACC",0.178540311302287,267,234,33,0.59248805946857,0.032575507829174,258,225,0.114582392228835,272,239,"1000"
"2MA22",0.135850881033809,485,172,313,0.459608806566859,0.0248576165552995,474,161,0.0838578274329544,475,162,"1000"
"3IJI1",0.353650387224388,501,357,144,0.540061265496279,0.0663617354794713,501,357,0.208632999651259,494,350,"1000"
"4226",0.251721272887456,577,314,263,0.489691203082243,0.0487528859438806,585,322,0.184487988051528,598,335,"1000"
"4N506",0.320098117303136,535,345,190,0.521971763991828,0.0519456245996536,518,328,0.194290217743487,531,341,"1000"
"6M502",0.142846566687826,325,182,143,0.540166476309902,0.0272375951385168,323,180,0.0886138484743559,316,173,"1000"
"6M502A",0.38484844252556,602,365,237,0.500489616367986,0.0682871844225983,598,361,0.209574884880307,589,352,"1000"
"764",0.128588777609744,417,155,262,0.489737626026933,0.0240731610982738,416,154,0.0834573558468757,422,160,"1000"
"78010",0.120440715792661,383,141,242,0.499324728671723,0.0209939308356726,366,124,0.0749607913351603,374,132,"1000"
"793",0.063319325227907,318,37,281,0.481848646074755,0.0136059749372854,335,54,0.0426397795110664,323,42,"1000"
"87916W",0.175419720304134,282,230,52,0.582196333510191,0.0347121130196263,296,244,0.112207482767014,279,227,"1000"
"911",0.0694393059565514,204,48,156,0.533103968335322,0.0126902171376909,202,46,0.0451153994259744,201,45,"1000"
"912",0.0821053338354204,402,64,338,0.438121976734576,0.0149188551929577,400,62,0.0505124746688112,397,59,"1000"
"91IFC2",0.0603528091994546,104,33,71,0.571373815027239,0.0115733160111942,109,38,0.0382779549492367,104,33,"1000"
"A",0.144940071225074,407,185,222,0.505365921845987,0.025353662316436,389,167,0.0775360173988096,363,141,"1000"
"A208",0.0823879233548476,364,66,298,0.470121066093927,0.0186847149617632,400,102,0.0592057323968145,381,83,"1000"
"A239",0.0990558174878315,130,98,32,0.592580063504709,0.018412690772458,127,95,0.0559314546128158,104,72,"1000"
"A272",0.0951146821391975,423,90,333,0.441610807411419,0.0207447528851129,453,120,0.0678051192586706,449,116,"1000"
"A305",0.144055104305941,444,184,260,0.49130078417391,0.0314853818831883,480,220,0.105894265790815,472,212,"1000"
"A322",0.114308380694099,368,132,236,0.50064186832685,0.0238636318968317,388,152,0.075370870964191,370,134,"1000"
"A334",0.0908344122397333,174,80,94,0.560904599689347,0.0169054145397759,170,76,0.056577310573271,171,77,"1000"
"A340",0.09663238213277,104,93,11,0.623187689355487,0.0203404852325088,127,116,0.0636801651565023,110,99,"1000"
"A374",0.270698728300586,368,329,39,0.589374426880986,0.0432442142219406,337,298,0.162581305331577,356,317,"1000"
"A385",0.102839842679824,354,110,244,0.498509472575731,0.0235891177225682,393,149,0.074949682737777,375,131,"1000"
"A401",0.161816733457578,456,206,250,0.495888449525779,0.0304445284907954,458,208,0.106990856167214,466,216,"1000"
"A427",0.274450265419333,442,330,112,0.557166565301325,0.0457555299016824,421,309,0.169456292082605,435,323,"1000"
"A548",0.100389520308045,205,101,104,0.5584558918799,0.0172201228480681,181,77,0.061745547867342,197,93,"1000"
"A572",0.304107376245276,579,341,238,0.499925207220916,0.0546266298819593,572,334,0.188116289898094,575,337,"1000"
"A619",0.0710729495361224,359,50,309,0.462003338901138,0.0121422461375518,349,40,0.0456800152395594,356,47,"1000"
"A627",0.157505748224389,502,201,301,0.469028730823722,0.0333801133937864,534,233,0.104478847033483,510,209,"1000"
"A632",0.319978772396854,427,344,83,0.566202587977579,0.0571169761225213,426,343,0.170825583443979,407,324,"1000"
"A635",0.220309124364154,387,291,96,0.560535955237726,0.0384450289273508,366,270,0.141826112956401,381,285,"1000"
"A641",0.188071999976036,573,250,323,0.453845595076341,0.0403443064729269,603,280,0.130584616866222,587,264,"1000"
"A648",0.333335599307203,624,351,273,0.485050330740652,0.0567830797861099,615,342,0.206602962901271,621,348,"1000"
"A663",0.073216661878948,183,52,131,0.548255446445891,0.0132989448547549,181,50,0.0445337609801578,175,44,"1000"
"A672",0.238775029095935,366,306,60,0.576455744979787,0.0443788253241699,362,302,0.16116271361396,375,315,"1000"
"A674",0.0482552122554345,50,22,28,0.596739077345387,0.00828872250311169,46,18,0.0300589709502888,46,18,"1000"
"A679",0.27579417424868,560,331,229,0.50247505212461,0.0561525677240726,568,339,0.188743242124222,568,339,"1000"
"A680",0.0338852703434057,72,8,64,0.574333003981144,0.00717678023593261,74,10,0.0230228622414958,74,10,"1000"
"A682",0.302113223782703,570,339,231,0.500966463500674,0.0436895257034534,531,300,0.164037490392064,550,319,"1000"
"A71",0.123235839992755,220,144,76,0.569171078365376,0.0250215416740482,240,164,0.0813510370720599,226,150,"1000"
"A73",0.168929726626665,282,220,62,0.575592949310393,0.0333244878236212,294,232,0.107879412145661,280,218,"1000"
"A797NW",0.249925448344291,546,312,234,0.500825174965303,0.0554963066377447,570,336,0.174998910162026,560,326,"1000"
"AQA3",0.222564697741504,447,294,153,0.534872122486921,0.0415355309278188,441,288,0.134451327409806,425,272,"1000"
"AS6103",0.177630400677885,343,232,111,0.557202377551743,0.0330728390731578,342,231,0.125100867234674,369,258,"1000"
"AusTRCF 306238",0.111462735716876,480,128,352,0.407464131834785,0.0179801656729524,442,90,0.0649843696709703,456,104,"1000"
"B-18 INBR.FR.SUPERGOLD",0.157455352273852,280,200,80,0.56701524087237,0.0333977452185565,314,234,0.110347900335125,301,221,"1000"
"B-28",0.174543383734545,241,228,13,0.620002999069277,0.0370184383720961,274,261,0.115869307738984,255,242,"1000"
"B103",0.146844927881247,290,188,102,0.559320547283173,0.0242952792654088,259,157,0.0833598101747389,261,159,"1000"
"B104",0.155858309959758,370,196,174,0.527011949497078,0.0270068297711883,349,175,0.101692294805176,378,204,"1000"
"B105",0.129671979254004,337,157,180,0.524644454377542,0.0272276285353892,359,179,0.0852757024532443,347,167,"1000"
"B108",0.0678169772586777,194,45,149,0.536609869000146,0.0108144565706047,180,31,0.0400866862633275,187,38,"1000"
"B109",0.337146301939656,643,353,290,0.477637516950305,0.0704191331568707,655,365,0.222651334681457,650,360,"1000"
"B110",0.214311776931988,374,284,90,0.562466696595342,0.047540579927507,406,316,0.158457496453824,400,310,"1000"
"B111",0.094816647452648,109,89,20,0.605001568692801,0.0178441119437271,108,88,0.061309372722112,111,91,"1000"
"B115",0.142303061902314,501,181,320,0.455262015900226,0.0295103622142077,521,201,0.0970275242278908,512,192,"1000"
"B119",0.162260015764106,477,208,269,0.486506219899137,0.0338558160010847,506,237,0.106533975455398,482,213,"1000"
"B120",0.291260227754937,465,337,128,0.5489301131669,0.0556713065418668,465,337,0.206032654797479,475,347,"1000"
"B121",0.178770241466124,465,235,230,0.501661825615892,0.0359751002228616,482,252,0.113938450901332,465,235,"1000"
"B14A",0.192694637994206,484,261,223,0.505030654106598,0.0313043286528862,441,218,0.113993739997504,460,237,"1000"
"B164",0.165234175567877,232,214,18,0.611079103261193,0.0367956338974913,277,259,0.12154626809782,269,251,"1000"
"B2",0.225497476595774,492,295,197,0.517761400221072,0.0413480924171089,483,286,0.156137391146453,501,304,"1000"
"B37",0.204373036376718,496,275,221,0.50640584894519,0.0362543275200201,478,257,0.111262654216155,445,224,"1000"
"B47",0.0750716087752069,377,55,322,0.454775179679793,0.012168673074944,363,41,0.0455676806423007,368,46,"1000"
"B57",0.0617562562301785,313,34,279,0.48285761363716,0.0114382904480904,314,35,0.0383631519358939,313,34,"1000"
"B66",0.124594613743481,330,147,183,0.52440947060862,0.0223960246559539,320,137,0.0747290621712342,313,130,"1000"
"B68",0.0968264669442651,308,94,214,0.508822681066878,0.0179864233312034,305,91,0.0599423227379609,304,90,"1000"
"B73",0.191021778649111,399,257,142,0.540445248507798,0.0404120289782799,423,281,0.136981618588475,419,277,"1000"
"B75",0.202720617498125,632,273,359,0.393158420705027,0.0421222309717383,652,293,0.143472979417525,648,289,"1000"
"B76",0.234429189421144,306,301,5,0.638500351478717,0.0344892181181743,248,243,0.124042000248672,260,255,"1000"
"B77",0.102476679144071,291,107,184,0.523871243775534,0.0185591966485936,284,100,0.0569325585793284,262,78,"1000"
"B79",0.214424236294476,471,286,185,0.523593992332019,0.0406735130394523,469,284,0.153630108484716,488,303,"1000"
"B87",0.0451686451248622,64,19,45,0.587222325799762,0.0101081398059175,73,28,0.0338220205594329,68,23,"1000"
"B88",0.055716501502864,247,28,219,0.506624725266549,0.00985368561475278,244,25,0.0365889953983803,249,30,"1000"
"B91",0.13824152799373,196,177,19,0.608378978759003,0.0287509234990745,213,194,0.0995164446115082,220,201,"1000"
"B97",0.0584202937803967,355,30,325,0.45028991973072,0.0105326951923908,355,30,0.039729588007762,362,37,"1000"
"BEI 10 = NORTH 10",0.0520880371960288,207,25,182,0.524597014305811,0.0100965134383631,209,27,0.033240138393941,204,22,"1000"
"BO9",0.34770989300789,516,355,161,0.531701683644189,0.0670787041180525,520,359,0.221102160378354,520,359,"1000"
"CA-4",0.134534321030363,203,168,35,0.591274497392231,0.0273908050281476,218,183,0.0924653615260604,217,182,"1000"
"CG102",0.114105696865245,320,131,189,0.521987771274188,0.0226828481049146,330,141,0.0754244843648246,324,135,"1000"
"CH701-30",0.137182898949706,302,175,127,0.550598124934492,0.023825094213834,278,151,0.0870995855203074,297,170,"1000"
"CH711-10",0.198061787953479,605,266,339,0.436237660304528,0.0414690707603121,626,287,0.132894969129899,608,269,"1000"
"CH753-4",0.302936983117574,601,340,261,0.489839519630901,0.0433579853020566,560,299,0.16134579500512,577,316,"1000"
"CH9",0.17255834998631,445,225,220,0.50650469188953,0.0296239898933509,422,202,0.110687483936534,442,222,"1000"
"CI 40H",0.103968459714901,136,112,24,0.600787236530089,0.0178358464915597,111,87,0.0639024500103252,125,101,"1000"
"CM105",0.206196667823983,327,279,48,0.584460081600668,0.0362149206103307,304,256,0.131225767388321,315,267,"1000"
"CQ702RC",0.0555260984382113,221,27,194,0.518756625804842,0.0095467947696301,218,24,0.0339358682102004,218,24,"1000"
"CR 22 INBRED",0.236033605025265,328,302,26,0.596962700635071,0.0387977283564309,299,273,0.139262475265803,309,283,"1000"
"DE2",0.120979689263272,449,142,307,0.463126403468359,0.0254486797513104,477,170,0.0796790154436206,453,146,"1000"
"DE3",0.107710002846863,484,118,366,0.240509336040771,0.0184945242269909,464,98,0.0659870793923809,476,110,"1000"
"DE4",0.0979890488244898,313,95,218,0.506726564707511,0.0207778130104117,339,121,0.0669010924815272,330,112,"1000"
"DE811",0.065278101940824,212,41,171,0.528851009802594,0.0125956052912458,215,44,0.0385539049464322,206,35,"1000"
"DJ7",0.214344183983341,414,285,129,0.548708136008847,0.0408556369278867,414,285,0.150694275938152,428,299,"1000"
"DK3IIH6",0.145275702161417,319,186,133,0.54754165714288,0.0309847010044183,346,213,0.100276862218242,335,202,"1000"
"DK4676A",0.276621034740818,616,332,284,0.479124974116038,0.0477162131693539,601,317,0.180301787244348,615,331,"1000"
"DK78002A",0.281202041765388,355,334,21,0.604736728134331,0.0535734174041185,353,332,0.184608721289319,357,336,"1000"
"DK78010",0.0437952945152278,87,17,70,0.571604794987167,0.00784339420065115,85,15,0.0281386611529774,86,16,"1000"
"DK78371A",0.171054201818169,436,223,213,0.510320900112265,0.0387034950075911,485,272,0.130759358945078,478,265,"1000"
"DKFAPW",0.217514257442036,376,287,89,0.562539553904079,0.046950971922337,403,314,0.147238177322115,382,293,"1000"
"DKFBHJ",0.209624555756848,383,280,103,0.55857684194643,0.0415485822689828,392,289,0.143421816777872,391,288,"1000"
"DKMBNA",0.0812107425979773,229,63,166,0.530076951980218,0.0138602198407511,222,56,0.0494987320647638,223,57,"1000"
"DKPB80",0.188810080765027,303,253,50,0.58329394918662,0.0360397866307554,303,253,0.113965668610823,286,236,"1000"
"E8501",0.232602784630428,604,298,306,0.465893337499919,0.0388265500038753,580,274,0.140581024992542,590,284,"1000"
"EAST 028",0.107189602376485,151,117,34,0.591588682455981,0.0175959328268565,116,82,0.0632912140488913,131,97,"1000"
"Eng-Li Chih",0.160152205137649,212,204,8,0.627636042074482,0.0288011386407544,203,195,0.090350020050866,186,178,"1000"
"F118",0.30155182716323,376,338,38,0.589506985123663,0.0589877845532252,383,345,0.198932114686077,381,343,"1000"
"F2834T",0.08253478417476,284,67,217,0.507179361763589,0.0173529445003053,295,78,0.0553185912032006,287,70,"1000"
"FBLA",0.0680626564481197,121,46,75,0.569183594277595,0.0118342774318539,114,39,0.0421526902132984,116,41,"1000"
"FR19",0.38002722055807,729,364,365,0.325828372162578,0.065848310352821,718,353,0.241668241538492,730,365,"1000"
"H105W",0.127946715561104,340,152,188,0.522761833487994,0.0277426915324548,373,185,0.0870661959357468,357,169,"1000"
"H110",0.0823304906842916,149,65,84,0.565501095629657,0.0186262595283864,185,101,0.0593321791101551,168,84,"1000"
"H113",0.326808999869989,498,348,150,0.536275181683959,0.0662002571226404,505,355,0.219033086855686,507,357,"1000"
"H121",0.110153888522162,390,124,266,0.487533130914901,0.0185563216169863,365,99,0.0699045701470659,387,121,"1000"
"H122w",0.0639354474740474,375,38,337,0.439804094319342,0.0134339366316175,389,52,0.0420687702421762,377,40,"1000"
"H5",0.0543011363340479,165,26,139,0.542316050122183,0.0113704869728378,173,34,0.0367052955685194,170,31,"1000"
"H71",0.165972868264918,324,216,108,0.557411163766572,0.0310892581237222,323,215,0.100826580688314,311,203,"1000"
"H84",0.210847449151616,570,281,289,0.477723126089739,0.0429707712004754,585,296,0.148005091175997,585,296,"1000"
"H91",0.236211992634733,396,303,93,0.560944535887873,0.0461341861835307,404,311,0.150659045970626,391,298,"1000"
"H95",0.165193853023768,456,213,243,0.498900787920727,0.0323654944850909,467,224,0.111828017817501,469,226,"1000"
"H96",0.0769838902838258,250,57,193,0.51920102423077,0.0141136216231381,251,58,0.050944364708198,255,62,"1000"
"H99",0.13270947499018,238,160,78,0.567291656669697,0.0228482000893893,221,143,0.0809809550188149,227,149,"1000"
"HP301",0.154591827057624,317,195,122,0.553598343474901,0.0328739768500014,351,229,0.102910692535164,328,206,"1000"
"HUOBAI",0.187747995856101,584,249,335,0.44108516204291,0.0429088385866446,630,295,0.136214727750064,609,274,"1000"
"Hy",0.0789314434961369,351,59,292,0.474833824525967,0.0164780588100234,365,73,0.0517763410174115,355,63,"1000"
"I29",0.362734454192918,381,359,22,0.60470317213941,0.0663085053369058,378,356,0.20752590329903,371,349,"1000"
"Ia 453",0.185112000149214,241,239,2,0.655873176747276,0.0320834148588125,224,222,0.111184069285894,225,223,"1000"
"IA2132",0.174939003672492,243,229,14,0.614729011737121,0.0370413556817409,276,262,0.118802067818976,262,248,"1000"
"IBB15",0.0246802608795491,18,6,12,0.621503637315392,0.00431522321486927,18,6,0.0150016271931873,18,6,"1000"
"IBC2",0.135428583944832,378,171,207,0.513994706459397,0.0298818536957852,410,203,0.0982653890464147,404,197,"1000"
"ICI 193",0.109439158866109,174,123,51,0.582892599213996,0.0212651295205525,179,128,0.0773669423396744,191,140,"1000"
"ICI 740",0.163438807670678,418,210,208,0.51296901466586,0.0313599334876109,427,219,0.109622990784733,428,220,"1000"
"ICI 893",0.0910208498927396,287,81,206,0.514347696033335,0.0156109404241549,269,63,0.0562037722252675,282,76,"1000"
"ICI 986",0.182061206410141,385,237,148,0.53720934610332,0.0361598146883829,403,255,0.136820655135906,424,276,"1000"
"IDS28",0.102866331539799,141,111,30,0.595395746901074,0.015775419533807,94,64,0.0582135982963774,110,80,"1000"
"IDS69",0.0393213383630422,367,12,355,0.39852458006352,0.00749275385619278,367,12,0.025076312922468,367,12,"1000"
"IDS91",0.0828575248717217,399,68,331,0.442128596621168,0.0146341210835937,391,60,0.055250855384694,400,69,"1000"
"INB 101LFY/LFY (A632 X M16 S5)",0.371980316720082,654,361,293,0.474711722133361,0.0646063521173257,644,351,0.194618719655752,635,342,"1000"
"INBRED 141",0.237554545004509,464,305,159,0.531935515750792,0.0443599692314664,460,301,0.156337740768837,465,306,"1000"
"INBRED 2-687",0.14214055726287,454,180,274,0.485038683393002,0.0237762426091861,424,150,0.0899406159922663,451,177,"1000"
"INBRED 305",0.333402180455914,706,352,354,0.403399822394283,0.0540689645018454,687,333,0.201363759300068,699,345,"1000"
"INBRED 321",0.110624899039687,444,126,318,0.456457939156798,0.0253606521979907,486,168,0.0806426620421308,466,148,"1000"
"K150",0.11049217410851,165,125,40,0.588692918039404,0.0210389986205435,165,125,0.0725317371888077,167,127,"1000"
"K41",0.240343806969862,533,307,226,0.503736427606938,0.040630335115295,509,283,0.138467034681199,507,281,"1000"
"K47",0.126681576773852,442,151,291,0.47522922017982,0.0217476147098156,425,134,0.0776507615411437,433,142,"1000"
"KUNG-70",0.0659136677671133,362,43,319,0.455343678590126,0.0122092559897903,362,43,0.0459446679899735,367,48,"1000"
"L 127",0.16587064795638,442,215,227,0.503205803949309,0.0300749132019464,432,205,0.11290568768386,455,228,"1000"
"L 139",0.0885805685461793,164,76,88,0.562906352092419,0.0158519612627321,155,67,0.0561312752277634,162,74,"1000"
"L 289",0.143756787168757,299,183,116,0.555617543881677,0.0290464809559792,314,198,0.0926837496752322,299,183,"1000"
"LH1",0.0965139248540104,360,92,268,0.48692790727487,0.0205381385987371,385,117,0.0642969105329255,370,102,"1000"
"LH119",0.128089554082838,252,153,99,0.560044508090453,0.028373088703922,289,190,0.0906589967584596,279,180,"1000"
"LH128",0.059553460707945,212,31,181,0.524631500184277,0.0110511078552733,213,32,0.0370329920481886,213,32,"1000"
"LH143 (Maintainer)",0.32544179271535,354,347,7,0.629012918580187,0.0653616737143736,359,352,0.20973781762428,360,353,"1000"
"LH146Ht",0.173101373420612,336,227,109,0.557250685666632,0.0325869574573257,335,226,0.113512362058359,339,230,"1000"
"LH149",0.148820538112187,267,190,77,0.567625787776976,0.0274800225498377,261,184,0.0833445804584479,235,158,"1000"
"LH165",0.0629181694683034,275,36,239,0.499690069000972,0.0121711137520257,281,42,0.0401336528889259,278,39,"1000"
"LH166",0.250567172884216,578,313,265,0.487605347673983,0.0501875670041595,589,324,0.176267553343448,592,327,"1000"
"LH181",0.136211240405971,502,174,328,0.44905194032612,0.0282719530810607,516,188,0.089835152688831,504,176,"1000"
"LH184",0.279004975845266,396,333,63,0.574837164746373,0.0554654144903841,398,335,0.17819025649995,392,329,"1000"
"LH190",0.121387567609067,348,143,205,0.514628841082242,0.0225561381106553,344,139,0.0784940062737881,349,144,"1000"
"LH192",0.23016276681956,532,297,235,0.500821815368578,0.048134056982408,555,320,0.152508711582539,536,301,"1000"
"LH194",0.33211101031757,679,350,329,0.448078460689976,0.0610154600413653,677,348,0.183605546580755,663,334,"1000"
"LH195",0.205901541615503,395,277,118,0.555344936472417,0.0371003746939081,382,264,0.137571776243071,398,280,"1000"
"LH197",0.112388310238621,236,129,107,0.557554033143895,0.0227956401961943,249,142,0.0781657629246199,250,143,"1000"
"LH198",0.163580859395323,228,211,17,0.611592583585214,0.02946386385442,217,200,0.105421507414971,228,211,"1000"
"LH202",0.110891562984655,263,127,136,0.543019449940984,0.0229675645440781,280,144,0.072754522201521,264,128,"1000"
"LH204",0.212920203319285,498,282,216,0.507203764588214,0.0416769090900967,506,290,0.144467177920296,506,290,"1000"
"LH205",0.108303136485407,469,119,350,0.415199668034929,0.0207331954369045,469,119,0.065503060565793,457,107,"1000"
"LH206",0.0410404612640485,100,13,87,0.562994654111507,0.00737038201329137,98,11,0.0260742209028832,101,14,"1000"
"LH208",0.162712044474159,332,209,123,0.553364018670537,0.0253300671261877,289,166,0.0940854887171334,309,186,"1000"
"LH209",0.133874520762993,221,165,56,0.57894306204377,0.0245358559993083,215,159,0.0827049883008245,210,154,"1000"
"LH214",0.130744075275169,469,158,311,0.459951717145286,0.0242470626218333,467,156,0.0906598741967736,492,181,"1000"
"LH215",0.186587032690852,527,244,283,0.480062987054761,0.0369169460950119,543,260,0.128468053514889,544,261,"1000"
"LH222",0.0866012688442034,126,71,55,0.580269906627284,0.0183769379587099,149,94,0.0590387378014289,137,82,"1000"
"LH223",0.132781507544241,329,161,168,0.529145275584662,0.0279754432688639,354,186,0.0875748861906914,340,172,"1000"
"LH224",0.232850453777201,595,299,296,0.470885581948173,0.0504584510715322,621,325,0.158339635855887,605,309,"1000"
"LH295",0.0865838223920507,270,70,200,0.516482990062144,0.0136536477316465,255,55,0.0508057581889604,260,60,"1000"
"LH60",0.0891130060470139,357,77,280,0.482792298725829,0.0190544066081952,383,103,0.0615444283097606,372,92,"1000"
"LH74",0.0471398647374701,68,21,47,0.585153461769163,0.00947668395144136,70,23,0.032579775088505,68,21,"1000"
"LH82",0.145638597678584,356,187,169,0.52903836502287,0.0289766247148786,365,196,0.096786723258498,360,191,"1000"
"LH93",0.0931382686498107,424,82,342,0.429801875726532,0.0198806302533452,455,113,0.0672494663603962,457,115,"1000"
"LIBC 4",0.098940133911208,138,97,41,0.588506067784954,0.0208675744401961,163,122,0.0653191951890546,147,106,"1000"
"LP1 NR HT",0.198339061621447,277,267,10,0.626318876851932,0.039417607681455,288,278,0.149149784513061,307,297,"1000"
"LP5",0.167589224540449,411,219,192,0.519981618724468,0.0284172117118924,383,191,0.0978784046346327,388,196,"1000"
"M14",0.0746560867428552,330,53,277,0.483178307820443,0.013011922461807,325,48,0.0491004421565948,333,56,"1000"
"MBPM",0.0619290395701264,236,35,201,0.516427585530047,0.00934518357655768,222,21,0.0352092081516504,228,27,"1000"
"MBWZ",0.260360483340411,535,320,215,0.508438523188698,0.0501297678161576,538,323,0.188349790477517,553,338,"1000"
"MM501D",0.0938952702066047,423,83,340,0.433731291081231,0.0179549239244523,429,89,0.066978892059136,453,113,"1000"
"Mo17",0.0644443188129599,164,39,125,0.551623026851991,0.0112594969684945,158,33,0.0391699979184875,161,36,"1000"
"Mo1W",0.150791582225172,404,192,212,0.511045861032475,0.0256885662197363,384,172,0.0951652103385962,399,187,"1000"
"Mo46",0.186685168408984,589,246,343,0.429788486498324,0.0339270658934239,583,240,0.12218910944446,595,252,"1000"
"Mo47",0.100226691254532,191,100,91,0.562085937830951,0.0209518966872672,214,123,0.0657381909681657,200,109,"1000"
"Mo5",0.203443486300564,366,274,92,0.562030749695255,0.0338960874840773,331,239,0.125954420791923,351,259,"1000"
"MQ305",0.0415923418098075,316,14,302,0.467600620057553,0.00793624647403893,319,17,0.0260056921573947,315,13,"1000"
"MS116",0.125829381539464,474,150,324,0.4528797110847,0.0215254201926565,453,129,0.0793982527037001,469,145,"1000"
"MS132",0.220057782135709,514,290,224,0.504921904128248,0.030194503114737,430,206,0.113885051976784,458,234,"1000"
"MS200",0.0898221628246973,327,78,249,0.496003572949275,0.0158517911405799,315,66,0.0598487971976021,338,89,"1000"
"MS211",0.1762021729568,459,231,228,0.502822882982556,0.0307687980058007,439,211,0.111479344734469,453,225,"1000"
"MS221",0.105819920304188,151,115,36,0.590858073236291,0.018162218346169,128,92,0.0657022729167062,144,108,"1000"
"MS224",0.118945416287645,203,138,65,0.57391403045032,0.0226427424804311,205,140,0.0762393451004573,203,138,"1000"
"MS225",0.189179508840999,400,255,145,0.539479595667532,0.036056370483232,399,254,0.13119476563619,411,266,"1000"
"MS226",0.172895575366441,520,226,294,0.474166427703433,0.0308915924291796,506,212,0.113130879995167,523,229,"1000"
"MS24A",0.0434262383642587,361,15,346,0.427517126286313,0.00787018554342427,362,16,0.029342228706847,363,17,"1000"
"MS67",0.134433476632507,529,167,362,0.380533814733622,0.0233959609914791,509,147,0.0852286996351804,528,166,"1000"
"MS71",0.243603006661388,438,308,130,0.548346149643315,0.0518218892229075,457,327,0.171353142528835,455,325,"1000"
"MS72",0.170532239593158,336,222,114,0.556369143604619,0.0289888423615618,311,197,0.107721521439291,331,217,"1000"
"N192",0.367655515472831,383,360,23,0.602994661361484,0.0605056310667893,370,347,0.220922504392048,381,358,"1000"
"N193",0.049610822850376,271,24,247,0.496379037898183,0.009221521163616,266,19,0.0316032111130979,267,20,"1000"
"N200",0.135139584065119,502,170,332,0.442016248389498,0.0259477923453378,505,173,0.0905246051588455,511,179,"1000"
"N201",0.102668443927955,137,108,29,0.59555054893971,0.0190572488804957,133,104,0.0638538975597528,129,100,"1000"
"N209",0.124908007525545,458,148,310,0.461738011059505,0.0215637899691681,440,130,0.0760718634111654,446,136,"1000"
"N211",0.255783498978218,484,317,167,0.529364934320519,0.0533656337197815,497,330,0.168069797512305,488,321,"1000"
"N217",0.237254398976051,376,304,72,0.571268078975424,0.0506463118061643,398,326,0.158596171169405,383,311,"1000"
"N218",0.270595882239679,673,328,345,0.427721743680644,0.0566360016156555,686,341,0.177568670504463,673,328,"1000"
"N28Ht",0.124224066311617,370,145,225,0.504366208907758,0.0248768352458839,387,162,0.0829723910786238,381,156,"1000"
"N501",0.0943210719605562,413,87,326,0.45001281643733,0.0212233768820212,453,127,0.0671257835016727,440,114,"1000"
"N523",0.131651554284811,165,159,6,0.63393402936718,0.0247171397535531,166,160,0.082414229689943,158,152,"1000"
"N527",0.133054415084311,237,163,74,0.569624698318172,0.027131626571764,251,177,0.0872954951509925,245,171,"1000"
"N534",0.0876424138611574,179,74,105,0.558385631585625,0.0198520864281427,217,112,0.0632264251235681,201,96,"1000"
"N542",0.378133335943951,608,362,246,0.497008478046222,0.0576680450887535,590,344,0.212089170699568,601,355,"1000"
"N6",0.102147254717668,245,105,140,0.541985294006112,0.0196652280565746,250,110,0.066679185562559,251,111,"1000"
"NC250",0.234193491897459,636,300,336,0.440592276168282,0.0425195268604774,630,294,0.152292054133631,636,300,"1000"
"NC262",0.133940760285536,370,166,204,0.514640147372258,0.0243585862717456,362,158,0.0824355029185922,357,153,"1000"
"NC294",0.0790056771348299,184,60,124,0.551776948590692,0.0148504992561375,185,61,0.0533489931695024,191,67,"1000"
"NC310",0.188344908735111,321,252,69,0.571643785416778,0.0285979516506263,261,192,0.106972339233882,284,215,"1000"
"NC326",0.21834302490464,499,288,211,0.511385772614779,0.0456519024264612,519,308,0.143217454779327,497,286,"1000"
"NC328",0.22110883252874,563,292,271,0.485666759454571,0.0420032256164005,563,292,0.137229279177217,549,278,"1000"
"NC342",0.166147288975003,468,217,251,0.495201756082417,0.0282407385483341,438,187,0.104959247625869,461,210,"1000"
"NC412",0.15025464504916,463,191,272,0.485209324183102,0.0303148884069319,479,207,0.0967579205090395,462,190,"1000"
"ND259",0.12821109836642,514,154,360,0.385825641517771,0.0239068735419695,513,153,0.0797220372851951,507,147,"1000"
"ND265",0.324857938849032,556,346,210,0.511506116525246,0.06587001335913,564,354,0.203576235336749,556,346,"1000"
"NK740",0.315993730576243,629,342,287,0.478010306139008,0.0689412548719711,651,364,0.225377149415324,648,361,"1000"
"NK778",0.124262160308878,391,146,245,0.498067386688421,0.0211683187084938,371,126,0.0749912499371114,378,133,"1000"
"NK807",0.106843742212008,288,116,172,0.528082966500334,0.0224652941176704,310,138,0.0716202722148142,296,124,"1000"
"NKS8326",0.202293005893958,569,272,297,0.470843392116076,0.0379974709323377,565,268,0.114027667337666,535,238,"1000"
"NORTH 7",0.151895416577728,498,193,305,0.466275877756583,0.0261032205296839,479,174,0.0959154746639789,494,189,"1000"
"NQ508",0.188289167180317,324,251,73,0.569812933038451,0.0338869907428853,311,238,0.115562306398415,314,241,"1000"
"NS501",0.0577156527877042,270,29,241,0.499440349617355,0.0099004731297653,267,26,0.0357133179121561,270,29,"1000"
"NS701",0.262364688413135,650,323,327,0.449812779842851,0.0602611984747238,673,346,0.191574497010768,667,340,"1000"
"NY6371",0.195492070003666,383,263,120,0.553993519247075,0.033508511792031,355,235,0.11356181941119,352,232,"1000"
"Ny821",0.0692128342654199,126,47,79,0.567199793362589,0.0140476979943833,136,57,0.0481590877765098,133,54,"1000"
"OH33",0.261347115254945,486,321,165,0.530342095838346,0.0459290708718782,475,310,0.158783023098794,477,312,"1000"
"Oh40B",0.222399768280952,375,293,82,0.566403280779108,0.0470087904924385,397,315,0.152929211255631,384,302,"1000"
"Oh43",0.183429064187063,495,238,257,0.492726767511108,0.0378078496648719,524,267,0.118701301781733,504,247,"1000"
"Oh7",0.0343741726446499,343,9,334,0.441249408840696,0.0058431206170541,342,8,0.0219096691466202,343,9,"1000"
"OQ403",0.189423983251516,366,256,110,0.55724443533842,0.0282790034918082,299,189,0.106684124313486,324,214,"1000"
"OQ603",0.090271614993486,106,79,27,0.596818122774101,0.0190977688086083,132,105,0.0597741626706427,115,88,"1000"
"Os420",0.159418908186797,218,203,15,0.612967582948528,0.0305365730376109,224,209,0.104305184448836,223,208,"1000"
"OS602",0.353510536506825,604,356,248,0.496296763760915,0.0633148856744034,598,350,0.231731322218959,612,364,"1000"
"Pa392",0.229896340070079,454,296,158,0.532199957399954,0.0477518060065373,476,318,0.163536630808307,476,318,"1000"
"Pa405",0.112749494386958,362,130,232,0.500961278296165,0.0200014104443584,347,115,0.0687262362350762,350,118,"1000"
"Pa875",0.406302672895344,472,366,106,0.557924432091424,0.0748930864162801,472,366,0.281811077777428,472,366,"1000"
"Pa880",0.0105304171603463,5,1,4,0.647681243061567,0.00234757275233465,5,1,0.00775871719117387,5,1,"1000"
"Pa91",0.0875860046021366,230,73,157,0.532456691509139,0.0184407378718912,253,96,0.0594610281144366,243,86,"1000"
"PH207",0.0654829952568708,137,42,95,0.560538241546014,0.0126228151237519,140,45,0.0477299445534669,147,52,"1000"
"PHB09",0.17018185154434,336,221,115,0.55597721252147,0.0356585709928232,365,250,0.118261330599491,361,246,"1000"
"PHB47",0.178846921722668,349,236,113,0.556735995834401,0.0375898436356959,379,266,0.117707647746928,358,245,"1000"
"PHBA6",0.035170931529781,111,10,101,0.559745093051676,0.00782679479032287,115,14,0.0249908626362018,112,11,"1000"
"PHBB3",0.164997584261913,347,212,135,0.544551549092193,0.0309855562242427,349,214,0.0983244780736308,333,198,"1000"
"PHEG9",0.118521108093691,195,137,58,0.577399444234845,0.024200983625039,213,155,0.0828059249400916,213,155,"1000"
"PHG29",0.25198051673818,662,315,347,0.426333636197294,0.0479132364121776,666,319,0.156303924999183,652,305,"1000"
"PHG47",0.0998514272540157,455,99,356,0.39775030067714,0.0178348085566644,442,86,0.0531154927655744,422,66,"1000"
"PHG71",0.0794752346423221,86,61,25,0.600655665645864,0.0167653241761122,100,75,0.0524778610195002,89,64,"1000"
"PHG80",0.0482951361137251,185,23,162,0.531526264416818,0.00923181586210971,182,20,0.0341971888759859,188,26,"1000"
"PHG83",0.142034625879256,325,179,146,0.538851685538967,0.0292009127624833,345,199,0.109459166128275,365,219,"1000"
"PHG86",0.266823883383396,441,324,117,0.555350869297349,0.0560542424790803,455,338,0.180716626811455,449,332,"1000"
"PHH93",0.200176675655623,564,269,295,0.473674532526646,0.0419543063566575,586,291,0.158301168614884,603,308,"1000"
"PHHH9",0.101569850437198,344,104,240,0.49963001325214,0.0176976694410786,324,84,0.0644236397755101,343,103,"1000"
"PHHV4",0.136009674507974,350,173,177,0.526609094606167,0.0216023826847945,308,131,0.0815231904149175,328,151,"1000"
"PHJ70",0.378821409956398,726,363,363,0.361275877965789,0.067374435448299,723,360,0.208796041048576,714,351,"1000"
"PHJ89",0.186662643087718,575,245,330,0.444984769067791,0.0363234520597984,588,258,0.137388854853349,609,279,"1000"
"PHJ90",0.18636177596995,397,242,155,0.533825002624314,0.0327346804308699,382,227,0.0978672443984763,350,195,"1000"
"PHJR5",0.282548430504643,403,335,68,0.57243395241301,0.0531114107446367,397,329,0.198973055987342,412,344,"1000"
"PHK35",0.10844029583143,322,120,202,0.516131139485414,0.0184542495520903,299,97,0.0696996770349978,322,120,"1000"
"PHK42",0.0943867269901868,147,88,59,0.57680832764544,0.0160376601833035,128,69,0.059644898581435,146,87,"1000"
"PHK56",0.101470265968931,387,102,285,0.478868155588755,0.0176318647355685,368,83,0.0530011616716639,350,65,"1000"
"PHK74",0.248198972246556,486,310,176,0.52665992228935,0.0453068674081155,480,304,0.159225151824284,489,313,"1000"
"PHKE6",0.0880554148768867,333,75,258,0.492036470667677,0.0160880601006154,328,70,0.0508845113642074,319,61,"1000"
"PHM10",0.0438963190241009,282,18,264,0.487642379499198,0.00936790965530488,286,22,0.0302182440511124,283,19,"1000"
"PHN11",0.0181201918829672,162,2,160,0.53173385556907,0.00369669437054165,163,3,0.0120045726133731,162,2,"1000"
"PHN29",0.116370056837016,308,133,175,0.526854999082463,0.0196618719141937,284,109,0.0678233770865234,292,117,"1000"
"PHN66",0.159146808315477,288,202,86,0.565165246193352,0.0272882769571582,268,182,0.0928839297040132,270,184,"1000"
"PHN82",0.132824003909413,438,162,276,0.483848783882905,0.0286520110893712,469,193,0.0930609478337743,461,185,"1000"
"PHP02",0.186395446001266,476,243,233,0.500927741504191,0.0336076501387681,469,236,0.120191433903877,482,249,"1000"
"PHP55",0.254371812760543,373,316,57,0.578778581097906,0.0453394634132383,362,305,0.135571649871301,330,273,"1000"
"PHP76",0.199237780707849,349,268,81,0.566732240676902,0.0381329909710542,350,269,0.115146025396981,321,240,"1000"
"PHP85",0.101479648667247,417,103,314,0.459120758699159,0.0216641069371616,447,133,0.0717902895374538,440,126,"1000"
"PHPR5",0.0390625612375885,206,11,195,0.518686650221456,0.00547495754918189,202,7,0.0205507253044944,202,7,"1000"
"PHR03",0.0650117773379672,384,40,344,0.428394310875152,0.0145477659435089,403,59,0.0459534884946042,393,49,"1000"
"PHR30",0.157159915606264,457,198,259,0.49157053584994,0.0312825864623172,476,217,0.104272000689195,466,207,"1000"
"PHR31",0.0747942069158077,139,54,85,0.565197232670567,0.0157758531284109,150,65,0.0504377088222871,143,58,"1000"
"PHR36",0.104352925716055,434,113,321,0.4549026469498,0.015853876199361,389,68,0.0559688055637647,394,73,"1000"
"PHR47",0.218542118200866,488,289,199,0.516851745840202,0.0328575680685861,427,228,0.12417349083435,455,256,"1000"
"PHR63",0.171116454896444,494,224,270,0.486408051059427,0.0230053429173979,415,145,0.0868255578872296,438,168,"1000"
"PHT10",0.197514881546734,568,265,303,0.466457968678186,0.0352817034849604,551,248,0.133507246052574,574,271,"1000"
"PHT47",0.20222390400982,586,271,315,0.458367905608066,0.0392273897394593,590,275,0.136379630181517,590,275,"1000"
"PHT55",0.0220098972676787,346,5,341,0.431833245743724,0.00384031338447234,345,4,0.014497134940155,345,4,"1000"
"PHTM9",0.204727088399793,417,276,141,0.541626876135896,0.0349604200196738,388,247,0.131951406711049,409,268,"1000"
"PHV37",0.15596618746298,360,197,163,0.531384415188092,0.0271303146923472,339,176,0.0988618491170798,363,200,"1000"
"PHV57",0.147308061126412,289,189,100,0.560040027641544,0.0307484863777729,310,210,0.0970800202790192,294,194,"1000"
"PHV63",0.10929952208261,243,122,121,0.553913285437978,0.0195854455720028,229,108,0.0582457229656968,202,81,"1000"
"PHVA9",0.04634230694997,229,20,209,0.512954851796353,0.0103345845163853,238,29,0.0341610074821251,234,25,"1000"
"PHVJ4",0.259435977482695,483,319,164,0.531384293178904,0.0533811662545291,495,331,0.182305873096839,497,333,"1000"
"PHW03",0.0215676588132993,20,4,16,0.611809733080441,0.00428341079487526,21,5,0.0147800170191687,21,5,"1000"
"PHW17",0.102671033900343,397,109,288,0.477918641636302,0.0174309572120553,367,79,0.0652184631041219,393,105,"1000"
"PHW20",0.317399773942196,595,343,252,0.495037256437315,0.0668844364821091,610,358,0.213664188302945,608,356,"1000"
"PHW30",0.187209693667675,501,248,253,0.494613162812722,0.034869021252327,499,246,0.130525856155467,516,263,"1000"
"PHW43",0.0775884344404072,237,58,179,0.5256693056223,0.017713377157566,264,85,0.0562022692164507,254,75,"1000"
"PHW52",0.0834947367646395,206,69,137,0.542978704433669,0.0174501851450332,217,80,0.0552350141035593,205,68,"1000"
"PHW53",0.192190350501681,527,260,267,0.487164278166938,0.0374858071555953,532,265,0.122350025197109,520,253,"1000"
"PHW80",0.15435096511823,543,194,349,0.416793830718791,0.0342648701839221,591,242,0.113560991598592,580,231,"1000"
"PHWG5",0.120058831630163,313,140,173,0.528024670880856,0.0222566213246526,308,135,0.0835775912248056,334,161,"1000"
"PHZ51",0.0941946324243754,289,86,203,0.5147518021028,0.0198333200155004,314,111,0.0633122328894977,301,98,"1000"
"Q381",0.247344135524394,353,309,44,0.58751886386644,0.0461755583946121,356,312,0.146085386719213,335,291,"1000"
"R168",0.205939622279344,465,278,187,0.523136232702638,0.032972658627559,417,230,0.122910797495513,441,254,"1000"
"R177",0.197077553934753,621,264,357,0.396353284674348,0.0339315811137314,598,241,0.124502194093928,614,257,"1000"
"R181B",0.269215310671665,336,327,9,0.6273833142777,0.0484424736922861,330,321,0.147869517190595,303,294,"1000"
"R226",0.0700064637668772,168,49,119,0.555241770094514,0.011553678341764,156,37,0.0433344831373596,162,43,"1000"
"R229",0.109165909639727,396,121,275,0.484727994524487,0.019485157612557,382,107,0.0700173686311966,397,122,"1000"
"R71",0.102266285841967,109,106,3,0.653552121591105,0.0192388139431732,109,106,0.0728077502204715,132,129,"1000"
"R78",0.213110106742878,474,283,191,0.521823800329048,0.0404466592199823,473,282,0.146133992297875,483,292,"1000"
"SD101",0.16736505533809,261,218,43,0.587893365866855,0.0256683435140865,214,171,0.0970430652843082,236,193,"1000"
"SD102",0.116967350329068,166,135,31,0.592905229268122,0.0254337804791667,200,169,0.0829922229091822,188,157,"1000"
"SD107",0.343327144850781,488,354,134,0.545743374938987,0.0686107853976832,496,362,0.23104008921454,496,362,"1000"
"SD40",0.257304869750441,472,318,154,0.534670488485446,0.0451520684828786,457,303,0.138649251742106,436,282,"1000"
"SD44",0.267523957371751,386,325,61,0.576369321262413,0.0430809734137031,358,297,0.157824233390551,368,307,"1000"
"SG 30A",0.0304905502835417,262,7,255,0.492929008385785,0.00654649405215692,264,9,0.021201373081045,263,8,"1000"
"T242",0.0940585262258038,183,85,98,0.560072485058283,0.0161329900768531,170,72,0.0593714333230031,183,85,"1000"
"Tr",0.249718574170503,463,311,152,0.535003315810797,0.0565500038530974,492,340,0.180110960143463,482,330,"1000"
"TZU-CHIAO-HSI-WU 105",0.18698513170729,296,247,49,0.584346348167094,0.035578029587952,298,249,0.133263270669625,319,270,"1000"
"Va26",0.162195255655034,515,207,308,0.463099663844016,0.0323002271827863,531,223,0.0985866570681474,507,199,"1000"
"Va35",0.117021501529478,414,136,278,0.482906438043438,0.0230543254069599,424,146,0.0715438485950562,401,123,"1000"
"Va52",0.116454231523981,171,134,37,0.590135233126183,0.0216157016684881,169,132,0.0762244515508611,174,137,"1000"
"Va99",0.140956615468148,275,178,97,0.56016071596193,0.0248922591178693,260,163,0.0895640565862903,272,175,"1000"
"W182E",0.0798588620482989,361,62,299,0.469926312696579,0.016124066950378,370,71,0.0553621364915538,370,71,"1000"
"W22",0.0953440193179728,287,91,196,0.518304742430428,0.0174998368985573,277,81,0.0577597842434518,275,79,"1000"
"W23",0.287110485187162,468,336,132,0.548151786443369,0.0464712167613742,445,313,0.168590141578536,454,322,"1000"
"W24",0.201313615347767,456,270,186,0.523431883171399,0.0392472917399692,462,276,0.147946435888491,481,295,"1000"
"W32",0.186130590923287,527,241,286,0.478520313210652,0.0320394305501412,507,221,0.116692386224663,530,244,"1000"
"W37A",0.194808040799842,623,262,361,0.385548733731306,0.0386433193297281,632,271,0.143384388536157,648,287,"1000"
"W552",0.073216053109973,404,51,353,0.404579651695953,0.0132996629005659,404,51,0.0482998514188101,408,55,"1000"
"W603S",0.0198201675067364,319,3,316,0.457366203654398,0.00349918250098671,318,2,0.0126438354493645,319,3,"1000"
"W604S",0.189011671999978,452,254,198,0.516973543539701,0.0370976255108708,461,263,0.121267553279795,448,250,"1000"
"W605S",0.0597460828323913,78,32,46,0.585158987148828,0.0115008403687201,82,36,0.0355061562538031,74,28,"1000"
"W607S",0.128718158380271,468,156,312,0.459641440271822,0.0272565627852459,493,181,0.0847312883599051,476,164,"1000"
"W610S",0.0677888488262643,392,44,348,0.417203436016969,0.0135774785263967,401,53,0.0467292873963637,398,50,"1000"
"W611S",0.135049832210186,486,169,317,0.457080299177257,0.0235374406033308,465,148,0.088849015281749,491,174,"1000"
"W612S",0.362184275290848,662,358,304,0.466310612195648,0.0687069188537134,667,363,0.211538698110996,658,354,"1000"
"W614S",0.104476131002666,181,114,67,0.572737220536752,0.0206916564494265,185,118,0.0717409919828534,192,125,"1000"
"W64A",0.119272867841594,317,139,178,0.52617859881692,0.018210072677255,271,93,0.0688009838125156,297,119,"1000"
"W701BC",0.0939176762724415,85,84,1,0.660759055188746,0.0127176034311248,48,47,0.0480044902010126,54,53,"1000"
"W803G",0.177798528175428,515,233,282,0.481723465153602,0.0357300358815951,533,251,0.116478032051182,525,243,"1000"
"W809G",0.191942852165633,325,259,66,0.572909454645794,0.0393148511891475,343,277,0.129699722865678,328,262,"1000"
"W810G",0.125428080152291,191,149,42,0.588126747003896,0.0223739707832595,178,136,0.0773359375851481,181,139,"1000"
"W811G",0.0435115322321026,272,16,256,0.492889973569244,0.00750664059959408,269,13,0.0274267671872351,271,15,"1000"
"W813G",0.262182841828199,448,322,126,0.55059861494948,0.0455206676503704,432,306,0.167342181833725,446,320,"1000"
"W8304",0.157223459297671,350,199,151,0.535212803890663,0.0300617414099124,355,204,0.0957320491759843,339,188,"1000"
"W9",0.191840743406433,512,258,254,0.493506833260622,0.0347509285786793,499,245,0.113741077475796,487,233,"1000"
"WIL900",0.0873631390176713,430,72,358,0.393684653617318,0.0198946454831782,472,114,0.0631013344727897,453,95,"1000"
"WU-TAN-TZAO",0.133295289096629,515,164,351,0.414182458718005,0.0272259395148741,529,178,0.08518053157175,516,165,"1000"
"YE 4",0.268442146259582,690,326,364,0.357544770794902,0.0456261710794237,671,307,0.159859743389925,678,314,"1000"
"YING-55",0.328125305850281,402,349,53,0.581601652473006,0.0612291114463863,402,349,0.231273235410234,416,363,"1000"
"Yu796 NS",0.161804882747597,375,205,170,0.528893688751847,0.0311971241592673,386,216,0.102791341490789,375,205,"1000"
"ZS365",0.185466275026338,540,240,300,0.469486739748182,0.0400146812639814,579,279,0.12842019118415,560,260,"1000"
"ZS635",0.0757899282503417,203,56,147,0.538635303500876,0.0130396256173248,196,49,0.0474527005216112,198,51,"1000"
"1538",0.109227991828705,254,124,130,0.580396360386283,0.0192349988776369,238,108,0.0715483232384501,247,117,"1050"
"29MIBZ2",0.130589042868331,220,159,61,0.608063222521328,0.0263621516839593,232,171,0.0863771583071543,216,155,"1050"
"2FACC",0.17366342970088,266,228,38,0.625013990365662,0.0327605325319642,265,227,0.112833914688918,264,226,"1050"
"2MA22",0.167878845284583,546,220,326,0.488236734352407,0.0332344029296142,557,231,0.109774375491895,545,219,"1050"
"3IJI1",0.344835896353212,497,354,143,0.574463660627502,0.0642014529038112,498,355,0.206433930746539,493,350,"1050"
"4226",0.208627261449596,569,280,289,0.510652715511035,0.0403537755646495,570,281,0.151359072716197,586,297,"1050"
"4N506",0.345549238532782,534,355,179,0.560730897187938,0.0548077942372346,515,336,0.200410557787354,524,345,"1050"
"6M502",0.133119164760979,310,168,142,0.574622827765072,0.0251852330427957,305,163,0.0886535653210273,305,163,"1050"
"6M502A",0.398686322989244,599,365,234,0.537296632363976,0.0701445499829021,595,361,0.225648150319792,594,360,"1050"
"764",0.141386140851719,456,185,271,0.520938558188444,0.0261701635200551,440,169,0.0944774646130378,458,187,"1050"
"78010",0.135880433066399,414,175,239,0.534232446868883,0.0239744810459927,386,147,0.0877646934445025,399,160,"1050"
"793",0.0496091123692199,334,26,308,0.500711195124699,0.0116341636346767,343,35,0.0372741596198349,339,31,"1050"
"87916W",0.168679019143929,255,222,33,0.626093302904546,0.0338052307299957,273,240,0.112224587123376,257,224,"1050"
"911",0.0494891199608054,216,24,192,0.556528468318866,0.00856981387673748,211,19,0.0319476775258154,214,22,"1050"
"912",0.0733781253480996,388,49,339,0.472184921598652,0.0158602543626126,405,66,0.0511665574041397,393,54,"1050"
"91IFC2",0.0658857698117379,119,42,77,0.602536165001824,0.0140812625981932,126,49,0.0455054477172682,122,45,"1050"
"A",0.110513281770737,325,128,197,0.554574115511658,0.0185720013538031,294,97,0.0619955589735425,289,92,"1050"
"A208",0.0794840298293406,365,58,307,0.50289799783574,0.018809331277066,409,102,0.0602423706085366,393,86,"1050"
"A239",0.0762845804809471,95,55,40,0.624232922512607,0.0158737570613664,107,67,0.0502381568239585,89,49,"1050"
"A272",0.085277316239538,401,71,330,0.483464348491101,0.0176432066791598,419,89,0.0599133599782004,413,83,"1050"
"A305",0.136499149147549,461,176,285,0.514238635125503,0.0277184757611788,475,190,0.0981750933301248,481,196,"1050"
"A322",0.104679793459882,354,114,240,0.533328316756907,0.0220563417562733,366,126,0.0721902542696765,361,121,"1050"
"A334",0.0954718431984991,226,92,134,0.578943321742284,0.0216704919875244,257,123,0.0695553263844856,245,111,"1050"
"A340",0.100221321165184,112,103,9,0.658222865287495,0.0223630883752157,137,128,0.071943037182244,128,119,"1050"
"A374",0.269813178397764,374,329,45,0.619795251898224,0.0421246833356217,339,294,0.157654550841318,354,309,"1050"
"A385",0.109551779729926,383,126,257,0.527254135226604,0.0251421407550736,419,162,0.0806392291390428,400,143,"1050"
"A401",0.154815803587307,402,200,202,0.552814430089766,0.0302433549255957,409,207,0.109384199832507,420,218,"1050"
"A427",0.282265535485025,427,334,93,0.595310469264096,0.0479180377150749,409,316,0.172092269395653,418,325,"1050"
"A548",0.0871320871137113,211,75,136,0.577910393790977,0.016649170928742,212,76,0.0568730822379082,209,73,"1050"
"A572",0.365711603228522,639,359,280,0.516051604471218,0.0719013161247424,643,363,0.237277800894958,641,361,"1050"
"A619",0.0157797822218282,324,4,320,0.491920251540148,0.0031302377101713,324,4,0.010329215075311,324,4,"1050"
"A627",0.158777203317514,518,206,312,0.497457343354602,0.0342138088476659,557,245,0.110918285335271,534,222,"1050"
"A632",0.325650709804208,406,350,56,0.609696107774469,0.057417964641371,398,342,0.182062202361561,392,336,"1050"
"A635",0.20461200360354,387,275,112,0.589007646540598,0.0390692460466323,390,278,0.133921574645027,388,276,"1050"
"A641",0.178517185639197,566,235,331,0.483038354446986,0.0370897861561569,599,268,0.126951641647725,593,262,"1050"
"A648",0.343262670715846,621,353,268,0.523113997527343,0.0597454590947072,613,345,0.21549105965044,623,355,"1050"
"A663",0.0813720776646163,182,60,122,0.585003473612884,0.0165737234844788,197,75,0.05397391472823,183,61,"1050"
"A672",0.268041876157892,391,328,63,0.607293648873611,0.0491197569321543,383,320,0.175888735682845,390,327,"1050"
"A674",0.026358056037405,53,6,47,0.618622984261089,0.00455447813605053,53,6,0.0170202608783369,53,6,"1050"
"A679",0.300989677988933,585,344,241,0.532921635188134,0.0602357903391665,587,346,0.203664265040605,587,346,"1050"
"A680",0.0437442632482151,92,20,72,0.603390969303141,0.00927798199158767,95,23,0.0323753585546885,96,24,"1050"
"A682",0.29967165851174,566,343,223,0.543167505390174,0.0449275213552673,529,306,0.162478367235174,536,313,"1050"
"A71",0.113220658198043,238,131,107,0.590608786962246,0.024782169678286,262,155,0.0798177569198559,248,141,"1050"
"A73",0.164410432976702,272,212,60,0.609066141759299,0.0319395636464889,279,219,0.107810401801411,276,216,"1050"
"A797NW",0.286453080361075,596,336,260,0.526463314388593,0.0687128201117176,617,357,0.219921095481383,617,357,"1050"
"AQA3",0.242231071438786,497,309,188,0.557985238223236,0.0515569598950865,516,328,0.164321979093271,504,316,"1050"
"AS6103",0.191721776530043,352,260,92,0.595483038743001,0.0329171566048619,320,228,0.122458786389694,337,245,"1050"
"AusTRCF 306238",0.105721863101841,466,116,350,0.448853731364512,0.0165379136500935,424,74,0.0621626869163459,443,93,"1050"
"B-18 INBR.FR.SUPERGOLD",0.131581128348982,259,162,97,0.594478574267338,0.0254080968443345,261,164,0.0916107398792925,269,172,"1050"
"B-28",0.147625274856723,206,192,14,0.650592425906874,0.0317740997342862,232,218,0.103046751048165,220,206,"1050"
"B103",0.167658907749184,336,219,117,0.586734594970291,0.0295320934023602,319,202,0.0986258395280112,314,197,"1050"
"B104",0.12981635372508,333,157,176,0.561579300494281,0.0222422127355186,303,127,0.0829163672436116,326,150,"1050"
"B105",0.117825065329993,307,141,166,0.565199942912521,0.0251164696707547,326,160,0.0817415101480833,312,146,"1050"
"B108",0.0713570772228787,202,48,154,0.57017011021807,0.0137922597473799,200,46,0.0450637092785876,197,43,"1050"
"B109",0.359016977570008,634,358,276,0.518135618832681,0.0748431405369468,640,364,0.246897701040508,640,364,"1050"
"B110",0.184535745482842,335,244,91,0.595621708466002,0.0438207984798794,391,300,0.145921450204222,382,291,"1050"
"B111",0.0849052331639621,97,70,27,0.629929566834971,0.0163219578112175,99,72,0.055931498344804,94,67,"1050"
"B115",0.148423932307236,493,193,300,0.506159062861075,0.0295669377003963,503,203,0.100885471334382,501,201,"1050"
"B119",0.174330180760495,491,230,261,0.526209142159895,0.036599301797677,526,265,0.120060301915324,500,239,"1050"
"B120",0.284450472945317,480,335,145,0.572779945881833,0.0506717369482541,470,325,0.186306064064521,483,338,"1050"
"B121",0.187577926944191,487,252,235,0.536431538905388,0.0353079988908198,487,252,0.118555435148246,471,236,"1050"
"B14A",0.202411079850233,490,271,219,0.545071600541237,0.0316995821528146,436,217,0.119129254014957,457,238,"1050"
"B164",0.160260647737171,224,208,16,0.648303444933872,0.0338552698636306,258,242,0.120443148930417,256,240,"1050"
"B2",0.204780878917983,462,276,186,0.558917425354679,0.0364602484848014,450,264,0.136097648851689,466,280,"1050"
"B37",0.19110116558568,465,259,206,0.552416109021093,0.0327550657408509,432,226,0.106531035090091,417,211,"1050"
"B47",0.0838490314813441,377,67,310,0.498776318776171,0.0166907641096919,389,79,0.0600141971682698,394,84,"1050"
"B57",0.0662101918212355,302,43,259,0.526897013421522,0.0129781422004101,301,42,0.0430982761630575,300,41,"1050"
"B66",0.108089760984417,315,120,195,0.555369132941794,0.0186480030850155,295,100,0.0666255967769587,298,103,"1050"
"B68",0.0951457813304751,289,91,198,0.554456028973086,0.0187719992880979,299,101,0.0616228718320959,289,91,"1050"
"B73",0.18927041784112,407,254,153,0.570474236060855,0.0378431309697964,426,273,0.135030472103692,430,277,"1050"
"B75",0.213003040196385,639,284,355,0.435734487900114,0.0426388384141098,653,298,0.153387627479735,655,300,"1050"
"B76",0.21374079620824,294,287,7,0.663085839096783,0.0363693065483181,269,262,0.123683790858149,259,252,"1050"
"B77",0.0966137454185871,253,97,156,0.569391282255186,0.0189130164809642,259,103,0.061593958481743,246,90,"1050"
"B79",0.18999606477427,408,257,151,0.570665213170895,0.0332951728678004,385,234,0.125010874789168,409,258,"1050"
"B87",0.0549554083102951,81,32,49,0.617707137429234,0.0101071852885548,75,26,0.037207011810231,79,30,"1050"
"B88",0.063826566407081,251,41,210,0.550035314150842,0.0123466124059697,249,39,0.0414026163732577,247,37,"1050"
"B91",0.130665635958532,184,160,24,0.632868480435219,0.028481658383907,218,194,0.0956190024756495,215,191,"1050"
"B97",0.060932659427526,352,38,314,0.495578495889367,0.0104004519858424,342,28,0.0389831493085727,348,34,"1050"
"BEI 10 = NORTH 10",0.0136980097741739,208,3,205,0.55248205122074,0.00243289227026557,207,2,0.00864274458118581,207,2,"1050"
"BO9",0.278070746537922,482,332,150,0.571618358659779,0.050952002428097,476,326,0.18036216517503,484,334,"1050"
"CA-4",0.187071267156444,272,251,21,0.63378537160528,0.035685633492398,277,256,0.128230342923969,288,267,"1050"
"CG102",0.115195391925013,317,136,181,0.559809499972481,0.0229484150972281,313,132,0.0773440294851496,318,137,"1050"
"CH701-30",0.137399216593297,293,177,116,0.587102389035811,0.0263105989481451,286,170,0.0896004108490413,283,167,"1050"
"CH711-10",0.180388153212498,578,238,340,0.470962662670503,0.0439215079801317,641,301,0.140535795641721,627,287,"1050"
"CH753-4",0.278515752032837,611,333,278,0.517742447374851,0.0450600048150864,585,307,0.158488549599161,588,310,"1050"
"CH9",0.185452622682731,471,247,224,0.542754777723588,0.0313012793765696,439,215,0.115695719919564,455,231,"1050"
"CI 40H",0.0908716272450668,100,82,18,0.637147901839556,0.0173788610683238,104,86,0.0603702824190363,106,88,"1050"
"CM105",0.197491911329792,325,266,59,0.609113176500779,0.03436316748529,305,246,0.127930962368553,323,264,"1050"
"CQ702RC",0.0377386825137114,197,13,184,0.559142986141025,0.0075312595378561,199,15,0.027106343905183,199,15,"1050"
"CR 22 INBRED",0.210944152184776,323,282,41,0.622335545614937,0.0329775994546674,270,229,0.123972002681755,294,253,"1050"
"DE2",0.128632294807668,456,154,302,0.50569401128607,0.0288464607349741,498,196,0.0927341845121653,480,178,"1050"
"DE3",0.102694797590231,476,110,366,0.266626749996472,0.021793688123116,491,125,0.0705142952890132,479,113,"1050"
"DE4",0.11719623167612,371,139,232,0.537932638240975,0.0242253457798295,381,149,0.0788211315309213,372,140,"1050"
"DE811",0.0842968966422273,250,68,182,0.559411905918611,0.0179118181270288,275,93,0.0569174795328458,256,74,"1050"
"DJ7",0.23619475324665,432,303,129,0.582322274043928,0.0444252246237974,432,303,0.159556873712114,440,311,"1050"
"DK3IIH6",0.163026052183611,348,211,137,0.5776495928628,0.033295551979455,372,235,0.108182037768422,354,217,"1050"
"DK4676A",0.264506607625561,618,326,292,0.50793146447967,0.0440332986277407,594,302,0.163885107835871,606,314,"1050"
"DK78002A",0.237931324395557,331,306,25,0.632553810760797,0.0457835773581736,335,310,0.157556526970758,333,308,"1050"
"DK78010",0.0335437465183254,104,10,94,0.595227797378343,0.00572984933989513,104,10,0.0214452272785074,104,10,"1050"
"DK78371A",0.18061502426919,432,239,193,0.556236491345928,0.0410063894333368,479,286,0.138147176351342,474,281,"1050"
"DKFAPW",0.21650362848685,409,288,121,0.585274452665728,0.051239042067241,448,327,0.164043968844396,436,315,"1050"
"DKFBHJ",0.218919100126919,376,290,86,0.598827418106708,0.0466262939046151,398,312,0.15555395842138,389,303,"1050"
"DKMBNA",0.0868518407813346,282,74,208,0.551734234649872,0.0169519966773124,292,84,0.0561669790957247,277,69,"1050"
"DKPB80",0.213421173639994,342,285,57,0.609566694195175,0.0409032597180193,342,285,0.130878198216913,329,272,"1050"
"E8501",0.260365261047093,639,321,318,0.493855665325803,0.0415557567810988,609,291,0.155256890277116,620,302,"1050"
"EAST 028",0.108198439720753,167,121,46,0.619154817883298,0.0166671283718995,123,77,0.0624175694644487,141,95,"1050"
"Eng-Li Chih",0.0907421133343403,93,81,12,0.654194712825724,0.0169378477421104,95,83,0.060159071545074,97,85,"1050"
"F118",0.293101726453098,369,341,28,0.62960340576932,0.056583951273989,368,340,0.19434233199795,368,340,"1050"
"F2834T",0.0579403407047029,234,33,201,0.55411920412625,0.012007159912763,238,37,0.0409238075632585,236,35,"1050"
"FBLA",0.0959925088867114,172,94,78,0.60204027315437,0.015306112646935,138,60,0.0575270140221398,155,77,"1050"
"FR19",0.430083225975907,731,366,365,0.338159506438057,0.0822492693089735,731,366,0.285692134072708,731,366,"1050"
"H105W",0.134290554358016,333,170,163,0.565702309496287,0.0315252255668816,379,216,0.100998125906439,365,202,"1050"
"H110",0.0816113189299577,132,62,70,0.603995323635895,0.017711659138243,160,90,0.0573011329903963,146,76,"1050"
"H113",0.288954778381249,486,338,148,0.572422747015208,0.057722602932794,491,343,0.195140736364018,490,342,"1050"
"H121",0.0946002460800988,344,88,256,0.527653675593683,0.0175608360732142,344,88,0.0622112939177841,350,94,"1050"
"H122w",0.0692234995112677,382,46,336,0.47514272943812,0.0147389155479327,389,53,0.0479911748229573,383,47,"1050"
"H5",0.0435395728039758,159,19,140,0.577267330338611,0.00997307382657244,165,25,0.0319907696352355,163,23,"1050"
"H71",0.125987652662026,236,151,85,0.59930848565372,0.0239201222981013,231,146,0.0850120341048866,239,154,"1050"
"H84",0.199476450236607,549,268,281,0.515878176744662,0.0363986328443685,544,263,0.133127595046607,555,274,"1050"
"H91",0.220725421475441,372,292,80,0.601882236781357,0.0414828836112777,369,289,0.138830583035929,363,283,"1050"
"H95",0.179004181657894,453,237,216,0.54630034382635,0.0303539230594569,424,208,0.111846956056995,439,223,"1050"
"H96",0.0754593404550744,218,54,164,0.565557255159248,0.0149955780227716,221,57,0.0559952854942278,232,68,"1050"
"H99",0.114197014709747,236,133,103,0.591358009615031,0.0231709266482618,240,137,0.0757907389026572,234,131,"1050"
"HP301",0.181017731954664,340,240,100,0.593455262456604,0.0397278777705269,380,280,0.128186003228369,366,266,"1050"
"HUOBAI",0.21239480994499,618,283,335,0.475579587687597,0.0520438674626617,668,333,0.166566676956683,655,320,"1050"
"Hy",0.0754320210892957,315,53,262,0.526093451429088,0.0160654991821746,331,69,0.0523042290978291,318,56,"1050"
"I29",0.320652174223252,378,349,29,0.62949822970333,0.0568783505026361,370,341,0.186078933781855,366,337,"1050"
"Ia 453",0.18681691717655,253,250,3,0.689528432580159,0.0357015882090717,260,257,0.118042194873032,237,234,"1050"
"IA2132",0.170556327373512,234,224,10,0.656286854440499,0.0352283471263808,261,251,0.118227530570087,245,235,"1050"
"IBB15",0.0507222526358871,40,29,11,0.654743923050711,0.0101125746318458,38,27,0.0332944529165027,36,25,"1050"
"IBC2",0.129234687791761,375,155,220,0.544239085887011,0.0249234865874432,377,157,0.0904076223023507,389,169,"1050"
"ICI 193",0.100526152846867,157,105,52,0.615660844268063,0.0189399784331968,156,104,0.0691598000022013,162,110,"1050"
"ICI 740",0.172951127714929,457,227,230,0.538841896261736,0.036342902819982,491,261,0.122953635219681,478,248,"1050"
"ICI 893",0.0906610848411816,250,80,170,0.563536299223227,0.0173407395829288,255,85,0.0602571802612548,257,87,"1050"
"ICI 986",0.184158779344722,401,242,159,0.566560814586091,0.0332583259963649,391,232,0.124802072204738,416,257,"1050"
"IDS28",0.0918797981294095,103,84,19,0.634543065561836,0.0151396725779055,77,58,0.0563611654158559,91,72,"1050"
"IDS69",0.0504633609937478,382,28,354,0.437777936731188,0.0109209605400431,384,30,0.0354077164730846,382,28,"1050"
"IDS91",0.0814634571574596,380,61,319,0.493722044077463,0.0147594654904216,373,54,0.0545254409705904,382,63,"1050"
"INB 101LFY/LFY (A632 X M16 S5)",0.374473697108223,664,361,303,0.505064213148588,0.0639266577210824,657,354,0.20565045436798,651,348,"1050"
"INBRED 141",0.213533788819399,430,286,144,0.574078792910963,0.0375529153222346,414,270,0.139395456419473,429,285,"1050"
"INBRED 2-687",0.161847730445313,484,210,274,0.519623574844624,0.0277050019754723,463,189,0.102718027867276,479,205,"1050"
"INBRED 305",0.307274322208749,699,346,353,0.444832927206198,0.047335055731375,667,314,0.177784787818494,684,331,"1050"
"INBRED 321",0.124273875190776,447,150,297,0.506843801166024,0.0291229805275387,495,198,0.093308556404799,477,180,"1050"
"K150",0.103413242075043,146,112,34,0.625578480853436,0.0192076345974163,140,106,0.067760283819313,140,106,"1050"
"K41",0.262999908762763,533,324,209,0.551404850857469,0.0506179609622898,532,323,0.166534914229424,528,319,"1050"
"K47",0.142591751853598,469,187,282,0.515428665927915,0.0272237918913162,465,183,0.0939017691174837,465,183,"1050"
"KUNG-70",0.0738189450676556,359,50,309,0.499613132790971,0.0137768396528356,354,45,0.0505443595407238,359,50,"1050"
"L 127",0.147489517403057,437,191,246,0.530421001929235,0.0250206738587166,404,158,0.090786267771789,417,171,"1050"
"L 139",0.0828836454206355,153,66,87,0.598146866539044,0.0155282823193662,148,61,0.0562326963914073,157,70,"1050"
"L 289",0.150786891997178,321,197,124,0.583508231031417,0.0296906187431756,329,205,0.0993576296492893,323,199,"1050"
"LH1",0.0965420153981072,346,96,250,0.529626770005044,0.0209984328924839,368,118,0.0678952581241914,357,107,"1050"
"LH119",0.146181392168596,336,190,146,0.572640350312242,0.0325032687497366,369,223,0.104507071074768,354,208,"1050"
"LH128",0.0510063200989527,229,30,199,0.554315040843176,0.0112379989280114,232,33,0.0361676360805594,228,29,"1050"
"LH143 (Maintainer)",0.290559343052312,354,339,15,0.648730204383654,0.0604135125952879,362,347,0.197461498910334,359,344,"1050"
"LH146Ht",0.142485743573481,311,186,125,0.583283870835525,0.026499569549458,300,175,0.0924573799966698,301,176,"1050"
"LH149",0.14134054664829,285,184,101,0.593308452577964,0.0276551746861392,289,188,0.0877635747651188,260,159,"1050"
"LH165",0.0747444186934382,289,52,237,0.535190282827038,0.0162326300482589,307,70,0.0523336160602432,294,57,"1050"
"LH166",0.256378360939066,597,320,277,0.518050059581509,0.0516311643497592,607,330,0.177386918730944,607,330,"1050"
"LH181",0.135174029518945,495,172,323,0.489828068584734,0.0295731686466099,527,204,0.093618876977195,504,181,"1050"
"LH184",0.26580060689654,411,327,84,0.600224151035953,0.051931348753661,416,332,0.17028687666931,408,324,"1050"
"LH190",0.122250490819647,359,145,214,0.548163580701715,0.0217358617034764,338,124,0.076728384052805,348,134,"1050"
"LH192",0.254142084398906,544,317,227,0.54004514653332,0.0524903916236392,561,334,0.176945063776459,555,328,"1050"
"LH194",0.332843561741876,679,351,328,0.484563464409959,0.0617173413795108,679,351,0.195395558788093,671,343,"1050"
"LH195",0.195950225361717,379,264,115,0.587633748658308,0.0333295032166164,351,236,0.123520643692092,366,251,"1050"
"LH197",0.0993425498510666,213,99,114,0.588517655760073,0.018360329050459,209,95,0.0672807230706532,219,105,"1050"
"LH198",0.148587895044439,207,194,13,0.651374612732276,0.0251192191760135,174,161,0.0943289551600186,198,185,"1050"
"LH202",0.135621106232031,323,174,149,0.571909554001968,0.0234214168505932,289,140,0.0753928946648125,278,129,"1050"
"LH204",0.222538758145938,517,295,222,0.543505387131409,0.0405876180654002,505,283,0.149226806258258,515,293,"1050"
"LH205",0.10913720937852,471,123,348,0.453730509292198,0.0205446715687969,462,114,0.065897364759169,450,102,"1050"
"LH206",0.0339284017383547,100,11,89,0.597136880179293,0.00539965527198475,97,8,0.0201745755845735,98,9,"1050"
"LH208",0.139638833135948,285,179,106,0.590947358702812,0.0231379183972563,242,136,0.0822111375958872,254,148,"1050"
"LH209",0.10713658551451,199,117,82,0.600836465090989,0.0216335629885421,203,121,0.0708770429406874,197,115,"1050"
"LH214",0.102111978432215,412,108,304,0.504458208874832,0.019211144278706,411,107,0.0720980893668984,424,120,"1050"
"LH215",0.197552220672831,553,267,286,0.51393536228518,0.0334142894085762,523,237,0.123308690288802,536,250,"1050"
"LH222",0.0897036041129368,169,79,90,0.596432107379492,0.0194832425693576,199,109,0.0688941193940387,198,108,"1050"
"LH223",0.132176868191457,350,163,187,0.55848573718968,0.0293112244868949,386,199,0.0943892331883675,373,186,"1050"
"LH224",0.249187725210279,600,313,287,0.512078430951553,0.0557497979651539,625,338,0.179280452005571,620,333,"1050"
"LH295",0.0974075367539192,327,98,229,0.53968835624619,0.0157043398926253,291,62,0.0563327793408009,300,71,"1050"
"LH60",0.0608426419399506,295,37,258,0.527053781264643,0.0125699656572712,299,41,0.0421165301262258,297,39,"1050"
"LH74",0.0418465860316306,70,16,54,0.610918480960686,0.0089482773854457,75,21,0.0313856024010257,75,21,"1050"
"LH82",0.132999632036255,358,167,191,0.556734329289043,0.0245451521294213,342,151,0.0894599419548079,357,166,"1050"
"LH93",0.11080672824869,476,129,347,0.456134895125839,0.023753699484403,491,144,0.0842649133792184,499,152,"1050"
"LIBC 4",0.115164872971221,183,135,48,0.618187920116964,0.0246209553313315,200,152,0.080036933749136,190,142,"1050"
"LP1 NR HT",0.185482749417241,254,248,6,0.663705367791521,0.0321545826910741,227,221,0.120519531802596,247,241,"1050"
"LP5",0.158268594834766,420,203,217,0.546089075868667,0.0278016412884068,408,191,0.0929852565998781,396,179,"1050"
"M14",0.116765105512415,407,137,270,0.521132332621725,0.0183818170651221,366,96,0.0667444687718049,374,104,"1050"
"MBPM",0.0377753543457725,214,14,200,0.554194988061328,0.00671563354931928,212,12,0.0236299958196688,212,12,"1050"
"MBWZ",0.230906600511547,506,299,207,0.551927822330647,0.0407612538998507,491,284,0.149898229671898,502,295,"1050"
"MM501D",0.0738428374915788,385,51,334,0.476108596213539,0.0136732168723768,378,44,0.0506309355518727,385,51,"1050"
"Mo17",0.0818674823027258,190,63,127,0.582714566582713,0.01688522747855,209,82,0.0549697680934163,192,65,"1050"
"Mo1W",0.167599321054784,430,218,212,0.549450151932081,0.0286049618914526,407,195,0.107219549977092,426,214,"1050"
"Mo46",0.201491501958059,613,270,343,0.466167100477952,0.0341475875265453,587,244,0.125135698612194,602,259,"1050"
"Mo47",0.0918098515924467,203,83,120,0.585619783678944,0.0189668208154721,225,105,0.0640595570371027,217,97,"1050"
"Mo5",0.220410024369556,342,291,51,0.61581755030315,0.0356257354260973,306,255,0.130924252679337,324,273,"1050"
"MQ305",0.0588685174680193,357,35,322,0.491020504609386,0.0109314978351085,353,31,0.0389035092287805,355,33,"1050"
"MS116",0.0880854562139,405,76,329,0.484473636279621,0.0162733735825239,400,71,0.0596389995609572,411,82,"1050"
"MS132",0.222360727578164,530,294,236,0.536063026820309,0.0309713337375035,449,213,0.113649480985746,466,230,"1050"
"MS200",0.0949243911110287,352,89,263,0.525528808837213,0.0174515399662459,350,87,0.0642490304918928,361,98,"1050"
"MS211",0.165768308705234,466,217,249,0.529672185544185,0.030388031285894,458,209,0.10622197971683,459,210,"1050"
"MS221",0.110175726544699,158,127,31,0.626516224400574,0.0211397940221618,150,119,0.0715623251427803,149,118,"1050"
"MS224",0.140877636360456,259,183,76,0.602861882830667,0.0273077404520052,260,184,0.0926624791251385,253,177,"1050"
"MS225",0.172899389343111,364,226,138,0.577568679739547,0.0334200519212863,376,238,0.122568420985459,384,246,"1050"
"MS226",0.155169007587283,496,201,295,0.507368708811062,0.0264345910109961,468,173,0.0966782689174042,488,193,"1050"
"MS24A",0.0311447792175881,357,8,349,0.451343771365925,0.00565728397609323,358,9,0.0200421577660042,357,8,"1050"
"MS67",0.158683236386054,566,204,362,0.420692591933655,0.0268158669043835,540,178,0.100725011426726,562,200,"1050"
"MS71",0.250814756201914,447,315,132,0.579766883562754,0.0548833241892351,469,337,0.181464350767524,467,335,"1050"
"MS72",0.184197688298593,352,243,109,0.589152792383181,0.0311404573125773,323,214,0.116968296604978,342,233,"1050"
"N192",0.385907898882475,390,364,26,0.630875229957729,0.0691921324514102,384,358,0.241018391441805,388,362,"1050"
"N193",0.0463533599965217,306,23,283,0.514673062928614,0.0108802452306177,312,29,0.0345782808575615,309,26,"1050"
"N200",0.132683824249941,489,165,324,0.489348371867338,0.0273486002904505,509,185,0.0977783844565197,519,195,"1050"
"N201",0.109086703252355,152,122,30,0.627531569226055,0.0230260732278953,164,134,0.0745758232004642,156,126,"1050"
"N209",0.11684983134148,428,138,290,0.508772345074151,0.0225361220542018,419,129,0.0757944333781755,422,132,"1050"
"N211",0.237646530777728,428,305,123,0.584213348156188,0.0518478007544866,454,331,0.167515382146083,446,323,"1050"
"N217",0.204320301735815,339,273,66,0.605096103132062,0.0448871901326284,371,305,0.144802603003577,356,290,"1050"
"N218",0.29710819756309,687,342,345,0.461888720833165,0.0629351010323881,697,352,0.205402185687739,692,347,"1050"
"N28Ht",0.139179165211738,391,178,213,0.54904243958263,0.0246567842651423,367,154,0.0876445716602488,371,158,"1050"
"N501",0.114272598456054,450,134,316,0.49457350976358,0.0273688869403717,502,186,0.0876268251916027,473,157,"1050"
"N523",0.12720783326685,157,152,5,0.67087649295365,0.0281205688170479,197,192,0.0904688605256162,175,170,"1050"
"N527",0.164458523261864,281,213,68,0.604615155106558,0.031941985561034,288,220,0.110385942415738,289,221,"1050"
"N534",0.102257961599141,182,109,73,0.603324086741478,0.0235749352533892,216,143,0.07557543175324,203,130,"1050"
"N542",0.352329820678976,585,357,228,0.539782826229593,0.0506706999805811,552,324,0.190457792852318,567,339,"1050"
"N6",0.149076052000017,305,195,110,0.589070029923546,0.0271461272072908,291,181,0.0946184421775191,298,188,"1050"
"NC250",0.236404791861918,641,304,337,0.474241643347639,0.0430282231027445,636,299,0.14992742703358,633,296,"1050"
"NC262",0.140427648315577,362,182,180,0.560169435180275,0.0268097624465834,357,177,0.0924428775555754,355,175,"1050"
"NC294",0.100126037533972,213,102,111,0.589051944105204,0.0186294068186448,210,99,0.0649396028139292,212,101,"1050"
"NC310",0.132708739708997,230,166,64,0.606503053240687,0.0205363885020938,177,113,0.0769398686073897,199,135,"1050"
"NC326",0.240297630265649,534,308,226,0.540894361756316,0.051611735819709,555,329,0.167498722414505,548,322,"1050"
"NC328",0.245810629114933,599,311,288,0.511105144351592,0.0423725018913765,585,297,0.143283167218769,577,289,"1050"
"NC342",0.164901521182531,419,215,204,0.552670170378111,0.0282539421294691,397,193,0.105804633394412,413,209,"1050"
"NC412",0.160620214318743,461,209,252,0.528446833435854,0.0322143402707361,474,222,0.106933957462591,464,212,"1050"
"ND259",0.168464990401897,582,221,361,0.422035925684205,0.0351406040046864,611,250,0.112681586169193,586,225,"1050"
"ND265",0.33885193386193,585,352,233,0.537434683920719,0.0704167247717994,595,362,0.22548116873242,592,359,"1050"
"NK740",0.290907875933763,634,340,294,0.507410489553286,0.0614860965117304,644,350,0.214029056051013,647,353,"1050"
"NK778",0.13545399935013,415,173,242,0.532479320318362,0.0248301054971948,398,156,0.084576586949064,395,153,"1050"
"NK807",0.100494312110357,307,104,203,0.552794818958572,0.0207942574991769,320,117,0.0706382483995953,317,114,"1050"
"NKS8326",0.185156902824313,518,246,272,0.520296022745843,0.0393681639722729,551,279,0.124200835767847,526,254,"1050"
"NORTH 7",0.159778317991833,522,207,315,0.494715761955512,0.0273953303546564,502,187,0.102571845880938,519,204,"1050"
"NQ508",0.184937447018209,320,245,75,0.602973307947196,0.0368614936068676,341,266,0.12448206157318,330,255,"1050"
"NS501",0.0413160849210016,270,15,255,0.527965660292821,0.00789210583832306,272,17,0.0273066555909269,271,16,"1050"
"NS701",0.28731511239409,670,337,333,0.481690594871646,0.0692946284137076,692,359,0.221826914230509,691,358,"1050"
"NY6371",0.193042329847,315,262,53,0.611341355817896,0.0339138462395929,296,243,0.113336514540019,281,228,"1050"
"Ny821",0.0997465659425777,189,101,88,0.598103895847062,0.0177431213211717,179,91,0.0647964073542298,187,99,"1050"
"OH33",0.2551250756842,458,319,139,0.577428763935927,0.0500649714748763,461,322,0.166525405781111,457,318,"1050"
"Oh40B",0.232890035807118,369,300,69,0.604545331057437,0.0455193440184747,377,308,0.15645220534325,375,306,"1050"
"Oh43",0.164795206070826,481,214,267,0.523842531210763,0.0344140946785591,514,247,0.113162377566729,494,227,"1050"
"Oh7",0.0425571901390964,343,18,325,0.488582901542835,0.00766079380956705,341,16,0.028260965317881,342,17,"1050"
"OQ403",0.178951154587234,354,236,118,0.586073918910339,0.0304494967410927,328,210,0.107538699607232,333,215,"1050"
"OQ603",0.0950053085278567,129,90,39,0.6246280209286,0.0227333941884133,170,131,0.0727629119671424,162,123,"1050"
"Os420",0.149716733353967,218,196,22,0.633247347520625,0.0264784717614178,196,174,0.0941437752279015,206,184,"1050"
"OS602",0.35002169354818,594,356,238,0.534667428541311,0.059724135347874,582,344,0.218057540208961,594,356,"1050"
"Pa392",0.228971504296848,487,298,189,0.557696518404784,0.0472752218728972,502,313,0.161399858765777,501,312,"1050"
"Pa405",0.11782321150472,404,140,264,0.52491960152413,0.0234649011415996,406,142,0.0772919648051335,400,136,"1050"
"Pa875",0.381752971372614,471,363,108,0.589329376647056,0.0694145435438095,468,360,0.258302065174881,473,365,"1050"
"Pa880",0.0225617338899129,9,5,4,0.686775474459382,0.00434753936180892,9,5,0.0146357602759617,9,5,"1050"
"Pa91",0.0963145155567752,228,95,133,0.579140629223333,0.0229598660359766,266,133,0.0735193619730892,257,124,"1050"
"PH207",0.053137016732436,126,31,95,0.594907598207193,0.00939243555678152,119,24,0.0351773701133863,122,27,"1050"
"PHB09",0.189962883082719,384,256,128,0.582493083676831,0.0421667772701754,423,295,0.139499098451526,414,286,"1050"
"PHB47",0.174353498699001,335,231,104,0.591328563033176,0.0379202123842018,379,275,0.122611468136347,351,247,"1050"
"PHBA6",0.0501498307293699,146,27,119,0.585773807187559,0.0116981191522352,155,36,0.0374742290571799,151,32,"1050"
"PHBB3",0.158744208560752,318,205,113,0.588776189971273,0.029983857438251,319,206,0.097729512618897,307,194,"1050"
"PHEG9",0.122465186844662,196,146,50,0.616672456820836,0.0264263961164634,222,172,0.088367841929533,211,161,"1050"
"PHG29",0.208450536089403,620,279,341,0.470854547262038,0.037708214180012,612,271,0.130428757262744,612,271,"1050"
"PHG47",0.0943883835519105,446,87,359,0.42326495211575,0.0166907273909784,437,78,0.0528476279446313,418,59,"1050"
"PHG71",0.0895522384375812,98,78,20,0.634468588429767,0.0201941411222595,132,112,0.0648732157118728,120,100,"1050"
"PHG80",0.0617247512874513,212,40,172,0.563010492490542,0.0115980150637271,206,34,0.0420747280571704,210,38,"1050"
"PHG83",0.130354095022394,333,158,175,0.562603744580773,0.0254673792552918,340,165,0.0951210802511622,364,189,"1050"
"PHG86",0.244628238330457,408,310,98,0.594446144056615,0.0479842599484538,415,317,0.166748539069549,419,321,"1050"
"PHH93",0.196239995811763,566,265,301,0.505906021376362,0.0378792994778218,575,274,0.141407351606687,589,288,"1050"
"PHHH9",0.0931343100651509,311,86,225,0.542035981291445,0.0157850391891592,290,65,0.0592224461537047,306,81,"1050"
"PHHV4",0.12383756633232,327,149,178,0.561270260836383,0.0230714934020021,313,135,0.0820653828505422,325,147,"1050"
"PHJ70",0.377434324592371,725,362,363,0.397413617610393,0.0642129996071828,719,356,0.215336185179705,717,354,"1050"
"PHJ89",0.206247621860606,619,277,342,0.467769394115727,0.0370604960251296,609,267,0.138941802046695,626,284,"1050"
"PHJ90",0.190672074559861,413,258,155,0.569966600695124,0.0360435645527387,414,259,0.113414371642279,384,229,"1050"
"PHJR5",0.263965810913229,399,325,74,0.603199542173163,0.048543497990537,392,318,0.178619292099728,406,332,"1050"
"PHK35",0.044032308001881,242,21,221,0.54381265753399,0.00828758500242729,239,18,0.0291499280930119,239,18,"1050"
"PHK42",0.0892117218229193,148,77,71,0.603753781039072,0.015731860630174,135,64,0.0583531542933017,150,79,"1050"
"PHK56",0.102011452071943,376,107,269,0.521206201840179,0.0177700851027021,361,92,0.0570478699652744,344,75,"1050"
"PHK74",0.206575632471779,463,278,185,0.559052044274168,0.0357937812839455,443,258,0.128084082747695,450,265,"1050"
"PHKE6",0.0803007272175929,306,59,247,0.530260829755574,0.0138808398913576,294,47,0.049719623449945,295,48,"1050"
"PHM10",0.0334018389723304,260,9,251,0.52956301184458,0.00693184012551206,264,13,0.0229860984614566,262,11,"1050"
"PHN11",0.00683485294240353,174,1,173,0.562809160354641,0.00132687605014739,174,1,0.0044358588415601,174,1,"1050"
"PHN29",0.0858802627487454,219,72,147,0.572458017150117,0.0144547227950056,199,52,0.0542578466910334,209,62,"1050"
"PHN66",0.144465644349772,288,189,99,0.594184926189128,0.0268795264514707,278,179,0.0898383771939771,267,168,"1050"
"PHN82",0.103620606688711,388,113,275,0.518990506439512,0.0216533564238147,397,122,0.0746374535244572,402,127,"1050"
"PHP02",0.170857596840641,443,225,218,0.545418121307236,0.0294670957683151,418,200,0.109978069878999,438,220,"1050"
"PHP55",0.234976502667204,367,302,65,0.605839224944638,0.0423578959170211,361,296,0.133257629718524,340,275,"1050"
"PHP76",0.18356515023258,320,241,79,0.602031811204998,0.037966894897655,355,276,0.118704707897223,316,237,"1050"
"PHP85",0.107534649283749,445,118,327,0.487198531922132,0.023277606068047,465,138,0.0777098004887178,466,139,"1050"
"PHPR5",0.0425041225793536,200,17,183,0.559396182799575,0.00656192243464935,194,11,0.0246199282658221,197,14,"1050"
"PHR03",0.0789507004079432,401,57,344,0.463378612914623,0.0168664115236771,424,80,0.0548441367816171,408,64,"1050"
"PHR30",0.151765502112224,442,198,244,0.53133808007029,0.0289966411762667,441,197,0.0990047000930298,442,198,"1050"
"PHR31",0.0602156946720077,117,36,81,0.601115240027623,0.0124587433712074,121,40,0.0423130478282501,121,40,"1050"
"PHR36",0.0846069119448394,380,69,311,0.49812787472496,0.0152884820189766,370,59,0.0509356902105907,364,53,"1050"
"PHR47",0.234402713198526,491,301,190,0.556808359359873,0.03503231296101,439,249,0.129838675012487,459,269,"1050"
"PHR63",0.134449022473598,444,171,273,0.519687726576309,0.0207767762459222,389,116,0.0722760182878339,395,122,"1050"
"PHT10",0.177476426213556,530,234,296,0.506908560636885,0.0326145345509909,521,225,0.121931026093049,540,244,"1050"
"PHT47",0.224822341663507,610,297,313,0.497103687541508,0.0415350796944815,603,290,0.152218437323183,612,299,"1050"
"PHT55",0.0612071006008065,377,39,338,0.473982967165338,0.0111122644347872,370,32,0.0410316669495193,374,36,"1050"
"PHTM9",0.224660525787974,461,296,165,0.565388017100805,0.0410692841571592,452,287,0.149736378507017,459,294,"1050"
"PHV37",0.140071224740888,341,180,161,0.56588638232293,0.023806800062721,306,145,0.0892386052865127,326,165,"1050"
"PHV57",0.127860923806497,249,153,96,0.594649354027098,0.0271857684127239,278,182,0.088572643399455,258,162,"1050"
"PHV63",0.120990946894762,210,143,67,0.604970950540702,0.0234352783074222,208,141,0.0751539279129171,195,128,"1050"
"PHVA9",0.0689617466052985,276,45,231,0.538523780583693,0.0148636148928335,287,56,0.0523605505066302,289,58,"1050"
"PHVJ4",0.240112117101765,478,307,171,0.563027778696044,0.0457515761177094,480,309,0.166425708011305,488,317,"1050"
"PHW03",0.0131038457628232,19,2,17,0.644858049887283,0.00263109984419545,20,3,0.00949465056652934,20,3,"1050"
"PHW17",0.11172736266275,423,130,293,0.507514314050715,0.0198964317904584,404,111,0.0738075985079929,418,125,"1050"
"PHW20",0.30752343099464,601,347,254,0.527987952687453,0.0636732842843056,607,353,0.211950441391517,606,352,"1050"
"PHW30",0.193725960091117,516,263,253,0.528250900307466,0.033154123276288,483,230,0.123114337086269,502,249,"1050"
"PHW43",0.0587615749948013,202,34,168,0.564630865467431,0.0142751732960145,218,50,0.0457647258253905,214,46,"1050"
"PHW52",0.077436805033362,182,56,126,0.582845687810909,0.0160642480726535,194,68,0.0532985479201802,186,60,"1050"
"PHW53",0.204332551110537,539,274,265,0.524657380337357,0.0405658460162488,547,282,0.135281773438334,544,279,"1050"
"PHW80",0.121810730552024,496,144,352,0.445871417104785,0.0250805152032108,511,159,0.0888189323524591,516,164,"1050"
"PHWG5",0.122491416869164,309,147,162,0.565848604776587,0.0241650596452802,310,148,0.0864809225990251,318,156,"1050"
"PHZ51",0.103104255949843,305,111,194,0.555854964555323,0.0212977817347109,314,120,0.0714308204135024,310,116,"1050"
"Q381",0.250032765123054,350,314,36,0.625175645868977,0.0446600999123228,340,304,0.151820088735745,334,298,"1050"
"R168",0.210276361742666,492,281,211,0.549804321808342,0.0349338147066402,459,248,0.130247717593896,481,270,"1050"
"R177",0.199987654619389,626,269,357,0.431155769674363,0.0338092405564419,598,241,0.126960960140492,620,263,"1050"
"R181B",0.254541581457287,326,318,8,0.658669861341977,0.0464568033200582,319,311,0.148025876489849,300,292,"1050"
"R226",0.101320747173952,189,106,83,0.600306475891413,0.015726846417025,146,63,0.058947795233108,163,80,"1050"
"R229",0.144316153496948,479,188,291,0.508205619987466,0.0246416682917862,444,153,0.0922381083866482,465,174,"1050"
"R71",0.119121012688487,144,142,2,0.692729172574695,0.0206174588940753,117,115,0.0765538206948338,135,133,"1050"
"R78",0.204139721160352,446,272,174,0.562785988037465,0.038065635779952,451,277,0.135110483026507,452,278,"1050"
"SD101",0.165250160525021,251,216,35,0.625305333561888,0.0261470470291401,203,168,0.0961088391204361,227,192,"1050"
"SD102",0.12959700893817,198,156,42,0.621399198420327,0.0271225894449772,222,180,0.0936324868226922,224,182,"1050"
"SD107",0.30202276500541,480,345,135,0.578845958232288,0.0606728360903061,483,348,0.205823931613831,484,349,"1050"
"SD40",0.246698664447143,470,312,158,0.568922392801171,0.0415689897281554,450,292,0.138571806432911,440,282,"1050"
"SD44",0.270675421744619,385,330,55,0.610298754860464,0.0416146498313316,348,293,0.156216028160365,360,305,"1050"
"SG 30A",0.0442204900564846,267,22,245,0.53067838657317,0.00916200784370269,267,22,0.030459684172434,264,19,"1050"
"T242",0.091938436190367,190,85,105,0.591227919976814,0.0163908650730269,178,73,0.0606199475332991,194,89,"1050"
"Tr",0.252765428442289,485,316,169,0.564619240181179,0.0609490868172966,518,349,0.195111843002751,510,341,"1050"
"TZU-CHIAO-HSI-WU 105",0.176433755321227,265,233,32,0.626340069703899,0.0325147015386041,256,224,0.116799942187885,264,232,"1050"
"Va26",0.154598180598692,520,199,321,0.491596585875543,0.0332743382007288,554,233,0.104361774142476,528,207,"1050"
"Va35",0.133684597210354,435,169,266,0.524002135238588,0.0258894049916094,433,167,0.0809263737156852,410,144,"1050"
"Va52",0.113380353967473,169,132,37,0.625077705869034,0.0194943376602698,147,110,0.0702931600547382,149,112,"1050"
"Va99",0.132199940709631,266,164,102,0.59297782388713,0.0227210797041456,232,130,0.0836717464201744,253,151,"1050"
"W182E",0.0667703777991242,361,44,317,0.494555661620174,0.0122586186103408,355,38,0.0451454710563589,361,44,"1050"
"W22",0.0864378179772202,250,73,177,0.56135657105892,0.014352934068607,228,51,0.0517286005455264,232,55,"1050"
"W23",0.261048030170503,453,322,131,0.580101914739153,0.041455624807576,419,288,0.155841703555167,435,304,"1050"
"W24",0.174194348253627,386,229,157,0.568997389746214,0.0336810150557281,396,239,0.124771805136179,413,256,"1050"
"W32",0.189778682199252,539,255,284,0.514382609831557,0.0362459800246194,544,260,0.125326601670401,544,260,"1050"
"W37A",0.186622734202721,609,249,360,0.422103985555337,0.0354979773960146,614,254,0.129577620258762,628,268,"1050"
"W552",0.0495884055073847,381,25,356,0.431493791197615,0.00860330569199409,376,20,0.0307610424616966,376,20,"1050"
"W603S",0.0267023608883949,339,7,332,0.482735559130285,0.0049376095664384,339,7,0.01815370246624,339,7,"1050"
"W604S",0.187644674923334,468,253,215,0.547164364415014,0.0353509530613779,468,253,0.121752887360632,458,243,"1050"
"W605S",0.0698579280675719,91,47,44,0.620827735290489,0.013341165561766,87,43,0.0433163687394556,86,42,"1050"
"W607S",0.109546978740453,431,125,306,0.502927099885739,0.0257815524038005,472,166,0.0823812681164508,455,149,"1050"
"W610S",0.104978490024388,461,115,346,0.456340695328515,0.0186240697434754,444,98,0.068969177041362,455,109,"1050"
"W611S",0.140409427901301,486,181,305,0.504405494686749,0.0268093386023588,481,176,0.0919192222442458,478,173,"1050"
"W612S",0.373501737285316,659,360,299,0.506639144319568,0.0763174201439542,664,365,0.241230183066249,662,363,"1050"
"W614S",0.0828570397643293,127,65,62,0.607500061828956,0.0168771051104195,143,81,0.0582271996317808,140,78,"1050"
"W64A",0.0824616101455546,260,64,196,0.555211843150134,0.0140115090321081,244,48,0.0507179066916756,248,52,"1050"
"W701BC",0.107937606468531,120,119,1,0.696946842765634,0.0147828191533436,56,55,0.055100144384979,67,66,"1050"
"W803G",0.218779083682747,532,289,243,0.532107494821647,0.0477888542459804,558,315,0.153955719767914,544,301,"1050"
"W809G",0.176110034805699,275,232,43,0.62128566583142,0.0377474212820761,315,272,0.126105013724808,304,261,"1050"
"W810G",0.156880808117202,225,202,23,0.633092585705357,0.0306738402830789,235,212,0.101971768310247,226,203,"1050"
"W811G",0.0369365513081021,260,12,248,0.530004574983922,0.00727633798467247,262,14,0.0240946872449815,261,13,"1050"
"W813G",0.26158290004836,464,323,141,0.575904404373431,0.0499528434779373,462,321,0.172585651985902,467,326,"1050"
"W8304",0.123810107759731,308,148,160,0.566401431573733,0.0232854921879144,299,139,0.08097541419315,305,145,"1050"
"W9",0.192004502288994,540,261,279,0.516477944309382,0.0373198146278174,548,269,0.121427167764762,521,242,"1050"
"WIL900",0.0996227300325766,458,100,358,0.424836554855877,0.0242765449566931,508,150,0.0777017849768544,496,138,"1050"
"WU-TAN-TZAO",0.131494960818408,512,161,351,0.447547712007206,0.029511095057711,552,201,0.0954077511473084,541,190,"1050"
"YE 4",0.276913128800854,695,331,364,0.394392030146737,0.0526315491153002,699,335,0.177288261466199,693,329,"1050"
"YING-55",0.313694644669971,406,348,58,0.609209426070956,0.0559908611241586,397,339,0.209922934466454,409,351,"1050"
"Yu796 NS",0.168683858893296,390,223,167,0.565006978608075,0.0306166036583278,378,211,0.107218173122694,380,213,"1050"
"ZS365",0.220913801921613,591,293,298,0.506825389633376,0.0489621889053427,617,319,0.157477606460348,605,307,"1050"
"ZS635",0.0957607357722085,245,93,152,0.570553024888047,0.0182938097768633,246,94,0.0633235787288699,248,96,"1050"
"1538",0.113252793833754,265,136,129,0.609579656460918,0.0223132537956206,261,132,0.0931462822590303,299,170,"1100"
"29MIBZ2",0.111066354477668,193,131,62,0.635119968995657,0.0256704161443724,230,168,0.0827116203974069,192,130,"1100"
"2FACC",0.0882248260934233,95,76,19,0.668391910940813,0.0179669652719404,105,86,0.0604494947080605,88,69,"1100"
"2MA22",0.182970019189351,589,258,331,0.51245717570346,0.0397883481129408,618,287,0.137169816238009,593,262,"1100"
"3IJI1",0.308536361994737,521,353,168,0.595903031912868,0.0582875926515521,513,345,0.190696087366309,503,335,"1100"
"4226",0.132056791475747,441,180,261,0.556929759548371,0.0270631717449736,441,180,0.0986872464482772,444,183,"1100"
"4N506",0.275082503201737,465,338,127,0.610688680278853,0.0438532118988485,430,303,0.186296341033802,454,327,"1100"
"6M502",0.0911003627248904,184,83,101,0.61958183388181,0.0155606214260446,165,64,0.0626085074100752,174,73,"1100"
"6M502A",0.321244098214626,553,357,196,0.586892853463461,0.0581548432199076,539,343,0.189022020804091,529,333,"1100"
"764",0.133237769874869,474,182,292,0.540930060893474,0.0259783192001225,462,170,0.0963161014760955,468,176,"1100"
"78010",0.170879216261864,510,241,269,0.554039392565354,0.0296886753809873,473,204,0.12349912908641,508,239,"1100"
"793",0.0291610862226389,324,12,312,0.527438197594343,0.00753650034900646,331,19,0.0235162711907318,327,15,"1100"
"87916W",0.177690114361629,284,250,34,0.651431476523742,0.0379697948735795,304,270,0.123094975098759,272,238,"1100"
"911",0.0258247543428442,231,10,221,0.574696887280125,0.00476394093533705,230,9,0.0205126665732207,232,11,"1100"
"912",0.0634144847257813,384,44,340,0.500813769437865,0.0168782729207002,418,78,0.0525052791994165,393,53,"1100"
"91IFC2",0.0665885172794653,125,48,77,0.628129899478386,0.0159689148694276,145,68,0.0505722742742399,126,49,"1100"
"A",0.115273966007542,335,140,195,0.587568121786541,0.0188605405939776,287,92,0.0731965457835464,296,101,"1100"
"A208",0.0790428790952767,373,63,310,0.528545811860675,0.0200801004626124,416,106,0.0627189895481675,384,74,"1100"
"A239",0.0748402661181248,80,57,23,0.661263625845786,0.0117904623496654,55,32,0.0419371570069372,56,33,"1100"
"A272",0.0617633232802871,358,39,319,0.523938823717473,0.0137777439552088,367,48,0.0490319633918639,365,46,"1100"
"A305",0.163071678936634,535,228,307,0.530423261838695,0.0303504940128154,516,209,0.122199438512782,542,235,"1100"
"A322",0.100266502663543,360,107,253,0.560754738962132,0.0236783778542586,397,144,0.0762008663311471,361,108,"1100"
"A334",0.0947196608658488,253,93,160,0.597890545057416,0.0245668387665217,316,156,0.0765482073075918,269,109,"1100"
"A340",0.0987849789786075,110,103,7,0.687397049835162,0.0257817642855487,176,169,0.0803526484707605,128,121,"1100"
"A374",0.288934412332124,393,345,48,0.64067177924371,0.0450551257046976,356,308,0.193896284688295,388,340,"1100"
"A385",0.118553900344608,419,148,271,0.552897989398739,0.0290484285998988,467,196,0.0913870053546063,434,163,"1100"
"A401",0.123247815503566,322,157,165,0.596520813077573,0.0286968792485487,359,194,0.112111428087865,377,212,"1100"
"A427",0.225033008932084,348,298,50,0.639713681557147,0.0368964541371211,310,260,0.150919741044878,335,285,"1100"
"A548",0.077766312747355,234,62,172,0.59490972489443,0.0170970034655765,251,79,0.0577378016528669,228,56,"1100"
"A572",0.407198681687407,661,365,296,0.536331115488337,0.0867696219921038,661,365,0.30016900208058,661,365,"1100"
"A619",0.0360854473591867,331,18,313,0.526760804415882,0.00806148214473757,334,21,0.0291755308684018,333,20,"1100"
"A627",0.157095094507994,537,216,321,0.521884684365078,0.0367284250863152,579,258,0.119055552108668,550,229,"1100"
"A632",0.37016580247221,431,363,68,0.63244908796882,0.065073125754662,425,357,0.215355355368419,420,352,"1100"
"A635",0.18898318609387,398,265,133,0.608437717733624,0.0413367629404096,425,292,0.140788796432434,400,267,"1100"
"A641",0.169383498087439,575,238,337,0.506265989975723,0.0378696846446541,606,269,0.137635610747727,601,264,"1100"
"A648",0.310231525153852,626,354,272,0.551955627293025,0.0565998120739977,610,338,0.206679836004538,621,349,"1100"
"A663",0.100659618711985,217,108,109,0.61676441624907,0.0195831977544129,211,102,0.0650212819328156,190,81,"1100"
"A672",0.31871774324023,435,356,79,0.626933961864583,0.0518375607841193,410,331,0.214204430452241,430,351,"1100"
"A674",0.0099521435648384,55,3,52,0.637624990357575,0.00208125283973233,55,3,0.00847788229376849,55,3,"1100"
"A679",0.342920981443979,627,361,266,0.55565703057663,0.0605927273246003,619,353,0.230016086707184,624,358,"1100"
"A680",0.05480256677794,116,33,83,0.625861550550076,0.0127271161112133,125,42,0.0497686705411612,131,48,"1100"
"A682",0.253283479260499,548,329,219,0.575391572811663,0.0450839085818765,528,309,0.171674375456615,536,317,"1100"
"A71",0.0925405514290382,206,87,119,0.613933139970561,0.0239689893085721,270,151,0.0746947713247765,223,104,"1100"
"A73",0.156307944174671,277,214,63,0.633458153591279,0.0336160912042448,298,235,0.115069118291591,283,220,"1100"
"A797NW",0.304698592640935,631,350,281,0.54852607543034,0.0822896809650693,644,363,0.255920823090717,643,362,"1100"
"AQA3",0.247160567854352,551,322,229,0.570183320151913,0.0533412448434874,564,335,0.170429997373584,544,315,"1100"
"AS6103",0.157500851327211,279,218,61,0.635128687082116,0.0241467458500315,214,153,0.103991160311771,257,196,"1100"
"AusTRCF 306238",0.117278982879154,493,146,347,0.489953531813423,0.0175243244908976,431,84,0.0752032916460958,453,106,"1100"
"B-18 INBR.FR.SUPERGOLD",0.168315485695532,359,236,123,0.612656827258804,0.0268970902816289,302,179,0.115018882564331,341,218,"1100"
"B-28",0.137872615416012,205,191,14,0.676624996976735,0.0322133283357363,235,221,0.104473557760362,211,197,"1100"
"B103",0.201786966788966,417,277,140,0.604842693070843,0.0324476169096207,363,223,0.114367321606545,356,216,"1100"
"B104",0.0593306855705709,156,36,120,0.613836927530448,0.0123355082043703,159,39,0.0425948846935098,154,34,"1100"
"B105",0.115891726622764,305,141,164,0.596663929551848,0.0265723394010555,339,175,0.0877666577437282,317,153,"1100"
"B108",0.0657280349673607,231,46,185,0.590144843357411,0.0152185605209305,246,61,0.0482875893377899,228,43,"1100"
"B109",0.371154844885952,639,364,275,0.55020649717867,0.0842405386891772,639,364,0.282144219583967,639,364,"1100"
"B110",0.143293528382377,304,198,106,0.617217559120177,0.0313097308053581,320,214,0.113644179049,321,215,"1100"
"B111",0.0416159658059987,80,22,58,0.635934562081156,0.00725513670768533,75,17,0.024848332394052,75,17,"1100"
"B115",0.0667030638444932,262,49,213,0.57664411430437,0.0105855308956348,242,29,0.0389475976682675,243,30,"1100"
"B119",0.146765312104954,431,200,231,0.567380903228573,0.0333823740824937,462,231,0.111438654342124,441,210,"1100"
"B120",0.248297637528155,520,323,197,0.586820017411231,0.0388486049510921,476,279,0.166532611530109,506,309,"1100"
"B121",0.275518305859606,521,339,182,0.591504614939841,0.0448859995638361,488,306,0.164992592215908,488,306,"1100"
"B14A",0.232065462934125,522,310,212,0.57681501052762,0.036589432971161,468,256,0.156374490118739,507,295,"1100"
"B164",0.164479315368839,242,229,13,0.676794283157895,0.0360569573234669,267,254,0.144112087515585,286,273,"1100"
"B2",0.214162963020326,468,292,176,0.59361119426204,0.0350983587453081,426,250,0.151206064724881,463,287,"1100"
"B37",0.211362216522489,492,290,202,0.583492719100058,0.0344273507438845,443,241,0.124120708326688,443,241,"1100"
"B47",0.106464589139726,432,123,309,0.529002867702807,0.0230403223648943,446,137,0.0916458482692786,474,165,"1100"
"B57",0.0647555482359142,299,45,254,0.560273007781629,0.0143850750000227,308,54,0.0479103961402323,295,41,"1100"
"B66",0.119409724498795,375,150,225,0.572193490182027,0.0200475831019268,330,105,0.0822289306649662,353,128,"1100"
"B68",0.127496763657981,326,170,156,0.598701334586722,0.0202597913529108,265,109,0.071805523576424,256,100,"1100"
"B73",0.187544598065656,421,262,159,0.598164527963153,0.039265965075884,442,283,0.151089610601854,445,286,"1100"
"B75",0.211027458336489,644,289,355,0.46796337521848,0.0459205677068418,669,314,0.18406972742685,679,324,"1100"
"B76",0.202837788911653,291,279,12,0.679580547590547,0.0411355089444475,302,290,0.135618615781063,272,260,"1100"
"B77",0.0446172403290808,129,25,104,0.618827801668484,0.0110838769804482,134,30,0.034999826021099,130,26,"1100"
"B79",0.140995381443724,351,196,155,0.598898026583621,0.0236190756193616,298,143,0.0949881656898422,329,174,"1100"
"B87",0.0676828809577819,97,51,46,0.643797854684021,0.015253948290351,108,62,0.0602004434214831,113,67,"1100"
"B88",0.0707775663489637,257,53,204,0.582404517916734,0.0155549851227857,267,63,0.0525590864576371,258,54,"1100"
"B91",0.113167632806935,176,135,41,0.645706331107781,0.0239567848768113,191,150,0.0828155701010538,173,132,"1100"
"B97",0.0593517639017849,335,37,298,0.535715725390644,0.0118973461565546,332,34,0.0492851434347385,345,47,"1100"
"BEI 10 = NORTH 10",0.0298940551304527,239,13,226,0.571207783227501,0.00556626761569454,237,11,0.0235573251431194,242,16,"1100"
"BO9",0.177635886787254,428,249,179,0.592173084419784,0.031058996748772,392,213,0.126150787121642,424,245,"1100"
"CA-4",0.204099026121401,315,282,33,0.65194307665602,0.0353028230433725,285,252,0.145924076506558,310,277,"1100"
"CG102",0.102348554926527,278,112,166,0.596351704751082,0.0250874290847637,327,161,0.0788916493728984,282,116,"1100"
"CH701-30",0.111243692782068,258,132,126,0.611080985325107,0.0237459188884692,272,146,0.0860189130575626,271,145,"1100"
"CH711-10",0.207686075764027,630,284,346,0.494387477265732,0.0492845134266271,673,327,0.155117589009958,640,294,"1100"
"CH753-4",0.274757597081614,570,336,234,0.566676269768583,0.0577626975724512,575,341,0.20468050554539,581,347,"1100"
"CH9",0.148089917185225,449,202,247,0.561961388407646,0.021395189483748,369,122,0.0917886137880682,413,166,"1100"
"CI 40H",0.0808358760053599,88,67,21,0.665874153461667,0.0174876406783887,104,83,0.0648231076362493,101,80,"1100"
"CM105",0.183027771707327,332,259,73,0.629494124631139,0.0347500957186539,318,245,0.147654585583206,354,281,"1100"
"CQ702RC",0.0328420179798731,205,17,188,0.589340457821785,0.00657149247299383,201,13,0.0272442407099593,206,18,"1100"
"CR 22 INBRED",0.167582318808768,288,235,53,0.637548597405029,0.0305682989415291,263,210,0.126581968312184,301,248,"1100"
"DE2",0.123842599599811,452,159,293,0.540524769580519,0.0333691428232551,523,230,0.103784177508767,488,195,"1100"
"DE3",0.0916869255375202,451,85,366,0.293798737190457,0.0246698379123196,524,158,0.0767309732474415,476,110,"1100"
"DE4",0.133593320707685,423,185,238,0.565378806188687,0.0298191675639949,444,206,0.0987857105857622,422,184,"1100"
"DE811",0.0708110397532273,245,54,191,0.588651619325251,0.0186677748523125,280,89,0.0578210591785368,248,57,"1100"
"DJ7",0.219509569372186,461,294,167,0.596077106342029,0.0467989037910272,488,321,0.157894570685285,466,299,"1100"
"DK3IIH6",0.182393404584239,419,257,162,0.59685906776848,0.0386305344123831,437,275,0.135935785534051,423,261,"1100"
"DK4676A",0.159183258787344,486,222,264,0.556320536760796,0.0325486729420184,489,225,0.112270961780267,477,213,"1100"
"DK78002A",0.11438911176121,180,138,42,0.645446568401541,0.0237176906037962,187,145,0.0872343928202334,190,148,"1100"
"DK78010",0.0186168879489673,121,6,115,0.614598273839079,0.00348020805573692,120,5,0.0148864898134319,121,6,"1100"
"DK78371A",0.12885887475497,307,172,135,0.608153443028768,0.029474152774154,336,201,0.101378864988994,324,189,"1100"
"DKFAPW",0.206594969485081,405,283,122,0.613271203807048,0.0543348574774264,458,336,0.169218677033984,435,313,"1100"
"DKFBHJ",0.173623444051693,272,245,27,0.656633679264593,0.0375625157705919,293,266,0.130042776210441,279,252,"1100"
"DKMBNA",0.116697689843626,391,143,248,0.561772313372956,0.019777797243836,351,103,0.0678548335886223,335,87,"1100"
"DKPB80",0.200671878864968,331,276,55,0.636848049305701,0.0400457532557955,343,288,0.130075741964272,308,253,"1100"
"E8501",0.270331246453847,660,334,326,0.517100610635616,0.04654957439884,645,319,0.199112224338746,670,344,"1100"
"EAST 028",0.103014286600981,174,114,60,0.635221304495822,0.0185506411482715,148,88,0.079762227650636,179,119,"1100"
"Eng-Li Chih",0.07705751101902,81,59,22,0.661702458412922,0.0122565875274397,60,38,0.0511343971853284,72,50,"1100"
"F118",0.19348350001328,284,269,15,0.673757552687984,0.0387388064777671,293,278,0.144660098565535,290,275,"1100"
"F2834T",0.0531334388447663,220,30,190,0.588817172561704,0.0121752163982463,227,37,0.0466096818466796,228,38,"1100"
"FBLA",0.109037971082957,229,126,103,0.619046698742657,0.0214500785059701,226,123,0.0893255310878507,263,160,"1100"
"FR19",0.459565684889206,731,366,365,0.353511908778941,0.0990952293053306,731,366,0.360818649635311,731,366,"1100"
"H105W",0.153153099597089,380,211,169,0.595780790153904,0.0374581604788554,433,264,0.117900960897108,395,226,"1100"
"H110",0.0854992007572476,142,72,70,0.631797707359391,0.0192790325053518,170,100,0.0653479978036362,153,83,"1100"
"H113",0.208043622103024,463,285,178,0.592380701025534,0.0416640897136855,474,296,0.15124942992824,466,288,"1100"
"H121",0.0887267402350563,342,77,265,0.555980877307865,0.0187027875459085,356,91,0.0650843536372391,347,82,"1100"
"H122w",0.0629484568589833,376,41,335,0.507403658515443,0.0141896958655165,386,51,0.0481291621651648,377,42,"1100"
"H5",0.0410804318047294,159,21,138,0.605462045032465,0.0102652342212962,166,28,0.0321514840300937,162,24,"1100"
"H71",0.0937250766779254,156,91,65,0.633065913798218,0.0162765692953632,136,71,0.0687921920444629,156,91,"1100"
"H84",0.102897086473919,294,113,181,0.591636382498343,0.0219856009935365,310,129,0.0876697911574036,332,151,"1100"
"H91",0.17429399867632,321,246,75,0.628874526419114,0.0316920351206128,290,215,0.111322025342549,284,209,"1100"
"H95",0.179603490347105,466,255,211,0.578219866674478,0.0321407552947454,431,220,0.137397417424643,474,263,"1100"
"H96",0.125621056518043,322,165,157,0.598628344810158,0.0191286754878312,252,95,0.0815400060572451,281,124,"1100"
"H99",0.0969625572154787,229,95,134,0.608356486460069,0.0253980507701458,298,164,0.0790757824230125,251,117,"1100"
"HP301",0.190159006078671,353,266,87,0.623677376421708,0.0463621045148448,405,318,0.146778621906745,367,280,"1100"
"HUOBAI",0.230521492001246,645,306,339,0.503352288372628,0.0615220344550817,695,356,0.191365785949598,676,337,"1100"
"Hy",0.0834504040341388,309,69,240,0.564872424562012,0.018917019031907,333,93,0.0634876452743968,317,77,"1100"
"I29",0.283962189700407,381,342,39,0.64639531254257,0.0494693604207616,368,329,0.165170549669112,346,307,"1100"
"Ia 453",0.179542902356645,258,254,4,0.711224706705455,0.03871276989927,281,277,0.132157523857311,261,257,"1100"
"IA2132",0.169831106252079,246,240,6,0.68757412782802,0.0379783749207304,277,271,0.131910977997787,262,256,"1100"
"IBB15",0.0631625386349292,53,43,10,0.681169689173852,0.014047099091001,59,49,0.0467232740263825,49,39,"1100"
"IBC2",0.128900163063208,397,173,224,0.573269361191995,0.0260217547656272,395,171,0.107590521950627,427,203,"1100"
"ICI 193",0.111794189468986,193,134,59,0.635381296867406,0.0217240212882651,186,127,0.0867500422281095,205,146,"1100"
"ICI 740",0.228841389839492,570,302,268,0.55519907735527,0.0440624215779684,573,305,0.171659311989604,584,316,"1100"
"ICI 893",0.085241220577311,220,70,150,0.60038495335014,0.0183723270544761,237,87,0.0659193229330322,235,85,"1100"
"ICI 986",0.159331681775848,362,223,139,0.60522218250958,0.0248397327786428,298,159,0.106847857407543,340,201,"1100"
"IDS28",0.1333527791994,209,183,26,0.657200141535229,0.0192697536453346,125,99,0.0827290613937292,157,131,"1100"
"IDS69",0.156842278418987,559,215,344,0.495220657114107,0.0297231277516558,549,205,0.110037355125061,550,206,"1100"
"IDS91",0.0609691058635691,340,38,302,0.533498922128084,0.0129818771588198,345,43,0.052416279324788,354,52,"1100"
"INB 101LFY/LFY (A632 X M16 S5)",0.337489644824806,682,360,322,0.521612740599233,0.0600889422274595,671,349,0.198919853717925,665,343,"1100"
"INBRED 141",0.202547679994278,420,278,142,0.604425622302814,0.0381914233395863,415,273,0.162793007152937,445,303,"1100"
"INBRED 2-687",0.14166313996473,484,197,287,0.544944040183012,0.02278637821706,422,135,0.0981608346686654,468,181,"1100"
"INBRED 305",0.264664990551188,685,333,352,0.477029154253023,0.0385282660871743,626,274,0.159270413668935,653,301,"1100"
"INBRED 321",0.125246274424288,450,164,286,0.54495265460292,0.0338632649860117,522,236,0.105303449688239,485,199,"1100"
"K150",0.0993267529716094,132,104,28,0.654860596730958,0.0194390703958658,129,101,0.0716359187873093,127,99,"1100"
"K41",0.318218198089628,500,355,145,0.602428566594138,0.0601431198683382,495,350,0.200375527947519,490,345,"1100"
"K47",0.160773813772076,503,225,278,0.54954955218512,0.0348919930478286,524,246,0.130623360395829,532,254,"1100"
"KUNG-70",0.0685383235757874,355,52,303,0.533284733486944,0.0143444770141578,355,52,0.0583322874762502,362,59,"1100"
"L 127",0.139868208490614,463,193,270,0.553713385780225,0.0245928797816713,427,157,0.0982991771622449,452,182,"1100"
"L 139",0.105879122205448,232,120,112,0.615644405233516,0.0205334467771766,223,111,0.0836133406086346,247,135,"1100"
"L 289",0.16549263537851,345,231,114,0.61487890465249,0.0329454483069321,341,227,0.118622686804265,342,228,"1100"
"LH1",0.0917065229964588,331,86,245,0.562814784611823,0.0224462848278999,379,134,0.0709573969706434,342,97,"1100"
"LH119",0.134699100844971,363,186,177,0.59301741993495,0.034269059046657,415,238,0.10701527174479,379,202,"1100"
"LH128",0.0370452812511274,225,20,205,0.582318469063849,0.00909373582043512,229,24,0.0287170384413517,224,19,"1100"
"LH143 (Maintainer)",0.229749207628381,329,305,24,0.660319902111435,0.0463090408983944,340,316,0.15659060263338,320,296,"1100"
"LH146Ht",0.152419364996919,298,208,90,0.622901680975466,0.0289820346968958,285,195,0.0938908950668373,262,172,"1100"
"LH149",0.139919534427671,283,194,89,0.622960087069662,0.0294519497460684,289,200,0.091989900196217,256,167,"1100"
"LH165",0.0770816997164656,303,60,243,0.56403343587008,0.0191665801865827,339,96,0.0600905430163828,309,66,"1100"
"LH166",0.226832913737557,558,300,258,0.558175828902094,0.0417970512733221,555,297,0.16166446244456,560,302,"1100"
"LH181",0.151220298619794,517,206,311,0.527798553157352,0.0345237261059328,553,242,0.115027723444968,530,219,"1100"
"LH184",0.233900456451236,439,315,124,0.612320958927736,0.0420501341377904,422,298,0.143449474770683,396,272,"1100"
"LH190",0.0936452509777693,306,90,216,0.575968267846362,0.014656587734753,274,58,0.0592030127966104,277,61,"1100"
"LH192",0.274578697311351,555,335,220,0.575189069683615,0.0614069725236597,575,355,0.223498864036397,575,355,"1100"
"LH194",0.30318875224582,674,349,325,0.518219947242537,0.060162084895196,676,351,0.189782010276973,659,334,"1100"
"LH195",0.165370832585952,367,230,137,0.606578090175137,0.0231512755909038,275,138,0.0994895271352437,322,185,"1100"
"LH197",0.101238903347399,202,109,93,0.622143063905721,0.0192101817301771,190,97,0.0816468225290911,219,126,"1100"
"LH198",0.128176509635082,179,171,8,0.685016030715989,0.0238517378921021,156,148,0.102250508117725,198,190,"1100"
"LH202",0.130379666494124,363,176,187,0.589635903374832,0.0239067260225132,336,149,0.0801547436644093,307,120,"1100"
"LH204",0.236733555827647,539,316,223,0.573422185633292,0.0457667176110098,536,313,0.192873219307285,562,339,"1100"
"LH205",0.157484462723761,568,217,351,0.478009443373226,0.0291213232490459,548,197,0.102553396455107,544,193,"1100"
"LH206",0.0314732064847124,133,16,117,0.614380791467846,0.00513619252091977,127,10,0.0197603784441451,127,10,"1100"
"LH208",0.1226098546408,261,156,105,0.617518295049547,0.0222587179285953,236,131,0.0884716898562974,262,157,"1100"
"LH209",0.0916760899293289,184,84,100,0.619775900731188,0.0216749625745636,226,126,0.069030088103971,193,93,"1100"
"LH214",0.1102414604471,429,128,301,0.534393154789698,0.0186906944900799,391,90,0.0786544984001911,415,114,"1100"
"LH215",0.233412852885942,612,313,299,0.535183153867961,0.0351764475408558,550,251,0.151481014928587,588,289,"1100"
"LH222",0.101694989807051,227,111,116,0.61449619960096,0.021326581602674,237,121,0.0867724735297967,263,147,"1100"
"LH223",0.117157371189778,325,145,180,0.591781744957917,0.0272851045922605,362,182,0.0887253477182715,339,159,"1100"
"LH224",0.243622484342909,602,320,282,0.548366855902035,0.0589695614187368,629,347,0.187254889922926,611,329,"1100"
"LH295",0.0898732863630608,320,79,241,0.564697335400822,0.014495467919354,297,56,0.0599651756269261,304,63,"1100"
"LH60",0.0249994767281622,235,8,227,0.571044408706259,0.00574988812029245,239,12,0.0189240826251028,235,8,"1100"
"LH74",0.0364074459522255,88,19,69,0.632111944528984,0.00812864944706605,91,22,0.0293004506284482,90,21,"1100"
"LH82",0.0864203729580699,232,74,158,0.598506788147759,0.0140531339726081,208,50,0.0605326792170233,228,70,"1100"
"LH93",0.129777285276869,528,174,354,0.476059603149705,0.0298883549894485,561,207,0.117235622903064,578,224,"1100"
"LIBC 4",0.121776518865595,200,155,45,0.644189209764456,0.0281298228159021,231,186,0.0921628800396336,213,168,"1100"
"LP1 NR HT",0.153127929483975,221,210,11,0.679666172674038,0.0237995950099062,158,147,0.0879023296008569,166,155,"1100"
"LP5",0.131888366713791,372,179,193,0.588222017185783,0.0283460532870034,384,191,0.0943068146664459,366,173,"1100"
"M14",0.124311058096557,435,162,273,0.551485575062816,0.0217352185726629,401,128,0.087282626258624,422,149,"1100"
"MBPM",0.0792023305419979,237,64,173,0.594710212984158,0.0157221605268272,238,65,0.0604450849793994,241,68,"1100"
"MBWZ",0.160797376494145,456,226,230,0.568765394239809,0.0349847236672035,479,249,0.116015567605005,453,223,"1100"
"MM501D",0.10343532312454,457,115,342,0.497028272253113,0.0173408138389804,423,81,0.0744375043150101,445,103,"1100"
"Mo17",0.0868909793890012,205,75,130,0.609339704975517,0.0206359365532255,242,112,0.0655965561293818,214,84,"1100"
"Mo1W",0.175979122067634,458,248,210,0.578606696594919,0.0332509427242115,439,229,0.141507067972878,479,269,"1100"
"Mo46",0.287796318876086,674,344,330,0.513565393475909,0.0415734639916175,624,294,0.178220182767634,648,318,"1100"
"Mo47",0.0975594567924648,241,100,141,0.604587015882818,0.0221454491046489,271,130,0.0836299270005534,278,137,"1100"
"Mo5",0.20937665216067,312,287,25,0.658724466467842,0.0374984527376433,290,265,0.148977527240252,307,282,"1100"
"MQ305",0.105781172185049,451,119,332,0.51069398907633,0.0159167775539282,398,66,0.068402220495196,422,90,"1100"
"MS116",0.06610518051969,375,47,328,0.51558467894102,0.0146153178718653,385,57,0.0582208284603793,386,58,"1100"
"MS132",0.229431000052646,546,304,242,0.564151482142883,0.0335674775076078,476,234,0.129784574559725,493,251,"1100"
"MS200",0.100265768232128,385,106,279,0.549485451156223,0.0201050750946667,386,107,0.0832744020735108,412,133,"1100"
"MS211",0.110961793734065,366,130,236,0.565937657754184,0.0209294944488087,355,119,0.0811450222360751,358,122,"1100"
"MS221",0.114492961263056,169,139,30,0.654376214140228,0.0248830924508063,190,160,0.0859052233950022,174,144,"1100"
"MS224",0.167005020717732,300,234,66,0.633006042923055,0.0341214012784897,303,237,0.11463997490907,283,217,"1100"
"MS225",0.155560127885301,310,212,98,0.620772049845288,0.028144341741368,285,187,0.103627380854714,292,194,"1100"
"MS226",0.105272946194796,438,118,320,0.523260854999857,0.0165143598121088,392,72,0.070866287812373,415,95,"1100"
"MS24A",0.0629524274576577,391,42,349,0.485486441802243,0.0100491505711123,376,27,0.043223168192,384,35,"1100"
"MS67",0.183311617364163,620,260,360,0.458137079291791,0.0342964559204158,599,239,0.14664355443775,639,279,"1100"
"MS71",0.196909319478377,369,272,97,0.621355785143824,0.0440230127101073,401,304,0.153538377581855,387,290,"1100"
"MS72",0.194477893524946,388,270,118,0.614141221373178,0.0358849059235698,371,253,0.154477310011082,410,292,"1100"
"N192",0.344775797461021,393,362,31,0.653573830459405,0.0666616902739293,390,359,0.258199982060437,394,363,"1100"
"N193",0.0971389541832558,373,97,276,0.549942390178597,0.0165523462446499,350,74,0.0606105111183561,347,71,"1100"
"N200",0.124282405159332,476,161,315,0.525904728392123,0.0283874346781401,507,192,0.108211816717404,520,205,"1100"
"N201",0.108335619390444,154,125,29,0.654537553673868,0.0261607195048505,202,173,0.082653876056591,158,129,"1100"
"N209",0.104338475103208,401,117,284,0.545904774965234,0.0233310377953692,425,141,0.077147054562451,396,112,"1100"
"N211",0.203878939132668,345,281,64,0.633206052054925,0.052761470210307,397,333,0.164603393781872,369,305,"1100"
"N217",0.178026025077672,302,251,51,0.639357366050531,0.0420864283522327,350,299,0.135346749259572,310,259,"1100"
"N218",0.287407922481923,684,343,341,0.497457007819416,0.0661391323061094,699,358,0.217550887415624,694,353,"1100"
"N28Ht",0.0673424109980721,213,50,163,0.596669872311894,0.0116926023954016,194,31,0.0488474930289819,208,45,"1100"
"N501",0.116547198988791,442,142,300,0.535028260373723,0.0292628782465674,498,198,0.0915723508311475,464,164,"1100"
"N523",0.124029260617788,165,160,5,0.698077004900192,0.032011194177991,222,217,0.0997915323778957,191,186,"1100"
"N527",0.229391457539926,391,303,88,0.62328735331364,0.0389301290322239,368,280,0.157619680981018,386,298,"1100"
"N534",0.106253533618781,177,121,56,0.636328207245336,0.0268698529457458,234,178,0.0841557547937019,194,138,"1100"
"N542",0.296823371942803,579,346,233,0.56693066468517,0.0450032621751298,540,307,0.183994558067144,556,323,"1100"
"N6",0.126633013234559,282,169,113,0.615482492323902,0.0207654054567022,229,116,0.0815456065503158,238,125,"1100"
"NC250",0.261714606615749,668,332,336,0.506557154470195,0.0467971331046942,656,320,0.183657531345645,658,322,"1100"
"NC262",0.148591529911479,389,203,186,0.590097992539324,0.0324970283518441,410,224,0.123676055226494,426,240,"1100"
"NC294",0.116852085165829,236,144,92,0.622289160594183,0.0232130320567498,231,139,0.0844182034816334,231,139,"1100"
"NC310",0.132585112955751,259,181,78,0.627799167742497,0.0207966092847587,195,117,0.0878396781645714,232,154,"1100"
"NC326",0.245347126316277,560,321,239,0.565113891373311,0.0585585368641817,585,346,0.18724574261632,567,328,"1100"
"NC328",0.278017350573522,644,340,304,0.533071606707548,0.0456938307031509,615,311,0.168088591224798,616,312,"1100"
"NC342",0.14647130619445,370,199,171,0.595204693956215,0.0282804717004362,361,190,0.119146498394162,401,230,"1100"
"NC412",0.157866662915499,483,220,263,0.5565125230269,0.0366523155238672,520,257,0.118481068079189,490,227,"1100"
"ND259",0.249131701684741,679,326,353,0.476242763994112,0.0562599151147308,690,337,0.188406021004922,684,331,"1100"
"ND265",0.322268553097492,620,358,262,0.556723780830485,0.0745019954995685,623,361,0.240990118309471,622,360,"1100"
"NK740",0.251224249877886,624,327,297,0.535804691644956,0.0576060575666699,637,340,0.220722121924755,651,354,"1100"
"NK778",0.169672006769804,483,239,244,0.563566732975075,0.0320953539714691,463,219,0.110751255083741,452,208,"1100"
"NK807",0.0925754174980754,310,88,222,0.574181966006907,0.0207016549548723,336,114,0.0753130209754598,329,107,"1100"
"NKS8326",0.209297456711104,563,286,277,0.549611909679788,0.0457006267380174,589,312,0.141437750872766,545,268,"1100"
"NORTH 7",0.152944687149272,525,209,316,0.52550030862012,0.0285802879048803,509,193,0.122273805269298,552,236,"1100"
"NQ508",0.185332075470018,333,261,72,0.630248263512495,0.0381728035718212,344,272,0.142415724112753,342,270,"1100"
"NS501",0.0486794889368427,283,28,255,0.559111812453409,0.01271366230994,296,41,0.0395918447469219,286,31,"1100"
"NS701",0.29879020563413,681,347,334,0.507562112891332,0.0791820344042161,696,362,0.24636545556794,695,361,"1100"
"NY6371",0.169165467980662,275,237,38,0.64885328417566,0.0372456288405223,299,261,0.119573546419356,269,231,"1100"
"Ny821",0.111533706348463,219,133,86,0.623886344297731,0.0223453821792938,219,133,0.0913484688800668,248,162,"1100"
"OH33",0.232907242662487,411,312,99,0.619941697483516,0.0491269050176791,425,326,0.170124792850485,413,314,"1100"
"Oh40B",0.218587918341081,342,293,49,0.640244409194847,0.0491074486561563,374,325,0.185470702206595,375,326,"1100"
"Oh43",0.172045586102388,531,243,288,0.543829187736145,0.0343747780819475,528,240,0.123060925520038,525,237,"1100"
"Oh7",0.0431637680887803,332,24,308,0.529142568707635,0.00796675014165419,328,20,0.0342952722655699,333,25,"1100"
"OQ403",0.139677649880127,340,192,148,0.600838403794452,0.0295225522101391,350,202,0.110236141954768,355,207,"1100"
"OQ603",0.110569153872726,166,129,37,0.650113280625453,0.0282044113974777,225,188,0.0880451018302488,193,156,"1100"
"Os420",0.0906679150177914,125,81,44,0.64436929223832,0.0148233706167337,103,59,0.0599700969552275,109,65,"1100"
"OS602",0.239773594134032,518,318,200,0.584120274872369,0.0348982931957232,447,247,0.149083225747043,483,283,"1100"
"Pa392",0.196799553002697,489,271,218,0.575498311972243,0.042379121433426,519,301,0.154405293516456,509,291,"1100"
"Pa405",0.119867618685245,436,151,285,0.545803455248002,0.0266201939869524,462,177,0.0886905143594833,443,158,"1100"
"Pa875",0.322818260832592,503,359,144,0.603186767035531,0.0532199244769625,478,334,0.229188693984873,501,357,"1100"
"Pa880",0.030185877080712,17,14,3,0.718028431550556,0.00705683007054277,18,15,0.022594403710818,15,12,"1100"
"Pa91",0.106445395343944,232,122,110,0.616723456379424,0.0272522044023226,291,181,0.0851558180704004,251,141,"1100"
"PH207",0.0226771408101997,83,7,76,0.628483283137973,0.00431443764214133,83,7,0.0161425186116117,83,7,"1100"
"PHB09",0.190347566201052,421,267,154,0.599228741602307,0.0414854017855124,447,293,0.145079388160989,430,276,"1100"
"PHB47",0.165690375318543,324,233,91,0.622387741809959,0.0394722346295226,376,285,0.126348659293188,337,246,"1100"
"PHBA6",0.0482970649864667,155,27,128,0.610651933193976,0.0124562023634223,168,40,0.0388784444241907,157,29,"1100"
"PHBB3",0.17885583643964,361,253,108,0.616793646573924,0.0324241786397886,330,222,0.115229825756562,330,222,"1100"
"PHEG9",0.0985464712433866,148,101,47,0.643737635806046,0.0209224247537482,165,118,0.0769748138987367,158,111,"1100"
"PHG29",0.221261627201328,619,296,323,0.51923538759527,0.0368751435354942,582,259,0.133937912135896,581,258,"1100"
"PHG47",0.0716835024235302,416,55,361,0.456108695542828,0.0143631479643118,414,53,0.0513734006765488,412,51,"1100"
"PHG71",0.107029224613082,144,124,20,0.666105412780939,0.0274341138613238,203,183,0.0857076343915954,163,143,"1100"
"PHG80",0.0255553319709351,208,9,199,0.585045189275205,0.00467344135396067,207,8,0.0197286427788247,208,9,"1100"
"PHG83",0.160072664669349,432,224,208,0.580201970095458,0.0293184656286745,407,199,0.122003563781728,442,234,"1100"
"PHG86",0.231569282823251,403,309,94,0.621782642782072,0.0494173269905902,422,328,0.178918650532915,413,319,"1100"
"PHH93",0.172876675488352,558,244,314,0.526717005344648,0.0334965509284023,546,232,0.127679058351569,564,250,"1100"
"PHHH9",0.0746514676823736,270,56,214,0.576410634352323,0.0137664035366794,261,47,0.0592843132107205,276,62,"1100"
"PHHV4",0.135212561535758,393,187,206,0.582316083654014,0.0256039802979018,373,167,0.095648162993265,381,175,"1100"
"PHJ70",0.275034631437991,695,337,358,0.459719422393662,0.0605385043305401,710,352,0.232731567907386,717,359,"1100"
"PHJ89",0.261168041235283,679,331,348,0.48968776342616,0.0421559787245112,648,300,0.181035666865988,668,320,"1100"
"PHJ90",0.130829748862608,302,177,125,0.61122754885927,0.0309153530296482,337,212,0.0968999404111135,303,178,"1100"
"PHJR5",0.197748914299045,358,273,85,0.625373337936399,0.03292363252707,311,226,0.140555022473421,351,266,"1100"
"PHK35",0.0579773088405958,272,35,237,0.565450691698089,0.00961123059067466,263,26,0.0377444341966782,265,28,"1100"
"PHK42",0.079884932860188,146,66,80,0.626582668114328,0.0161258204342869,149,69,0.0666761519749695,166,86,"1100"
"PHK56",0.075769303715316,309,58,251,0.561027059014509,0.0144715856946591,306,55,0.0467676851446118,291,40,"1100"
"PHK74",0.0446606259570955,121,26,95,0.621650260622914,0.00722778661820988,111,16,0.0307188376831948,117,22,"1100"
"PHKE6",0.0795694494987869,282,65,217,0.575763073823661,0.0133676889720612,261,44,0.0571390586537042,272,55,"1100"
"PHM10",0.0306264125782316,267,15,252,0.560988026620678,0.00693484480484296,266,14,0.0233184913562067,266,14,"1100"
"PHN11",0.00380850247804604,193,1,192,0.588611456325066,0.000815573651301632,193,1,0.00328532725651666,193,1,"1100"
"PHN29",0.0935835203707956,232,89,143,0.603527240041297,0.016265668109805,213,70,0.0683414372418589,232,89,"1100"
"PHN66",0.140167602079315,306,195,111,0.616628090070163,0.0261024014944265,283,172,0.0921951556234794,280,169,"1100"
"PHN82",0.0960765763566961,374,94,280,0.548920024992771,0.021468881309516,404,124,0.0748537042216733,385,105,"1100"
"PHP02",0.150481082533704,411,204,207,0.580569125002835,0.0280769649013538,392,185,0.12026328546333,439,232,"1100"
"PHP55",0.198722433340333,371,275,96,0.62155043814551,0.0394845552279233,382,286,0.124791460013566,338,242,"1100"
"PHP76",0.158173915943589,288,221,67,0.632641487428687,0.0376530908848448,334,267,0.117737274786535,292,225,"1100"
"PHP85",0.126347132036299,505,167,338,0.505896090148883,0.0254850095110559,503,165,0.0932369129274233,509,171,"1100"
"PHPR5",0.0543710925762963,207,32,175,0.593855363086695,0.00871692107554073,198,23,0.037226911428777,202,27,"1100"
"PHR03",0.0909374496196242,427,82,345,0.494649750076697,0.0203151968252192,455,110,0.0709392490935224,441,96,"1100"
"PHR30",0.157533704693274,420,219,201,0.583699713202876,0.0307065122353546,412,211,0.0978485672882302,381,180,"1100"
"PHR31",0.0539623693931563,105,31,74,0.629040755035364,0.0121005852824646,110,36,0.0444883021055114,111,37,"1100"
"PHR36",0.0973049407237722,393,99,294,0.540067125732258,0.0173430120287696,376,82,0.0632648805977187,369,75,"1100"
"PHR47",0.231119110964191,511,308,203,0.583338409530809,0.0390503495181427,484,281,0.167033807747328,513,310,"1100"
"PHR63",0.10905158851897,416,127,289,0.543772570671349,0.0190566286007353,383,94,0.0645897615144098,367,78,"1100"
"PHT10",0.0987689206438445,362,102,260,0.557053031375694,0.0165425160637876,333,73,0.0690063030623132,352,92,"1100"
"PHT47",0.237315723741689,634,317,317,0.525400323894476,0.0470630556712439,640,323,0.196100904545565,658,341,"1100"
"PHT55",0.101606290559217,439,110,329,0.514508192690868,0.0192127410213094,427,98,0.0817352659911043,456,127,"1100"
"PHTM9",0.232115683886057,520,311,209,0.580044764736717,0.0508026718432742,539,330,0.202046065378053,555,346,"1100"
"PHV37",0.126309546779647,340,166,174,0.594465762305225,0.0233936645621887,316,142,0.100546206285644,362,188,"1100"
"PHV57",0.113832199198784,239,137,102,0.619414640060406,0.0276871541957702,286,184,0.0877387780386023,254,152,"1100"
"PHV63",0.118248299880529,204,147,57,0.636327455930148,0.0254890664452282,223,166,0.0848139181977134,197,140,"1100"
"PHVA9",0.0903489528551208,339,80,259,0.557702608275789,0.0206419809412547,372,113,0.0812078858547765,382,123,"1100"
"PHVJ4",0.227479161209047,485,301,184,0.590368430489172,0.0463616906993801,501,317,0.190908283287384,520,336,"1100"
"PHW03",0.0177600974283184,22,5,17,0.670323624029915,0.00398801380721426,23,6,0.0131324348954488,22,5,"1100"
"PHW17",0.12060372439903,458,153,305,0.531657291171323,0.0240280210457574,457,152,0.0998065068215317,492,187,"1100"
"PHW20",0.252537319203345,574,328,246,0.562135968219741,0.0572479296444089,585,339,0.192123120879926,584,338,"1100"
"PHW30",0.187844294852102,520,263,257,0.558718738953872,0.0295586841804912,460,203,0.127174636437114,506,249,"1100"
"PHW43",0.0813791583479355,199,68,131,0.608677814452122,0.0159180878035467,198,67,0.0613950871447609,203,72,"1100"
"PHW52",0.0774278490236976,182,61,121,0.613675082552781,0.01732990120128,201,80,0.0599675469751925,185,64,"1100"
"PHW53",0.219862164521739,551,295,256,0.55881797482113,0.0461648511986327,571,315,0.157917162681282,556,300,"1100"
"PHW80",0.126349673810524,524,168,356,0.465744867368811,0.0243538162843451,511,155,0.0968490881278766,533,177,"1100"
"PHWG5",0.120770302490122,324,154,170,0.59543153218445,0.0266180727329757,346,176,0.102530339508824,362,192,"1100"
"PHZ51",0.10354783981983,310,116,194,0.587781273123265,0.0232808405597643,334,140,0.0794435233949797,312,118,"1100"
"Q381",0.256338536433419,362,330,32,0.652880500492585,0.0451203480128556,342,310,0.167818203219554,343,311,"1100"
"R168",0.248361537023585,559,324,235,0.566544482656242,0.0401071594569533,524,289,0.165639342290512,543,308,"1100"
"R177",0.19836792414549,633,274,359,0.45921621169646,0.0365725396041388,614,255,0.157506651215288,656,297,"1100"
"R181B",0.211938087217163,300,291,9,0.684619546185409,0.038675749957034,285,276,0.126370035325496,256,247,"1100"
"R226",0.147685211097744,283,201,82,0.626476067900344,0.0216022626815049,207,125,0.0912365514475291,243,161,"1100"
"R229",0.181174583750119,574,256,318,0.52503101633735,0.03353587886876,551,233,0.1441757387572,592,274,"1100"
"R71",0.0972001959349583,99,98,1,0.729896818371974,0.0150480338576965,61,60,0.0646535310281575,80,79,"1100"
"R78",0.151873338559089,390,207,183,0.591038851537117,0.0252874429872913,346,163,0.104614953036177,381,198,"1100"
"SD101",0.130331493161957,218,175,43,0.644922561126626,0.0201750507882577,151,108,0.0855431679956636,185,142,"1100"
"SD102",0.133473306949979,224,184,40,0.646330177032234,0.0301270689464069,248,208,0.112598433259564,254,214,"1100"
"SD107",0.21092325357389,435,288,147,0.600978099858886,0.0416400287644426,442,295,0.154533414669012,440,293,"1100"
"SD40",0.230617096100979,468,307,161,0.59770018135825,0.0374090614136111,424,263,0.137713102607128,426,265,"1100"
"SD44",0.302790166524237,419,348,71,0.630736315950455,0.04862069851901,395,324,0.208351947075481,421,350,"1100"
"SG 30A",0.0528940815883292,278,29,249,0.561482411918905,0.0118267297311896,282,33,0.0411054178882598,281,32,"1100"
"T242",0.0889689995406133,185,78,107,0.616995315707732,0.0178622764523059,192,85,0.0740294936343535,209,102,"1100"
"Tr",0.226733736272962,452,299,153,0.599488353503078,0.0606620348708121,507,354,0.188717894272913,485,332,"1100"
"TZU-CHIAO-HSI-WU 105",0.135450813043663,224,188,36,0.65030530645712,0.0243070543161309,190,154,0.0973214254121463,215,179,"1100"
"Va26",0.161545664289585,551,227,324,0.518267384870876,0.0373139907817903,586,262,0.115193158673597,545,221,"1100"
"Va35",0.178783159943188,526,252,274,0.551263019325828,0.0320247044426682,492,218,0.105468314158767,474,200,"1100"
"Va52",0.0131890746707975,20,4,16,0.671055853991168,0.00208959492035457,20,4,0.00891276451597706,20,4,"1100"
"Va99",0.085271245191491,203,71,132,0.608666125216554,0.0136856079133926,178,46,0.0589718917635663,192,60,"1100"
"W182E",0.0621982321471548,367,40,327,0.516180191603201,0.0134112634329054,372,45,0.0488163908475383,371,44,"1100"
"W22",0.0996537023482591,294,105,189,0.589144991030755,0.016659182607743,265,76,0.0693004830988049,283,94,"1100"
"W23",0.223204296350758,448,297,151,0.600218013029027,0.0391337791546087,433,282,0.164076057428979,455,304,"1100"
"W24",0.171919088851003,391,242,149,0.600427764949915,0.033248560406069,377,228,0.131675326504096,404,255,"1100"
"W32",0.191554527299242,559,268,291,0.541481428498405,0.0413133987595067,582,291,0.150729497156237,575,284,"1100"
"W37A",0.155762706391013,563,213,350,0.480105682860696,0.0347363642890912,594,244,0.107871839522285,554,204,"1100"
"W552",0.0093131480902571,365,2,363,0.45035248818181,0.00137414248909605,365,2,0.00591844385392771,365,2,"1100"
"W603S",0.0421372939513844,356,23,333,0.509731001255161,0.00944713892369548,358,25,0.0311559359117399,356,23,"1100"
"W604S",0.175017431343817,479,247,232,0.567240402930839,0.0376633877925784,500,268,0.125964357258916,475,243,"1100"
"W605S",0.0855333823438187,127,73,54,0.636959623000132,0.0165731319513269,129,75,0.0633488058463906,130,76,"1100"
"W607S",0.125095170775481,469,163,306,0.530601649724613,0.0282766978733693,495,189,0.0873683979036535,456,150,"1100"
"W610S",0.136718145316995,532,189,343,0.49627931604114,0.0265538586003099,517,174,0.111672257025355,554,211,"1100"
"W611S",0.137613162261953,473,190,283,0.546678522506872,0.0317372251746227,499,216,0.102394365801301,474,191,"1100"
"W612S",0.307921336531383,618,351,267,0.555208620065625,0.0729221995311822,627,360,0.228548180459918,623,356,"1100"
"W614S",0.118589025585838,233,149,84,0.625746989715686,0.0199431012357024,188,104,0.0709774829941736,182,98,"1100"
"W64A",0.0565195062252358,249,34,215,0.576272255695682,0.0119161649487932,250,35,0.044052812847222,251,36,"1100"
"W701BC",0.123637725827619,160,158,2,0.724304950460811,0.0166819584720111,79,77,0.0681098493565704,90,88,"1100"
"W803G",0.233509557027454,542,314,228,0.570761581959632,0.0581707608006373,572,344,0.182305735260482,549,321,"1100"
"W809G",0.188362034176446,299,264,35,0.650592880119441,0.0392960390885788,319,284,0.143185754327295,306,271,"1100"
"W810G",0.165525403230596,250,232,18,0.669257195501437,0.0349105001683768,266,248,0.121295450561011,251,233,"1100"
"W811G",0.027249367835738,261,11,250,0.5612722364475,0.00729701473670637,268,18,0.0226999468325412,263,13,"1100"
"W813G",0.240596040562587,471,319,152,0.60012504876158,0.051878494665554,484,332,0.184954299339604,477,325,"1100"
"W8304",0.131838788843548,376,178,198,0.586430411594791,0.0229514359889027,334,136,0.083593872505264,332,134,"1100"
"W9",0.203073205014341,570,280,290,0.541959070634336,0.0433632474544654,592,302,0.146564748257236,568,278,"1100"
"WIL900",0.0938221968322431,454,92,362,0.455552343752607,0.0252053164342099,524,162,0.0784004686116835,475,113,"1100"
"WU-TAN-TZAO",0.150940655354522,562,205,357,0.464907087258335,0.0345655179596614,600,243,0.126029813425395,601,244,"1100"
"YE 4",0.308081526506724,716,352,364,0.433998341615965,0.057875893888425,706,342,0.20589747982741,712,348,"1100"
"YING-55",0.279280739748383,422,341,81,0.626521695223711,0.0468092458596921,403,322,0.198468497979106,423,342,"1100"
"Yu796 NS",0.120175430298872,288,152,136,0.606932641617508,0.020742434349886,251,115,0.0836160281036103,272,136,"1100"
"ZS365",0.248555569592625,620,325,295,0.538813942679224,0.058994192643096,643,348,0.187574863730486,625,330,"1100"
"ZS635",0.0971353616749318,242,96,146,0.601621360929931,0.0210677851514282,266,120,0.0787367175080722,261,115,"1100"
"1538",0.121590554926132,282,174,108,0.628613609992401,0.0243659341663476,270,162,0.0947784614015936,303,195,"1150"
"29MIBZ2",0.0922141654315684,142,90,52,0.652476519138285,0.021744361919071,179,127,0.06852895623402,152,100,"1150"
"2FACC",0.036423836500462,29,18,11,0.689716234218347,0.00735454662979435,27,16,0.0264010678352967,27,16,"1150"
"2MA22",0.181620667435734,605,266,339,0.520804687437584,0.0375352324706233,618,279,0.138461565717791,629,290,"1150"
"3IJI1",0.286413891768835,528,347,181,0.608396208515778,0.0554702676668371,528,347,0.172993878465563,509,328,"1150"
"4226",0.14641176161566,439,210,229,0.584416394778785,0.0290984087435072,446,217,0.0959543508486192,429,200,"1150"
"4N506",0.220731919479084,413,309,104,0.630041950966179,0.0404763038949645,408,304,0.162034319054664,423,319,"1150"
"6M502",0.0987603487206994,184,108,76,0.641847661040309,0.020028748339633,185,109,0.0671820282282208,172,96,"1150"
"6M502A",0.225456268955129,458,315,143,0.618906199694405,0.0403253790895619,445,302,0.126987525270932,411,268,"1150"
"764",0.1309819282997,496,191,305,0.552565021448054,0.0260714705974302,494,189,0.0901725440756198,482,177,"1150"
"78010",0.167634662351552,538,244,294,0.559893705080039,0.0327366394407055,535,241,0.119659729797986,547,253,"1150"
"793",0.0508526223660912,326,33,293,0.560255213325516,0.0123939274364003,334,41,0.0434200150697107,336,43,"1150"
"87916W",0.22398164800137,356,313,43,0.655868282619218,0.0447393111426099,360,317,0.135931560382224,327,284,"1150"
"911",0.0232884240489215,238,11,227,0.584706393870874,0.00580462064057288,239,12,0.0174870817145728,237,10,"1150"
"912",0.0893650717247715,431,84,347,0.508441421714957,0.0211758641627128,466,119,0.0636136076128068,430,83,"1150"
"91IFC2",0.0670163281760604,163,51,112,0.628149569324551,0.0172591299809645,185,73,0.0523772952491333,165,53,"1150"
"A",0.0976620095389734,272,106,166,0.611551907072916,0.0173752920498575,243,77,0.0667520377747407,260,94,"1150"
"A208",0.0782183910612823,388,68,320,0.538645045370477,0.018686192153676,413,93,0.0585660326816836,394,74,"1150"
"A239",0.0920188877046644,110,88,22,0.679002205795306,0.0131714339665167,69,47,0.0532298530569879,78,56,"1150"
"A272",0.0284046204053946,318,14,304,0.552869934032371,0.00650302908781166,318,14,0.0234057728294455,318,14,"1150"
"A305",0.209476761782276,610,299,311,0.549016703147555,0.040250624466493,612,301,0.148140799112601,613,302,"1150"
"A322",0.0931076708827892,353,94,259,0.573863142934028,0.0222002677398802,393,134,0.0666437183815064,352,93,"1150"
"A334",0.0911527390008111,277,86,191,0.604424067939102,0.0227614136078694,334,143,0.0702586272803351,302,111,"1150"
"A340",0.0969391443028528,116,104,12,0.688860905881661,0.0215492117063861,134,122,0.0702192797631997,122,110,"1150"
"A374",0.249101370083284,391,329,62,0.647163274280396,0.0419369255579055,374,312,0.16966207579193,389,327,"1150"
"A385",0.117724992661718,448,161,287,0.562342990397234,0.0255610720106545,472,185,0.0848918962363378,447,160,"1150"
"A401",0.112269214459351,275,146,129,0.623207218433918,0.0262040091802449,322,193,0.0856120523805087,292,163,"1150"
"A427",0.170296174710199,289,245,44,0.655628378991466,0.0278651840459655,247,203,0.112479411549132,279,235,"1150"
"A548",0.0860721678801793,274,80,194,0.60079322269022,0.0198423453424468,301,107,0.0632248470271818,275,81,"1150"
"A572",0.348621728698337,646,362,284,0.563129756445432,0.0727291540649279,647,363,0.252781788050346,648,364,"1150"
"A619",0.0452976924496844,317,25,292,0.560411310234466,0.0103832363648486,325,33,0.0322030317189332,316,24,"1150"
"A627",0.144649654539153,535,208,327,0.534271894305505,0.0335074048334724,574,247,0.101605778928353,542,215,"1150"
"A632",0.376892271067207,453,365,88,0.638795523302934,0.0653753601873832,447,359,0.212883572562202,444,356,"1150"
"A635",0.173677052534659,414,252,162,0.612022152342499,0.0370544997955144,438,276,0.12529600683589,426,264,"1150"
"A641",0.132376373257529,531,193,338,0.52325037343584,0.0311140280863909,570,232,0.102647833597051,554,216,"1150"
"A648",0.292942939672157,617,348,269,0.569519000184387,0.0531177373477647,608,339,0.188540341013878,609,340,"1150"
"A663",0.101869165266671,244,118,126,0.623697415147876,0.0171243229243161,198,72,0.0582633512620818,199,73,"1150"
"A672",0.302144134658242,465,352,113,0.628032102062844,0.0511388091198539,444,331,0.199705392736672,463,350,"1150"
"A674",0.00492174034854664,86,1,85,0.639325903851637,0.00103698280509095,86,1,0.00356428793741092,86,1,"1150"
"A679",0.35260258278774,642,363,279,0.565864794230734,0.0631680755069603,634,355,0.232785883975848,638,359,"1150"
"A680",0.0924848301370156,161,93,68,0.644350098255818,0.0226672236290712,208,140,0.0779655665580513,202,134,"1150"
"A682",0.222589220278674,516,311,205,0.596203032426747,0.0387966932670692,494,289,0.150955334421748,512,307,"1150"
"A71",0.0723923333850718,169,58,111,0.628400437006754,0.017829910961092,196,85,0.0536101397762173,169,58,"1150"
"A73",0.11443192586635,219,152,67,0.64455920976549,0.0262176279432357,261,194,0.0833530137588802,220,153,"1150"
"A797NW",0.249441259263008,618,330,288,0.561862533308034,0.064960440185356,646,358,0.197719236695345,636,348,"1150"
"AQA3",0.217834647369888,566,306,260,0.573699545692241,0.038913877835145,550,290,0.129787657073216,532,272,"1150"
"AS6103",0.111756864444575,208,144,64,0.645498611236719,0.0178953631569419,151,87,0.072376107833087,185,121,"1150"
"AusTRCF 306238",0.124097426893542,527,181,346,0.510090696715114,0.0179101833099951,434,88,0.0724755040671243,468,122,"1150"
"B-18 INBR.FR.SUPERGOLD",0.177162503502144,403,258,145,0.618780680866199,0.0284660274899644,355,210,0.11512770655206,387,242,"1150"
"B-28",0.151247302743612,234,220,14,0.687878397460066,0.0354582671622515,276,262,0.106798079437979,241,227,"1150"
"B103",0.17648879946293,408,256,152,0.616579854416223,0.0253573232753041,330,178,0.0965505879812121,354,202,"1150"
"B104",0.117434028857436,232,160,72,0.64380577239126,0.0227429148219091,213,141,0.0699795545946277,180,108,"1150"
"B105",0.116016589167966,322,155,167,0.611427155731044,0.0265916986955908,363,196,0.0825971966364045,316,149,"1150"
"B108",0.0275668569087114,210,13,197,0.599634162245808,0.00605382948558631,210,13,0.0213619382498203,210,13,"1150"
"B109",0.358106658829324,637,364,273,0.568251418285832,0.0821449654722131,638,365,0.253384897422256,638,365,"1150"
"B110",0.108502761837468,233,133,100,0.63134244980471,0.0223886086572658,238,138,0.085071045658353,261,161,"1150"
"B111",0.118164200233572,228,162,66,0.644897395561086,0.0213021556047865,186,120,0.0793130108893469,209,143,"1150"
"B115",0.145819409297548,386,209,177,0.609835818812881,0.0261726292689394,369,192,0.103186367383922,395,218,"1150"
"B119",0.111042678042003,349,142,207,0.595651452929442,0.0254512985883966,389,182,0.0791010180370222,349,142,"1150"
"B120",0.205805376924757,493,294,199,0.598978858448852,0.0337154705403651,451,252,0.136087959059435,484,285,"1150"
"B121",0.300776932976743,491,351,140,0.619475502360912,0.051947304327988,475,335,0.186296225301024,479,339,"1150"
"B14A",0.256958607525168,525,333,192,0.603857007298498,0.0399935449520458,490,298,0.161778676700076,510,318,"1150"
"B164",0.157956796674669,251,234,17,0.685180634723047,0.0356723959501844,281,264,0.129225725203077,288,271,"1150"
"B2",0.189799007210697,425,278,147,0.618011095175879,0.0331442548518115,389,242,0.13392110400124,425,278,"1150"
"B37",0.199728547879506,477,288,189,0.605458400151381,0.034221123793807,445,256,0.119036278427971,439,250,"1150"
"B47",0.110674645891182,440,139,301,0.553776636195541,0.0246591882548253,466,165,0.0975807709056217,504,203,"1150"
"B57",0.0449004789844835,247,24,223,0.58750653298141,0.0087864459691833,245,22,0.0353062373375147,251,28,"1150"
"B66",0.120905958858885,417,171,246,0.578463849519239,0.0219922515253511,378,132,0.0838487407514334,403,157,"1150"
"B68",0.127388803818925,322,187,135,0.620659662705027,0.019199518002755,234,99,0.0712572439192121,249,114,"1150"
"B73",0.18645687715731,435,274,161,0.612503512487077,0.0401791876430405,461,300,0.134889616885353,442,281,"1150"
"B75",0.210843650892674,657,301,356,0.487587194000164,0.0509697949304415,686,330,0.17915394914058,689,333,"1150"
"B76",0.173156881175377,271,251,20,0.679402551655644,0.0373776442107802,297,277,0.117484891552607,268,248,"1150"
"B77",0.0500338498605877,91,31,60,0.647309816370341,0.00815442401860579,79,19,0.0308272001286807,83,23,"1150"
"B79",0.10302319731029,271,121,150,0.617702663539635,0.019291511011079,250,100,0.071290556221588,265,115,"1150"
"B87",0.0607680254477617,104,43,61,0.647279581814168,0.0135267568743691,113,52,0.0536580172542835,120,59,"1150"
"B88",0.076403632326912,264,64,200,0.598614745602847,0.0158564296398728,263,63,0.0561349578990396,267,67,"1150"
"B91",0.0934327082038558,136,96,40,0.657935211971629,0.0200872348348265,151,111,0.0670593298230039,135,95,"1150"
"B97",0.067396643653852,338,52,286,0.562610279802262,0.0143168755084229,343,57,0.0552174639483308,350,64,"1150"
"BEI 10 = NORTH 10",0.0696321145460007,296,54,242,0.578781566884727,0.0132209010631343,290,48,0.0509994716020946,294,52,"1150"
"BO9",0.108474446835725,335,132,203,0.597781361733717,0.0218794221721203,334,131,0.0783891573664808,341,138,"1150"
"CA-4",0.214590338376439,346,304,42,0.656378427553657,0.0407722098289211,349,307,0.149242852345395,347,305,"1150"
"CG102",0.0964412962777906,251,102,149,0.617806931222868,0.0223422935632767,286,137,0.0692641630319239,252,103,"1150"
"CH701-30",0.0840326486578788,205,74,131,0.622579752101884,0.0177814792209586,215,84,0.0690785331288305,233,102,"1150"
"CH711-10",0.208067458320395,646,297,349,0.5014685049508,0.0458633691476702,668,319,0.14745534209021,649,300,"1150"
"CH753-4",0.302752921249336,577,353,224,0.586567744545513,0.0644313933966108,581,357,0.237311184421629,585,361,"1150"
"CH9",0.102597324950539,381,120,261,0.573351731880151,0.0164823892931125,326,65,0.0649801409406369,348,87,"1150"
"CI 40H",0.073894107667281,85,61,24,0.676819521291259,0.0152712324065087,84,60,0.0563259951609676,92,68,"1150"
"CM105",0.178704693091266,364,261,103,0.630078361565596,0.0361334688532978,369,266,0.139576016391837,395,292,"1150"
"CQ702RC",0.0301471756289964,232,15,217,0.59115694646114,0.00770181741342022,235,18,0.0236287496316871,232,15,"1150"
"CR 22 INBRED",0.148601429206099,275,212,63,0.64667011094284,0.0288548168538279,275,212,0.116664644477106,307,244,"1150"
"DE2",0.133122372629917,479,196,283,0.563255088011355,0.0325414689938906,521,238,0.101124133679985,495,212,"1150"
"DE3",0.0896976390846972,451,85,366,0.316937077547524,0.0218765748280947,495,129,0.0657007045366017,455,89,"1150"
"DE4",0.139487643593496,451,201,250,0.577250948024965,0.0288577749188908,463,213,0.103284341833015,469,219,"1150"
"DE811",0.0811859450843937,265,72,193,0.602631353925328,0.0183175688765091,285,92,0.0581622916654228,265,72,"1150"
"DJ7",0.229453510599375,518,320,198,0.599079253128254,0.050825486753939,527,329,0.155529116975693,508,310,"1150"
"DK3IIH6",0.186882527337233,471,275,196,0.599721908695895,0.0384486047471431,482,286,0.143278646664644,491,295,"1150"
"DK4676A",0.105962340515662,367,126,241,0.579574220752555,0.0241896019580808,401,160,0.0733258209187108,365,124,"1150"
"DK78002A",0.0488485280475193,77,29,48,0.653217231250829,0.0102912392306705,79,31,0.037246956558281,80,32,"1150"
"DK78010",0.0124257738145422,125,3,122,0.624826769391154,0.00312217320927479,126,4,0.0094207261681155,125,3,"1150"
"DK78371A",0.096665643449618,226,103,123,0.624437382807107,0.0216225857602039,248,125,0.0698027544583759,229,106,"1150"
"DKFAPW",0.180694445903531,358,264,94,0.6352568913184,0.0442396293813076,410,316,0.13291604271957,369,275,"1150"
"DKFBHJ",0.203784524204321,312,293,19,0.681281129559608,0.0303374938700003,244,225,0.113376511944445,257,238,"1150"
"DKMBNA",0.118583886543738,441,164,277,0.567305144723183,0.0190137177628882,374,97,0.0683882409922536,376,99,"1150"
"DKPB80",0.160977180865856,297,238,59,0.64765783101761,0.0317792664354919,296,237,0.10364057023764,279,220,"1150"
"E8501",0.272294314826017,671,341,330,0.528459458683277,0.050156482301552,658,328,0.195467633225753,676,346,"1150"
"EAST 028",0.125952396988745,267,185,82,0.63960953191479,0.0218107258621844,210,128,0.0862953136289925,247,165,"1150"
"Eng-Li Chih",0.14261446657367,235,205,30,0.667980095654075,0.0257255439363766,216,186,0.101398180664876,244,214,"1150"
"F118",0.157391602112139,242,233,9,0.696123635833974,0.0311144027996286,242,233,0.11881127842369,258,249,"1150"
"F2834T",0.0921291296337129,298,89,209,0.595179501303677,0.0222181346738994,344,135,0.0753687530211285,337,128,"1150"
"FBLA",0.114930556783798,291,153,138,0.620141885593307,0.0222538027655677,274,136,0.0897828118173149,313,175,"1150"
"FR19",0.451871051636549,731,366,365,0.366564208436837,0.093869363429829,731,366,0.352046417641696,731,366,"1150"
"H105W",0.151159319878706,398,219,179,0.608907781562818,0.0336295489094308,429,250,0.109519878533004,409,230,"1150"
"H110",0.106461656537772,178,129,49,0.653140557511446,0.0248552714922603,219,170,0.0812385986538565,196,147,"1150"
"H113",0.156146205207963,435,231,204,0.597008833004196,0.0333399262378853,448,244,0.124709015513773,467,263,"1150"
"H121",0.0644356057215177,304,48,256,0.575355859249697,0.0131130353953993,302,46,0.0457661797860878,302,46,"1150"
"H122w",0.044603827531338,354,23,331,0.527911884885202,0.0108734108366326,366,35,0.0380896999840929,365,34,"1150"
"H5",0.0399831606937586,193,20,173,0.610771395725554,0.00825754244192943,193,20,0.0303058004756767,195,22,"1150"
"H71",0.0716629740411237,105,55,50,0.652952763461984,0.0134848104665376,100,50,0.052538937379865,104,54,"1150"
"H84",0.110895398363865,232,140,92,0.636144694775816,0.0231980290327859,242,150,0.0865724861014176,259,167,"1150"
"H91",0.118673757563289,258,165,93,0.636116858187629,0.024966983688031,266,173,0.0923554680136119,282,189,"1150"
"H95",0.172955034487552,464,250,214,0.592723945166376,0.0304994133474053,442,228,0.120225563283033,470,256,"1150"
"H96",0.18040897777459,387,263,124,0.623918447141629,0.0281325836976476,330,206,0.112541536450712,360,236,"1150"
"H99",0.110984297322199,289,141,148,0.617941166316038,0.0261711797820482,339,191,0.0786930287532026,287,139,"1150"
"HP301",0.153070233001778,313,224,89,0.636707696997772,0.0367675381024103,362,273,0.110340873688647,321,232,"1150"
"HUOBAI",0.232741384297593,660,323,337,0.523473752233484,0.060044824564746,688,351,0.183789172485951,674,337,"1150"
"Hy",0.126129986526651,424,186,238,0.580737513715163,0.0289267653703323,452,214,0.0906927928641266,419,181,"1150"
"I29",0.27448085714163,384,343,41,0.656419001506938,0.0538042973570624,384,343,0.164219423913895,363,322,"1150"
"Ia 453",0.18490741094863,277,273,4,0.722112892809471,0.03771124579571,285,281,0.133266618057468,280,276,"1150"
"IA2132",0.129730923758246,194,189,5,0.713261728418052,0.029822068365109,229,224,0.0944621915409756,198,193,"1150"
"IBB15",0.0545441582121166,55,37,18,0.684597234422156,0.0118300351543074,57,39,0.0393285681265426,55,37,"1150"
"IBC2",0.0923047987247529,278,92,186,0.605716568378804,0.0228901267793883,333,147,0.0796477677300714,332,146,"1150"
"ICI 193",0.106009231252792,198,127,71,0.64383306923988,0.0215555599732259,194,123,0.0794547033669611,215,144,"1150"
"ICI 740",0.274600178880324,626,344,282,0.56395573156269,0.049754372741809,609,327,0.198561651741705,631,349,"1150"
"ICI 893",0.0769065297597257,239,65,174,0.610703856478723,0.0165976468084408,240,66,0.0554403038111643,239,65,"1150"
"ICI 986",0.158224444571224,353,235,118,0.627153656785407,0.0268689605752701,317,199,0.105852243006718,342,224,"1150"
"IDS28",0.148930298669674,242,213,29,0.668071741558264,0.0232462741379738,180,151,0.0940976555195348,221,192,"1150"
"IDS69",0.217292917840059,631,305,326,0.53543125495698,0.0405331246294756,631,305,0.147800421501974,627,301,"1150"
"IDS91",0.0338438366446107,314,16,298,0.555317951874523,0.00757000167528893,315,17,0.0299764313641286,319,21,"1150"
"INB 101LFY/LFY (A632 X M16 S5)",0.339905083184674,686,361,325,0.535655709308475,0.0642020312413745,681,356,0.195235288814598,670,345,"1150"
"INBRED 141",0.16171543538338,330,239,91,0.636364274298803,0.0316986927070532,327,236,0.127678971928676,360,269,"1150"
"INBRED 2-687",0.0992065083132271,359,110,249,0.577748738236278,0.0174211268704472,327,78,0.0666055874450372,341,92,"1150"
"INBRED 305",0.21305096713889,655,303,352,0.497453941571516,0.0347623489758784,610,258,0.134925456379351,634,282,"1150"
"INBRED 321",0.120411365641839,444,169,275,0.567628146252638,0.0304485368957128,501,226,0.0919997097888589,463,188,"1150"
"K150",0.0801779555926556,104,70,34,0.663750573419408,0.0163321127712482,98,64,0.0538890603403187,94,60,"1150"
"K41",0.33007556875466,496,359,137,0.620258189653483,0.0613924662752966,490,353,0.205363523914099,488,351,"1150"
"K47",0.171024386463676,527,246,281,0.563957494506401,0.0353693367921983,542,261,0.142528441808136,575,294,"1150"
"KUNG-70",0.0638311256062219,350,47,303,0.552924072975943,0.0140114438015003,359,56,0.0557649344792477,369,66,"1150"
"L 127",0.150444984694989,468,216,252,0.576640349780008,0.0275217080446991,454,202,0.108279740193067,480,228,"1150"
"L 139",0.121016366338494,329,172,157,0.614877450578052,0.0217085275124398,283,126,0.0875745776046032,328,171,"1150"
"L 289",0.158704001899648,342,236,106,0.629281017085229,0.0290599922368639,322,216,0.106495822227984,332,226,"1150"
"LH1",0.0719821093767362,327,56,271,0.568689888209904,0.0173563168578568,346,75,0.0542015989197156,332,61,"1150"
"LH119",0.112433107783969,311,148,163,0.61198701288737,0.0279541479700105,367,204,0.0841773682777293,321,158,"1150"
"LH128",0.0204268861492463,220,7,213,0.593578218129534,0.00446112476999376,221,8,0.0175014040880811,224,11,"1150"
"LH143 (Maintainer)",0.183647470561269,302,269,33,0.664159946915134,0.0355296166674527,296,263,0.115872186530265,276,243,"1150"
"LH146Ht",0.175416610306492,334,254,80,0.640138025576836,0.0310600609901045,310,230,0.099055496599124,286,206,"1150"
"LH149",0.10098351687976,213,115,98,0.633655644016159,0.019796852085377,204,106,0.0600008629206093,175,77,"1150"
"LH165",0.046207053392675,274,27,247,0.57826800557579,0.0104750176424836,281,34,0.0336953939698824,273,26,"1150"
"LH166",0.198407846108398,550,287,263,0.572060712238002,0.0351242659859688,523,260,0.138585066208377,554,291,"1150"
"LH181",0.149755656096406,530,215,315,0.543616059543971,0.0338402744972003,570,255,0.119277842118058,567,252,"1150"
"LH184",0.207892176170728,464,296,168,0.6111601033631,0.0369743390049315,442,274,0.122704823507739,428,260,"1150"
"LH190",0.0720524950885891,279,57,222,0.588385358683939,0.012647764634077,266,44,0.0475816432086323,270,48,"1150"
"LH192",0.298523898262416,568,350,218,0.591152464632314,0.0710250607303834,580,362,0.237703326516464,580,362,"1150"
"LH194",0.250620990292404,654,332,322,0.537206676776238,0.0475276047798884,645,323,0.145625170057036,619,297,"1150"
"LH195",0.151528704002028,367,221,146,0.618100642778204,0.0234160054773486,298,152,0.0945816681600881,340,194,"1150"
"LH197",0.122987377803536,234,178,56,0.650004316185977,0.0249966431895279,230,174,0.0961920305244112,257,201,"1150"
"LH198",0.0865765324350417,91,81,10,0.691981336367732,0.0176412342697324,91,81,0.0712463706809975,123,113,"1150"
"LH202",0.107728088891174,339,131,208,0.595491329051383,0.0196028036930855,312,104,0.0622798966524827,286,78,"1150"
"LH204",0.273422628899975,593,342,251,0.576997125497613,0.0572048147670904,600,349,0.215966829693084,608,357,"1150"
"LH205",0.198093244754463,640,286,354,0.492754585380953,0.0385971096712047,641,287,0.137629074038811,641,287,"1150"
"LH206",0.0654916187583953,225,50,175,0.610436949769989,0.0111575854924987,211,36,0.037603779458366,208,33,"1150"
"LH208",0.118887722922901,282,166,116,0.627522154802149,0.0206920909467276,232,116,0.0836850722050446,271,155,"1150"
"LH209",0.0807234530915274,198,71,127,0.623687861316708,0.0189374625582483,222,95,0.0598218613104455,203,76,"1150"
"LH214",0.0847068561679633,386,76,310,0.549311927419071,0.0134919360120803,361,51,0.0542031650423597,372,62,"1150"
"LH215",0.225280750194686,630,314,316,0.543269488523435,0.0408188221927501,625,309,0.16029750179097,632,316,"1150"
"LH222",0.106574624153548,260,130,130,0.623157057584441,0.0237105285108785,286,156,0.0865281071457987,296,166,"1150"
"LH223",0.0997093352603868,240,112,128,0.623509306256821,0.0236698815807148,283,155,0.0790233161502079,268,140,"1150"
"LH224",0.220450791918315,574,308,266,0.570641410344565,0.0517432543164283,599,333,0.155784949562657,578,312,"1150"
"LH295",0.0543072755106228,272,36,236,0.581288804264316,0.00906885912383122,262,26,0.0365305805401292,267,31,"1150"
"LH60",0.0179029309373633,201,6,195,0.59986261580022,0.00429069037330148,202,7,0.0144684723628044,201,6,"1150"
"LH74",0.0109518071199789,72,2,70,0.64419011065194,0.00237456013167029,72,2,0.00789651688699316,72,2,"1150"
"LH82",0.0508568523175607,153,34,119,0.626457160620139,0.00992141524509091,148,29,0.0398298559481781,157,38,"1150"
"LH93",0.151665344060313,579,222,357,0.484608149935065,0.0348952280873028,616,259,0.125307693264404,622,265,"1150"
"LIBC 4",0.133973071919865,255,197,58,0.64868255534746,0.0307068604609991,287,229,0.0954697448723375,255,197,"1150"
"LP1 NR HT",0.139425604551245,225,200,25,0.676812226142904,0.0231596133880463,174,149,0.0790442830478237,166,141,"1150"
"LP5",0.0858369515709696,222,78,144,0.618783157703933,0.0182568364514405,235,91,0.0647591865795622,230,86,"1150"
"M14",0.137190673223889,456,199,257,0.574992482805189,0.0240828728509472,416,159,0.0949956903518999,453,196,"1150"
"MBPM",0.114262338018825,315,151,164,0.611758130310304,0.0214443428016438,285,121,0.0829121895093624,315,151,"1150"
"MBWZ",0.150795322322163,483,218,265,0.57168354084923,0.0337682153717167,519,254,0.101100182576418,476,211,"1150"
"MM501D",0.121547518033343,526,173,353,0.49742104783965,0.0216160415539205,477,124,0.0872438500977556,523,170,"1150"
"Mo17",0.0689610880139131,174,53,121,0.625128006797603,0.0147382219056854,179,58,0.0497383591842871,171,50,"1150"
"Mo1W",0.183315819389587,479,268,211,0.594880700467884,0.0364531668726563,479,268,0.147429964756312,510,299,"1150"
"Mo46",0.296634806338647,651,349,302,0.553377302568748,0.0467345745750487,624,322,0.186101284858502,640,338,"1150"
"Mo47",0.0944872561920332,284,99,185,0.605756633126173,0.0234540819803319,338,153,0.0814537257928575,333,148,"1150"
"Mo5",0.200523536276994,306,290,16,0.686326288762335,0.0332444558388895,259,243,0.133397371959752,293,277,"1150"
"MQ305",0.143396531690334,540,207,333,0.527329607973591,0.0208714660291054,450,117,0.0830914490500331,485,152,"1150"
"MS116",0.0597272681055073,365,42,323,0.537186330377167,0.0117538420836486,361,38,0.0474518804255986,370,47,"1150"
"MS132",0.188962609923864,509,276,233,0.58370919787939,0.0295486562080991,455,222,0.119167381080218,484,251,"1150"
"MS200",0.0940186800270974,398,98,300,0.554572483698028,0.0189773629118515,396,96,0.0767197589575222,431,131,"1150"
"MS211",0.0922216118117585,319,91,228,0.584637608412257,0.0178532013189576,314,86,0.0716508261333107,346,118,"1150"
"MS221",0.119606748317203,203,168,35,0.662792803305816,0.024695395270305,203,168,0.0903068689981673,215,180,"1150"
"MS224",0.166317199100954,319,242,77,0.641419468739928,0.0310749945415753,308,231,0.0977730072686348,281,204,"1150"
"MS225",0.155320670274009,295,230,65,0.645449904260782,0.0253834784337759,244,179,0.0903047018119103,244,179,"1150"
"MS226",0.0957809469641847,432,100,332,0.527758726488581,0.0168217878105518,401,69,0.0651573786313273,420,88,"1150"
"MS24A",0.100117635082101,465,114,351,0.498300109000555,0.0176993657234999,433,82,0.0715958863684161,468,117,"1150"
"MS67",0.18471566524888,627,272,355,0.491650593295817,0.036689512856049,627,272,0.148375727066408,658,303,"1150"
"MS71",0.179347358359604,335,262,73,0.642519866894256,0.0375873768184112,353,280,0.138147874777647,362,289,"1150"
"MS72",0.196069181296074,417,283,134,0.620762148189004,0.0383716243637748,419,285,0.153293981047048,443,309,"1150"
"N192",0.268976798950692,360,339,21,0.679101968800542,0.054053806889661,366,345,0.210117511055714,375,354,"1150"
"N193",0.113194111185508,411,149,262,0.572450988216247,0.0197758925498167,367,105,0.0779114197005209,395,133,"1150"
"N200",0.122396117489381,473,176,297,0.556219278414431,0.0293685083398294,517,220,0.0991469652580882,504,207,"1150"
"N201",0.0860547012673167,111,79,32,0.665752920681795,0.0202497437282854,146,114,0.0638781914627578,116,84,"1150"
"N209",0.0857712605268302,349,77,272,0.568267145156445,0.0193572018985129,374,102,0.0624392885503784,351,79,"1150"
"N211",0.157172265745267,259,232,27,0.670563581568633,0.039657030836837,319,292,0.122055039964131,285,258,"1150"
"N217",0.141431900451116,241,203,38,0.660573314396649,0.0326052013000472,277,239,0.0993932303242577,246,208,"1150"
"N218",0.27167060447699,680,340,340,0.520630733914532,0.0625728207912722,694,354,0.191008524352678,683,343,"1150"
"N28Ht",0.0788983275616435,228,69,159,0.613838199364722,0.016729362148456,226,67,0.0596994812905286,234,75,"1150"
"N501",0.101594244347549,394,116,278,0.566796699535662,0.0239386712905691,436,158,0.0754691544596669,407,129,"1150"
"N523",0.119359171921623,173,167,6,0.70581419444965,0.0296988647151675,229,223,0.0917690972298531,192,186,"1150"
"N527",0.229413768663964,428,319,109,0.628573931773378,0.0380352927057196,391,282,0.152653896043856,417,308,"1150"
"N534",0.0938665705894435,143,97,46,0.65457299246523,0.0229827880247409,194,148,0.0690512446125985,147,101,"1150"
"N542",0.257136205915679,589,334,255,0.576276513500266,0.0397932428477611,550,295,0.15583561978105,568,313,"1150"
"N6",0.103874404617218,263,124,139,0.620085583167895,0.0169919692387239,210,71,0.0664725888234318,230,91,"1150"
"NC250",0.263654684200529,670,335,335,0.526195564846677,0.0466356956446322,656,321,0.183134897725718,671,336,"1150"
"NC262",0.155264844369203,416,229,187,0.605681663622891,0.0313645986162977,422,235,0.126788957622919,454,267,"1150"
"NC294",0.109453075696055,219,136,83,0.63960683778996,0.0228776281656528,229,146,0.0780115087682027,218,135,"1150"
"NC310",0.116056403267167,258,156,102,0.630229065643259,0.0195055873655584,205,103,0.0782664626835937,238,136,"1150"
"NC326",0.228179762623021,575,317,258,0.574358918045868,0.0539836724681187,602,344,0.162212884528647,578,320,"1150"
"NC328",0.2767405620182,645,346,299,0.55469484513301,0.0489801899392261,623,324,0.167729789809183,625,326,"1150"
"NC342",0.116067880780923,313,157,156,0.615196828750198,0.0227611748137072,298,142,0.0917148708165877,341,185,"1150"
"NC412",0.120835816676259,407,170,237,0.58100508333067,0.0280590125441554,442,205,0.0843648895722019,396,159,"1150"
"ND259",0.331288626063809,703,360,343,0.510879076069914,0.0689231151491134,704,361,0.23350642781368,703,360,"1150"
"ND265",0.315424332830698,624,357,267,0.570256253114729,0.0687653582591196,627,360,0.212779411394873,622,355,"1150"
"NK740",0.22373457701397,602,312,290,0.561070045851511,0.0532933451674751,630,340,0.178582931041557,622,332,"1150"
"NK778",0.197683731327198,528,285,243,0.578699015598014,0.0337505386554593,496,253,0.119965641959816,497,254,"1150"
"NK807",0.07599292422483,284,63,221,0.589333321246435,0.0176304462580198,301,80,0.0570379511887423,291,70,"1150"
"NKS8326",0.219038830903488,598,307,291,0.56042653752692,0.042626852892942,605,314,0.129061715871642,561,270,"1150"
"NORTH 7",0.129991937751008,499,190,309,0.55073732102398,0.0257688185880553,496,187,0.101194620718126,522,213,"1150"
"NQ508",0.163010641510838,337,241,96,0.633741748706791,0.0335123069690558,344,248,0.126050274593817,362,266,"1150"
"NS501",0.0973456968486285,359,105,254,0.576454867102652,0.0236068675229973,408,154,0.0708651769823152,366,112,"1150"
"NS701",0.308814526583738,695,354,341,0.52004791383097,0.0782849837959824,705,364,0.240644087252606,704,363,"1150"
"NY6371",0.13278870906676,218,195,23,0.678328685758471,0.0270347133202382,223,200,0.0893065080010563,197,174,"1150"
"Ny821",0.112349449519788,252,147,105,0.629797842943093,0.0246683705363555,271,166,0.0899239323676414,281,176,"1150"
"OH33",0.195217723340318,376,281,95,0.634768727590587,0.0400002574395174,394,299,0.137612992741215,381,286,"1150"
"Oh40B",0.229100150409874,372,318,54,0.650349883637282,0.0544791951986292,400,346,0.189503531028887,396,342,"1150"
"Oh43",0.167563539705623,549,243,306,0.552041310831346,0.0335418913530696,555,249,0.120136152062514,561,255,"1150"
"Oh7",0.0635754202205418,322,46,276,0.567390099999522,0.012608343296454,319,43,0.0494923118967636,325,49,"1150"
"OQ403",0.123093788017381,348,179,169,0.611013140224664,0.0248756327539979,340,171,0.0889022728955742,341,172,"1150"
"OQ603",0.0963606870743199,138,101,37,0.661745924978667,0.0211680792400833,155,118,0.0696018071745405,142,105,"1150"
"Os420",0.103307836120163,161,122,39,0.658410315724394,0.0202072101311809,152,113,0.0645975099498539,124,85,"1150"
"OS602",0.162754152219151,442,240,202,0.597867405799922,0.0267009035005891,399,197,0.104647958649802,424,222,"1150"
"Pa392",0.191315142578187,500,280,220,0.589426456150474,0.0386921868325336,508,288,0.140356109167026,513,293,"1150"
"Pa405",0.118550719274667,476,163,313,0.546268985195663,0.0255473836970294,496,183,0.0854599757630909,475,162,"1150"
"Pa875",0.232636825258125,454,322,132,0.621816633250361,0.0411081035983094,442,310,0.166316527679215,456,324,"1150"
"Pa880",0.036213068105366,20,17,3,0.734207597490392,0.00882614629024947,27,24,0.0274555600651218,22,19,"1150"
"Pa91",0.0581237015289007,97,40,57,0.648877070184727,0.0137554820225215,110,53,0.0413308848084792,97,40,"1150"
"PH207",0.0230730353097631,84,10,74,0.642141756911307,0.00509161433424601,85,11,0.0166560040006865,83,9,"1150"
"PHB09",0.181083455420176,436,265,171,0.610864812421205,0.0383507440125301,455,284,0.13581113262375,454,283,"1150"
"PHB47",0.121935615813273,282,175,107,0.629119019586996,0.0289683151168268,322,215,0.0869919475665589,276,169,"1150"
"PHBA6",0.0589867809663982,194,41,153,0.616576844374031,0.0139756712598024,208,55,0.0419846125627953,194,41,"1150"
"PHBB3",0.189847514161739,393,279,114,0.627559475808119,0.0336521406245279,365,251,0.1117429265062,347,233,"1150"
"PHEG9",0.084536198090291,111,75,36,0.662499642671342,0.0174447216144442,115,79,0.0663873650105927,126,90,"1150"
"PHG29",0.200813748106921,608,291,317,0.543159461624019,0.0343256073713153,574,257,0.114956143185972,557,240,"1150"
"PHG47",0.0989573048865578,472,109,363,0.46366529669235,0.0201053622063231,475,112,0.0738252881133709,489,126,"1150"
"PHG71",0.123303870079713,195,180,15,0.687525286570772,0.0304792406164257,242,227,0.0916927095724687,199,184,"1150"
"PHG80",0.042959427378887,223,22,201,0.598153790973584,0.00949961666304675,228,27,0.029849287638949,221,20,"1150"
"PHG83",0.184306254906249,495,270,225,0.585393276219,0.0334324231518122,471,246,0.131607873201362,499,274,"1150"
"PHG86",0.241357708002374,400,325,75,0.641943884397837,0.0522010093936862,411,336,0.166513028057877,400,325,"1150"
"PHH93",0.182554313559447,591,267,324,0.536573107444522,0.0380761143585664,607,283,0.122940101836825,586,262,"1150"
"PHHH9",0.045303349930896,242,26,216,0.591182691301215,0.00886245678369748,241,25,0.0355742620520531,245,29,"1150"
"PHHV4",0.116358237918038,377,158,219,0.589427701810278,0.0242365008028662,380,161,0.0928336509220989,409,190,"1150"
"PHJ70",0.315814471407856,708,358,350,0.498351127863991,0.0597536369527111,700,350,0.221008301213763,708,358,"1150"
"PHJ89",0.276045200496363,693,345,348,0.507733521684122,0.0455739040641876,666,318,0.181226891052113,683,335,"1150"
"PHJ90",0.0877535374942405,184,83,101,0.631002622973486,0.0177112485842785,184,83,0.0630295536864939,181,80,"1150"
"PHJR5",0.147933054489434,290,211,79,0.640299791019934,0.02540876330652,259,180,0.102803285981864,296,217,"1150"
"PHK35",0.0776374229711847,302,67,235,0.581515748397281,0.0134109151159913,284,49,0.0456369320720481,280,45,"1150"
"PHK42",0.064465401643574,136,49,87,0.638989471915077,0.012875817436878,132,45,0.050221883118332,138,51,"1150"
"PHK56",0.0481290228312405,254,28,226,0.585166317691422,0.00882193330060652,249,23,0.0273269511843598,244,18,"1150"
"PHK74",0.177191767753985,314,259,55,0.650080553118182,0.0284653624268396,264,209,0.11465697634493,294,239,"1150"
"PHKE6",0.0578835184570581,223,39,184,0.605813092488881,0.0103563441851143,216,32,0.0401058865620967,223,39,"1150"
"PHM10",0.0143824451140082,249,4,245,0.578572992855325,0.00296993842540733,248,3,0.0113057202050161,249,4,"1150"
"PHN11",0.0205429750604968,223,8,215,0.59159402413564,0.00402416967508267,221,6,0.0160388852180386,223,8,"1150"
"PHN29",0.111097370993391,260,143,117,0.627193599298511,0.0179623101508395,206,89,0.0726122722500733,240,123,"1150"
"PHN66",0.11373003060256,260,150,110,0.62846642835329,0.0225183693878248,249,139,0.0837520889347616,266,156,"1150"
"PHN82",0.101840894613466,391,117,274,0.568071477818963,0.0238857893386903,431,157,0.0719316582261482,394,120,"1150"
"PHP02",0.122563246870072,387,177,210,0.595089125340895,0.0246473058988744,374,164,0.0956043783185227,408,198,"1150"
"PHP55",0.17708106162696,377,257,120,0.626166038552356,0.0374705111249598,398,278,0.11177000612715,354,234,"1150"
"PHP76",0.149351996306302,283,214,69,0.644199516922215,0.0334147581130843,314,245,0.105910726552471,294,225,"1150"
"PHP85",0.136905269015469,542,198,344,0.510790882669714,0.0272378580133051,545,201,0.0984544484414397,549,205,"1150"
"PHPR5",0.0608595486649482,209,44,165,0.611721629760503,0.0113270143720455,202,37,0.0421111939404995,207,42,"1150"
"PHR03",0.109379389614137,477,135,342,0.513747926999081,0.0255492196226453,526,184,0.0835685295680145,496,154,"1150"
"PHR30",0.153312594296048,396,226,170,0.611008379135432,0.028342406594256,378,208,0.090195229942686,348,178,"1150"
"PHR31",0.0725396236122163,143,59,84,0.639434502201024,0.0168546120702017,154,70,0.0546710905868309,147,63,"1150"
"PHR36",0.0996891882315066,400,111,289,0.561584086577649,0.0199208453285957,397,108,0.0714025415707968,405,116,"1150"
"PHR47",0.226717118209854,506,316,190,0.604465464072994,0.0439150673663064,505,315,0.174964471540522,519,329,"1150"
"PHR63",0.0268634764963072,307,12,295,0.558266149670463,0.00467016916748862,305,10,0.015719978873365,302,7,"1150"
"PHT10",0.106457530849297,359,128,231,0.584041821957813,0.0153203049940866,292,61,0.0571790723698502,302,71,"1150"
"PHT47",0.241764537627741,647,326,321,0.537445206412625,0.0514675317038792,653,332,0.19231332268568,665,344,"1150"
"PHT55",0.128967722277347,502,188,314,0.546250835377474,0.0252269776072638,490,176,0.101006566538752,524,210,"1150"
"PHTM9",0.26495578833934,566,336,230,0.58431967866005,0.0518487437161966,564,334,0.208920054897303,583,353,"1150"
"PHV37",0.110077231300521,325,137,188,0.605517605249552,0.0227889265619662,333,145,0.0866071452867519,356,168,"1150"
"PHV57",0.072798546416293,157,60,97,0.633731713716236,0.0187062276991809,191,94,0.0567365408278332,166,69,"1150"
"PHV63",0.103686539925488,170,123,47,0.653552158611573,0.0218777241863529,177,130,0.070044095047477,156,109,"1150"
"PHVA9",0.0913762100609831,383,87,296,0.556870138558895,0.0200868595574443,406,110,0.0737540130411349,421,125,"1150"
"PHVJ4",0.22171245484186,493,310,183,0.606371459662368,0.0496019055650351,508,325,0.18051318031543,517,334,"1150"
"PHW03",0.0224478359513824,35,9,26,0.671096278806227,0.00457402096791511,35,9,0.018472793477749,38,12,"1150"
"PHW17",0.125072457758036,501,183,318,0.542767640184777,0.0249202872550106,490,172,0.100794078183229,527,209,"1150"
"PHW20",0.173791656741977,497,253,244,0.578582822021241,0.0398904753993991,540,296,0.122731654076864,505,261,"1150"
"PHW30",0.172438825292383,497,249,248,0.577993869094527,0.0294043471802557,469,221,0.114971835919417,489,241,"1150"
"PHW43",0.125942023794938,309,184,125,0.623879710411973,0.0254349497338913,306,181,0.0932132785836195,316,191,"1150"
"PHW52",0.108584034357565,276,134,142,0.619066920773085,0.024999048781543,317,175,0.0795490808198656,287,145,"1150"
"PHW53",0.265118484265749,607,337,270,0.569049447587074,0.0557339176375739,618,348,0.177472952450247,601,331,"1150"
"PHW80",0.132118674689199,551,192,359,0.477728575361365,0.0262940157789642,554,195,0.0911046974146955,541,182,"1150"
"PHWG5",0.112029356055196,323,145,178,0.609691868853429,0.0244314564197474,341,163,0.0957814986856128,377,199,"1150"
"PHZ51",0.110263032427627,320,138,182,0.607399968244075,0.0253103330215377,359,177,0.0778555356299493,314,132,"1150"
"Q381",0.248913392717938,359,328,31,0.667649061491427,0.0465001037201996,351,320,0.155781467362125,342,311,"1150"
"R168",0.250337567672004,563,331,232,0.583781781487535,0.0390062842819113,523,291,0.156535878194077,546,314,"1150"
"R177",0.21192217058328,660,302,358,0.482681983223951,0.0423826162499696,671,313,0.165132434373505,681,323,"1150"
"R181B",0.16055169564595,245,237,8,0.697173875743246,0.0288326090628392,219,211,0.091139230856294,191,183,"1150"
"R226",0.171586590745508,329,248,81,0.64000366113567,0.0260738215839242,271,190,0.104545905405651,302,221,"1150"
"R229",0.202890622733858,626,292,334,0.526244854057473,0.0397450629112761,628,294,0.158403224345795,649,315,"1150"
"R71",0.0499965273588993,32,30,2,0.738985304285501,0.00856664718719363,23,21,0.0346168633072447,29,27,"1150"
"R78",0.115665427582367,312,154,158,0.61465172124711,0.0193517460053991,259,101,0.0766338690807234,288,130,"1150"
"SD101",0.0933454037077238,146,95,51,0.652775557444565,0.0156912707395483,113,62,0.0633961800210647,133,82,"1150"
"SD102",0.132619761356585,247,194,53,0.651477837449637,0.0327196349407978,293,240,0.113121492810426,290,237,"1150"
"SD107",0.152280848963172,395,223,172,0.610774491678243,0.0311219936414102,406,234,0.116959470776,418,246,"1150"
"SD40",0.232925686218774,504,324,180,0.608874053884286,0.0399377851680387,477,297,0.134031729815916,459,279,"1150"
"SD44",0.311618274524828,433,355,78,0.640534052233623,0.0523050329239356,416,338,0.208669437403837,430,352,"1150"
"SG 30A",0.0518704709615723,274,35,239,0.580525269393034,0.0120494179848961,279,40,0.0390695671290065,275,36,"1150"
"T242",0.0997884682719803,249,113,136,0.620607376067306,0.0205659662510184,251,115,0.0783889475611687,273,137,"1150"
"Tr",0.20694732899959,394,295,99,0.633508484743353,0.0497399075430181,425,326,0.149271103089792,405,306,"1150"
"TZU-CHIAO-HSI-WU 105",0.150554110764694,262,217,45,0.655345596444894,0.0260426738915813,233,188,0.104924466501457,268,223,"1150"
"Va26",0.184654926244738,590,271,319,0.540878577284898,0.0408005027174703,627,308,0.122206102596299,578,259,"1150"
"Va35",0.209769146550663,585,300,285,0.5626996550392,0.0366569412342396,554,269,0.116749221358355,530,245,"1150"
"Va52",0.0575374114064423,45,38,7,0.69937161833187,0.0100735099799162,37,30,0.0362140500267197,37,30,"1150"
"Va99",0.0758137317714593,213,62,151,0.617326385450464,0.0138766025715933,205,54,0.0534185142736323,208,57,"1150"
"W182E",0.015190586761968,334,5,329,0.531467355634369,0.00338314684209544,334,5,0.0134185982807941,334,5,"1150"
"W22",0.098621184037515,283,107,176,0.609969267831074,0.0180637092327907,266,90,0.0678021646278834,274,98,"1150"
"W23",0.19979599343663,449,289,160,0.613432129508155,0.0362984999156864,427,267,0.146419197324139,458,298,"1150"
"W24",0.124517659544641,336,182,154,0.615795355002453,0.0248278628947156,323,169,0.0890916219582124,327,173,"1150"
"W32",0.176108213665254,567,255,312,0.54682384041571,0.0366572972552222,582,270,0.138030979263481,600,288,"1150"
"W37A",0.189556053297965,622,277,345,0.510284532000685,0.0366710712316046,616,271,0.117260143240795,592,247,"1150"
"W552",0.037172399306353,381,19,362,0.467150121333304,0.00689042366606354,377,15,0.0271951834610382,379,17,"1150"
"W603S",0.050751834595193,368,32,336,0.526034466989097,0.0126049394368524,378,42,0.0389705750587669,371,35,"1150"
"W604S",0.178037269472068,500,260,240,0.579850836857639,0.0397250282758034,533,293,0.122036087915135,497,257,"1150"
"W605S",0.102558924643104,209,119,90,0.636428129738878,0.0168124190735028,158,68,0.0676180646902232,187,97,"1150"
"W607S",0.116544387387802,467,159,308,0.551075997194104,0.0246837564595324,475,167,0.0741265525298068,435,127,"1150"
"W610S",0.139772890459329,530,202,328,0.534195061713005,0.0291171862864137,546,218,0.110221062582664,559,231,"1150"
"W611S",0.0869874534772843,346,82,264,0.571923562970111,0.0227683397907765,408,144,0.0694755069892888,368,104,"1150"
"W612S",0.265338375891435,591,338,253,0.576506228345666,0.0601182785314833,605,352,0.189171144653014,594,341,"1150"
"W614S",0.153308100182341,358,225,133,0.621621896951758,0.0281379938680346,340,207,0.0917708784091878,320,187,"1150"
"W64A",0.0776288625128511,272,66,206,0.596060809305602,0.0173419995453035,280,74,0.0531864943492242,261,55,"1150"
"W701BC",0.155124826588294,228,227,1,0.741384475256783,0.0221850349420159,134,133,0.085781336759115,165,164,"1150"
"W803G",0.20897921507457,532,298,234,0.582665565689847,0.0534565354895597,575,341,0.163950992425726,555,321,"1150"
"W809G",0.171429930994253,275,247,28,0.668281979335207,0.0370475001932857,303,275,0.134167915826019,308,280,"1150"
"W810G",0.14246635637981,217,204,13,0.688381536735199,0.0293501337702791,232,219,0.109119285474669,242,229,"1150"
"W811G",0.0409851584569678,289,21,268,0.569587414677964,0.00972603012398221,296,28,0.032458337368305,293,25,"1150"
"W813G",0.195594701107625,437,282,155,0.615659527105202,0.0404027809975257,458,303,0.14853087479129,459,304,"1150"
"W8304",0.143216755759059,418,206,212,0.593921418460022,0.026747380115126,410,198,0.082733148941415,362,150,"1150"
"W9",0.197410968680647,591,284,307,0.551189507499281,0.0406783533649512,613,306,0.143329065480947,603,296,"1150"
"WIL900",0.0619103976043411,406,45,361,0.475925984421887,0.0151552221101289,420,59,0.0455323922620785,405,44,"1150"
"WU-TAN-TZAO",0.155202753508048,588,228,360,0.47692528031984,0.036042863628657,625,265,0.130924615412606,633,273,"1150"
"YE 4",0.312042432691639,720,356,364,0.455636778952846,0.0522222860321141,701,337,0.196537931925745,711,347,"1150"
"YING-55",0.230331392312685,407,321,86,0.639264982684382,0.0414762217315213,397,311,0.160300866020533,403,317,"1150"
"Yu796 NS",0.104448639282025,240,125,115,0.627559393880381,0.0190663145197808,213,98,0.071684103070647,234,119,"1150"
"ZS365",0.243459246036361,607,327,280,0.564519473040816,0.0536000690536201,622,342,0.1759308407356,610,330,"1150"
"ZS635",0.0833744701856274,214,73,141,0.619237801414289,0.0173664940381635,217,76,0.0698942727333643,248,107,"1150"
"1538",0.112844654733465,281,166,115,0.637314796679202,0.0319971920444303,363,248,0.102170536131652,318,203,"1200"
"29MIBZ2",0.0926610179932038,162,108,54,0.663743053516625,0.0239354900641403,206,152,0.0856242296157996,206,152,"1200"
"2FACC",0.0188718516539378,20,4,16,0.695952891702463,0.00462699460693791,20,4,0.0148660821948724,19,3,"1200"
"2MA22",0.171420208721319,615,273,342,0.527517585329665,0.0347535414581919,617,275,0.150654154246263,646,304,"1200"
"3IJI1",0.256590846840756,517,342,175,0.621052704776302,0.050976872610164,508,333,0.179925675517157,507,332,"1200"
"4226",0.139620401799292,448,217,231,0.597971242602025,0.0337157431463362,496,265,0.110417837521522,460,229,"1200"
"4N506",0.186082909208689,428,294,134,0.632481472489469,0.0428848068946846,447,313,0.151654417419,439,305,"1200"
"6M502",0.137098355534984,298,213,85,0.647059522550411,0.0281201513717407,292,207,0.0918899110467726,253,168,"1200"
"6M502A",0.179605794632327,424,284,140,0.630430980318008,0.0309074060693791,375,235,0.114849855541522,377,237,"1200"
"764",0.134306974968444,514,207,307,0.566238173220346,0.0288468388231326,525,218,0.100925626341261,503,196,"1200"
"78010",0.156676934986805,551,241,310,0.562793352099739,0.0383042739778136,600,290,0.120643065307341,563,253,"1200"
"793",0.0825157010867304,366,89,277,0.58318329253157,0.0203441097660428,395,118,0.069421266508233,373,96,"1200"
"87916W",0.232232990034281,380,329,51,0.664535824956062,0.0516835929998645,388,337,0.162337247008698,365,314,"1200"
"911",0.0472111543095679,275,26,249,0.591122600481543,0.0119045453734855,283,34,0.0388377736242536,275,26,"1200"
"912",0.110903678589764,506,157,349,0.51449885519292,0.0280384529988747,553,204,0.0878147241655015,508,159,"1200"
"91IFC2",0.052138255211333,196,35,161,0.623593118636065,0.0131112451311416,215,54,0.0414386173382843,190,29,"1200"
"A",0.0892636225846679,235,100,135,0.63234138497511,0.0173053001516222,226,91,0.0702745569823351,239,104,"1200"
"A208",0.0772724991026803,404,78,326,0.547419516339067,0.017885885426565,422,96,0.067478275071312,418,92,"1200"
"A239",0.0687076923520776,85,61,24,0.682235576692501,0.0119604528480898,59,35,0.0492444964282843,74,50,"1200"
"A272",0.0248741678685597,292,7,285,0.579876632266312,0.00510807869347151,291,6,0.0221982519939752,293,8,"1200"
"A305",0.215847000184746,627,319,308,0.566126440896041,0.0484032071653454,635,327,0.162411858628719,623,315,"1200"
"A322",0.0845048147151431,360,93,267,0.585996054047001,0.0213617343476063,399,132,0.0701555099391415,370,103,"1200"
"A334",0.0785465667991574,289,83,206,0.606590019570825,0.0205732211599955,327,121,0.0731763668394545,317,111,"1200"
"A340",0.13740487079122,236,214,22,0.684692529778031,0.0277641947912833,222,200,0.116176631848391,264,242,"1200"
"A374",0.190343022319643,364,298,66,0.656157980522025,0.0319082804616968,313,247,0.132585716377888,343,277,"1200"
"A385",0.117309904700102,475,174,301,0.571670808625384,0.0236675665613412,450,149,0.099255422310431,493,192,"1200"
"A401",0.0970952688013238,204,118,86,0.647028965658687,0.024828180662429,248,162,0.0772854413855965,207,121,"1200"
"A427",0.125526743423422,261,189,72,0.653049617088837,0.0230367807391029,217,145,0.0838056444588597,217,145,"1200"
"A548",0.112913577523934,390,167,223,0.601178577823308,0.0275799918569575,419,196,0.101180175412503,420,197,"1200"
"A572",0.145260178481018,451,230,221,0.602322676639637,0.0301910951040876,452,231,0.120900769030195,475,254,"1200"
"A619",0.0551120075336561,316,38,278,0.58293662268396,0.0139153611950654,338,60,0.0436439668688121,315,37,"1200"
"A627",0.135017667202547,542,208,334,0.540996625521362,0.0340530180148905,604,270,0.10696177240722,551,217,"1200"
"A632",0.304752856045086,433,358,75,0.652083428510667,0.0550814160934233,417,342,0.18949126820988,414,339,"1200"
"A635",0.159022535346593,437,249,188,0.616962324086694,0.0347099336356733,462,274,0.135762453355956,472,284,"1200"
"A641",0.109685789702893,494,155,339,0.536226053984018,0.0296403060059343,564,225,0.0929715330075456,511,172,"1200"
"A648",0.283549542839004,616,352,264,0.586409258519852,0.0531642369534265,605,341,0.19943735351478,610,346,"1200"
"A663",0.0721709967292308,233,70,163,0.623149945355866,0.0120659331136675,202,39,0.0470435772596424,209,46,"1200"
"A672",0.247516456987654,481,337,144,0.628162883580452,0.0375037285659041,431,287,0.161784263544689,455,311,"1200"
"A674",0.0344916885773435,132,13,119,0.635401700471524,0.00780350480285162,133,14,0.0298321735419703,134,15,"1200"
"A679",0.301443137459267,639,356,283,0.580158116043828,0.0512093570983588,618,335,0.207937833844358,636,353,"1200"
"A680",0.121835071288542,239,182,57,0.662689489294,0.0327712659671099,311,254,0.107351884145289,278,221,"1200"
"A682",0.205009220794636,500,311,189,0.616620071880252,0.034463292414314,461,272,0.149363686961447,491,302,"1200"
"A71",0.0622405016641538,157,51,106,0.641542852238538,0.0156363636303428,181,75,0.0496335908078982,159,53,"1200"
"A73",0.0869794000609505,193,97,96,0.645412535599329,0.0227948505083327,240,144,0.0747124924315168,214,118,"1200"
"A797NW",0.169112276191185,505,268,237,0.596541520642678,0.0427408128493866,549,312,0.140299079113767,529,292,"1200"
"AQA3",0.167385340900404,524,264,260,0.587221909118851,0.032280324780156,510,250,0.116120666336374,501,241,"1200"
"AS6103",0.109351397466958,241,152,89,0.646234534311343,0.0177094973414332,184,95,0.0736448429328982,204,115,"1200"
"AusTRCF 306238",0.108603076414938,495,148,347,0.525232083543078,0.015315665251075,419,72,0.0661784303617089,436,89,"1200"
"B-18 INBR.FR.SUPERGOLD",0.168140697306804,414,266,148,0.626875280868334,0.0275948945874706,346,198,0.117193165773791,393,245,"1200"
"B-28",0.168667798967331,286,267,19,0.692552495007817,0.0426085885983608,330,311,0.139702486028113,310,291,"1200"
"B103",0.128802301970117,320,195,125,0.634565777160563,0.0194884335952746,237,112,0.0834411331019552,268,143,"1200"
"B104",0.116882944155521,240,173,67,0.655588221722767,0.0294514470676187,290,223,0.0922708377425633,237,170,"1200"
"B105",0.114741686933525,337,172,165,0.623047339927131,0.0296824512608775,391,226,0.0922804694532964,336,171,"1200"
"B108",0.0800040027878912,256,86,170,0.622037875560354,0.0125873016689911,218,48,0.0518138737011123,229,59,"1200"
"B109",0.344656193716752,640,364,276,0.583229751900302,0.087251604688549,642,366,0.272933182830367,639,363,"1200"
"B110",0.105585434892413,215,136,79,0.650545219500067,0.021052490280355,206,127,0.091498907671327,246,167,"1200"
"B111",0.122933760951127,240,184,56,0.662823184631521,0.0261376345670733,235,179,0.0921144494641771,225,169,"1200"
"B115",0.120565528143559,355,179,176,0.620999448873905,0.0256786392511257,349,173,0.0914886487901519,342,166,"1200"
"B119",0.0981587220641102,297,120,177,0.620593601329492,0.0248734855983798,340,163,0.0777478096760796,299,122,"1200"
"B120",0.178885555982057,476,282,194,0.61361107176751,0.0293470403037576,415,221,0.125859402821923,458,264,"1200"
"B121",0.261843194594265,507,345,162,0.623588717837881,0.0478210418617334,488,326,0.175876692619372,489,327,"1200"
"B14A",0.256397679041303,479,341,138,0.630860986527916,0.0412897012397757,445,307,0.175046973071958,464,326,"1200"
"B164",0.158377833605931,264,247,17,0.695262731724092,0.0395579153538178,317,300,0.133995496472671,298,281,"1200"
"B2",0.135457264186781,313,209,104,0.642070845341765,0.0261109394188939,282,178,0.102062156317024,306,202,"1200"
"B37",0.176089900052366,434,279,155,0.625523521328884,0.0338281159696366,424,269,0.120202737255749,406,251,"1200"
"B47",0.0974462156929725,394,119,275,0.583665939678173,0.0207601955523398,399,124,0.0896837826517094,436,161,"1200"
"B57",0.0481569628430297,243,29,214,0.60543805059249,0.013707575544284,272,58,0.0438377563449819,252,38,"1200"
"B66",0.114390517006111,432,170,262,0.586905458084472,0.0203347719535538,379,117,0.0827688294841595,402,140,"1200"
"B68",0.109614111162066,272,154,118,0.635819452611852,0.0176262381586164,211,93,0.0701363478359184,219,101,"1200"
"B73",0.185973124718431,453,293,160,0.62370409253908,0.0446134956838704,479,319,0.140697296651008,453,293,"1200"
"B75",0.213712368679093,672,316,356,0.50593432836768,0.0598440861637044,707,351,0.193435184252803,699,343,"1200"
"B76",0.167195342231798,293,263,30,0.678671013220357,0.0400619280993888,332,302,0.139458506949908,320,290,"1200"
"B77",0.0274000069415298,69,9,60,0.661710965949472,0.00538799385940247,68,8,0.0204287195537118,67,7,"1200"
"B79",0.104643462443723,246,133,113,0.638107213980108,0.0203100805474599,229,116,0.0734135359839512,226,113,"1200"
"B87",0.0392925650543498,115,15,100,0.64357508182277,0.0085098421515499,119,19,0.0332898738546852,118,18,"1200"
"B88",0.071215905040026,260,67,193,0.613968218119214,0.0142642217616438,255,62,0.0608436596244954,273,80,"1200"
"B91",0.072242036486794,105,71,34,0.676668589131066,0.0134403780612533,91,57,0.0496805714340028,88,54,"1200"
"B97",0.0752520308205072,349,75,274,0.584200262559194,0.0151395839666021,344,70,0.065357218949124,361,87,"1200"
"BEI 10 = NORTH 10",0.108435741022783,402,145,257,0.588053423999779,0.0211384927660725,385,128,0.0800496223110587,387,130,"1200"
"BO9",0.0690954756154039,270,62,208,0.606359029354296,0.0170809146290596,294,86,0.0545765525110879,275,67,"1200"
"CA-4",0.213155285336718,377,315,62,0.660521696651894,0.0468230976742695,385,323,0.161937650077148,374,312,"1200"
"CG102",0.0694086000748298,175,63,112,0.638759273184383,0.0150565705541458,180,68,0.0521709697584051,173,61,"1200"
"CH701-30",0.0809125242134355,219,88,131,0.632659973794385,0.017181303226789,220,89,0.0742488619778831,248,117,"1200"
"CH711-10",0.24994072079944,692,339,353,0.507163059704782,0.0514751461899756,689,336,0.206282585226241,702,349,"1200"
"CH753-4",0.303960062628597,627,357,270,0.585359021832659,0.0590054581778149,618,348,0.253646309316221,630,360,"1200"
"CH9",0.0719619985676034,327,69,258,0.587838771234701,0.0137620045219803,317,59,0.0555005834944953,328,70,"1200"
"CI 40H",0.060815676049186,70,49,21,0.685846639919083,0.0121856720442351,63,42,0.0522751482620251,84,63,"1200"
"CM105",0.184774182005322,455,291,164,0.623146578546007,0.0406774590625974,468,304,0.153737436576385,471,307,"1200"
"CQ702RC",0.0401210420921943,263,16,247,0.591627308896496,0.0104430402386775,276,29,0.0324764664686678,264,17,"1200"
"CR 22 INBRED",0.135625082673448,278,210,68,0.654785288307445,0.0282978617104597,278,210,0.112401234217007,299,231,"1200"
"DE2",0.120878013183644,454,181,273,0.584428232841388,0.028119329980865,479,206,0.105791534329682,486,213,"1200"
"DE3",0.101107964302543,493,127,366,0.339712382956056,0.0255021580171231,537,171,0.0832676570923133,508,142,"1200"
"DE4",0.142580328405008,492,226,266,0.586083786771317,0.0287851276485282,482,216,0.124557894105797,527,261,"1200"
"DE811",0.11429139337304,350,169,181,0.619333448885336,0.0236244359090139,329,148,0.0939253838590294,358,177,"1200"
"DJ7",0.231822715317647,528,328,200,0.609681976540208,0.0576881547253797,547,347,0.179685489245375,531,331,"1200"
"DK3IIH6",0.165405207356631,469,259,210,0.606117352220832,0.0326088931475772,463,253,0.141751678720344,505,295,"1200"
"DK4676A",0.0913574473778588,359,104,255,0.588887645403951,0.0218775032742853,393,138,0.0701482391080496,357,102,"1200"
"DK78002A",0.0448624765633346,68,22,46,0.668401179153103,0.00773944946627508,59,13,0.0335478262664985,65,19,"1200"
"DK78010",0.0241736894062826,126,6,120,0.635345267006962,0.00622557994583759,129,9,0.0193575922419895,125,5,"1200"
"DK78371A",0.0627353799947316,222,53,169,0.622085535453995,0.0133873573537039,224,55,0.0519624087434974,229,60,"1200"
"DKFAPW",0.158867627516363,322,248,74,0.652503080851727,0.0400023264839099,375,301,0.129912304319908,343,269,"1200"
"DKFBHJ",0.130887030728174,234,201,33,0.677571976101813,0.0186389050807816,137,104,0.0797045065086962,162,129,"1200"
"DKMBNA",0.0985761430197802,403,122,281,0.580918054203232,0.0185360587530073,384,103,0.073057664197317,391,110,"1200"
"DKPB80",0.118232523324304,270,176,94,0.64575487498561,0.0207183599964775,217,123,0.0787841615301993,221,127,"1200"
"E8501",0.27362138422153,686,349,337,0.539439895134337,0.0558815901826869,680,343,0.202721678744428,684,347,"1200"
"EAST 028",0.106713925676989,235,142,93,0.645812213064949,0.0251488708283072,259,166,0.0844652192895585,244,151,"1200"
"Eng-Li Chih",0.163579447585912,291,254,37,0.674889716636292,0.0347685598420858,314,277,0.122710965175975,293,256,"1200"
"F118",0.178262963934126,292,280,12,0.705224676117507,0.0301471818982211,242,230,0.130687247165161,282,270,"1200"
"F2834T",0.110738469594119,376,156,220,0.6024089978304,0.031286210224231,459,239,0.0997551215035935,413,193,"1200"
"FBLA",0.100787382051291,308,125,183,0.619082990968587,0.0240199833310785,336,153,0.0805139984047756,314,131,"1200"
"FR19",0.421959473264663,731,366,365,0.384236594920014,0.086280965850333,729,364,0.374761108283248,731,366,"1200"
"H105W",0.153004443549989,416,238,178,0.620553511850495,0.0323114698367366,429,251,0.129471697963848,446,268,"1200"
"H110",0.129930351587926,225,198,27,0.679880892431429,0.0316223160972984,271,244,0.108761366567389,250,223,"1200"
"H113",0.146737160180409,445,232,213,0.605923792680985,0.0247276418670796,371,158,0.10715582948214,432,219,"1200"
"H121",0.0344193364695012,258,12,246,0.591706394042686,0.00760405189151751,258,12,0.0293141957962652,260,14,"1200"
"H122w",0.0549868598658852,363,36,327,0.546907955614865,0.0119880521451463,363,36,0.0461106718629028,371,44,"1200"
"H5",0.0497139736257528,227,31,196,0.61264537371214,0.0111515466766655,229,33,0.0480061117136484,245,49,"1200"
"H71",0.0735245187674725,112,74,38,0.672436892591284,0.0127734956323411,87,49,0.050455258559278,95,57,"1200"
"H84",0.0636153708575814,149,57,92,0.645991054468383,0.0130216779027036,144,52,0.0564792754525688,163,71,"1200"
"H91",0.112003037119155,262,164,98,0.64428293329595,0.0187599868699928,205,107,0.0811519657383281,231,133,"1200"
"H95",0.179510019862663,481,283,198,0.610724892291815,0.0338062965685756,465,267,0.134141085662169,480,282,"1200"
"H96",0.224993003681222,379,326,53,0.663920481725569,0.0394349310307019,350,297,0.163395389410004,371,318,"1200"
"H99",0.106688197357627,271,141,130,0.633479582259552,0.0279594690110896,333,203,0.0870237803888394,288,158,"1200"
"HP301",0.106451196314011,201,138,63,0.660018023459215,0.0268363842217125,248,185,0.0843508425463404,211,148,"1200"
"HUOBAI",0.213921073423022,645,317,328,0.546087999867208,0.0565613704772677,674,346,0.198085506774911,673,345,"1200"
"Hy",0.165265352039243,476,258,218,0.603957453569595,0.0418747465681606,528,310,0.13089756709643,489,271,"1200"
"I29",0.257908600414934,386,343,43,0.668868230023805,0.0619873452641975,399,356,0.19303642471605,385,342,"1200"
"Ia 453",0.199624514007512,311,306,5,0.733694620685845,0.0385269736984264,297,292,0.162101576585893,318,313,"1200"
"IA2132",0.10938631351604,157,153,4,0.736487480349292,0.0276644313549016,203,199,0.0866139393611329,158,154,"1200"
"IBB15",0.0154154775371792,27,2,25,0.68196665516915,0.00331153243453419,27,2,0.0130983875170521,27,2,"1200"
"IBC2",0.112068434842863,273,165,108,0.640289316029955,0.0281441837497019,316,208,0.0900276406920548,270,162,"1200"
"ICI 193",0.0887526707699526,157,99,58,0.662329487957379,0.0205471245521185,178,120,0.0682740670807578,152,94,"1200"
"ICI 740",0.24062058484002,623,333,290,0.577834655062343,0.0411089077086214,596,306,0.17167827078616,614,324,"1200"
"ICI 893",0.0598768950945557,237,47,190,0.616205972276385,0.014269822302254,253,63,0.0529980443108364,255,65,"1200"
"ICI 986",0.163363509270505,360,253,107,0.640572772985729,0.0272497147386864,299,192,0.117241473867456,353,246,"1200"
"IDS28",0.142090198811767,256,224,32,0.678435209665906,0.0222520178541064,174,142,0.0954043734671581,217,185,"1200"
"IDS69",0.163889031083132,564,255,309,0.563528858751936,0.0285936996167687,521,212,0.11479812160017,545,236,"1200"
"IDS91",0.0162115260466668,298,3,295,0.574110125532337,0.00349209416985321,298,3,0.0151365018852622,299,4,"1200"
"INB 101LFY/LFY (A632 X M16 S5)",0.36313800235867,686,365,321,0.55289723685395,0.0722627661984983,681,360,0.235899062324684,680,359,"1200"
"INBRED 141",0.124619914143872,238,188,50,0.665031984982444,0.0269023228473791,236,186,0.109057282022848,274,224,"1200"
"INBRED 2-687",0.123434360153259,397,185,212,0.605970430486093,0.0213123878596564,343,131,0.0822098099773542,348,136,"1200"
"INBRED 305",0.174032797016816,627,277,350,0.514430839440038,0.0328753311867769,605,255,0.123813409850651,609,259,"1200"
"INBRED 321",0.128565898092567,450,194,256,0.588519716650415,0.0329408588267633,512,256,0.110956989154567,486,230,"1200"
"K150",0.0726185303986168,116,72,44,0.668833666050757,0.0163827306891918,123,79,0.0527878680949914,108,64,"1200"
"K41",0.273834173517593,532,350,182,0.619084564799121,0.0592169956886841,531,349,0.202936110071365,530,348,"1200"
"K47",0.175344133884145,537,278,259,0.587277247002808,0.0383638390233191,550,291,0.146531500231878,559,300,"1200"
"KUNG-70",0.0896397312407854,395,101,294,0.574608598874983,0.0186478445156671,399,105,0.0810730130600042,426,132,"1200"
"L 127",0.1725579389763,507,274,233,0.597468431387166,0.0303089375255769,465,232,0.11555410365604,471,238,"1200"
"L 139",0.0968681925967006,311,116,195,0.612983992752512,0.0190115097877057,304,109,0.0724994204815447,303,108,"1200"
"L 289",0.107924791965947,287,144,143,0.628240361016667,0.0214627951672503,276,133,0.0823268924910083,281,138,"1200"
"LH1",0.090632013428047,404,102,302,0.570334222519819,0.0185313516765749,404,102,0.076447279749597,421,119,"1200"
"LH119",0.103739458169005,286,130,156,0.625245852502977,0.026052777239543,333,177,0.0829895209586256,297,141,"1200"
"LH128",0.0592846820764144,255,46,209,0.606250616294994,0.0120567096882862,246,37,0.0500366556993929,264,55,"1200"
"LH143 (Maintainer)",0.166651216690757,306,261,45,0.668403851826619,0.0310108215659418,283,238,0.113382792905167,278,233,"1200"
"LH146Ht",0.148343919289531,335,236,99,0.644157443986663,0.0272424306162169,289,190,0.0960334423764248,285,186,"1200"
"LH149",0.0780303304373803,194,80,114,0.638023700192823,0.0152053311467596,185,71,0.0551798562260719,183,69,"1200"
"LH165",0.00327118851432487,283,1,282,0.580389784836514,0.000682161709798055,283,1,0.00276203315776171,283,1,"1200"
"LH166",0.167890744156014,558,265,293,0.57491703748461,0.0282723794379302,502,209,0.11623778738536,536,243,"1200"
"LH181",0.128923129213813,513,196,317,0.559677627522614,0.0274945730000395,512,195,0.116784567235992,561,244,"1200"
"LH184",0.195361469009248,495,304,191,0.615139103909028,0.0337254647506761,457,266,0.125197527849182,454,263,"1200"
"LH190",0.0934892517696034,348,109,239,0.596158377198145,0.0160485159255355,316,77,0.0625506148124765,321,82,"1200"
"LH192",0.307933988915103,584,360,224,0.60103493024544,0.0865988503098857,589,365,0.275613218209444,588,364,"1200"
"LH194",0.205403030855613,637,312,325,0.550024501515099,0.0374415773431652,611,286,0.134576508239635,608,283,"1200"
"LH195",0.137649012569925,361,215,146,0.627266330067643,0.0255423040504606,318,172,0.103208626934152,352,206,"1200"
"LH197",0.140125138295731,262,221,41,0.668969837068659,0.0323388697873997,293,252,0.115753254614256,280,239,"1200"
"LH198",0.0508229685843132,51,33,18,0.693118403317504,0.0109953742244894,49,31,0.0449721445829655,60,42,"1200"
"LH202",0.0834304817437276,297,92,205,0.606845469911828,0.0171028871985414,292,87,0.0575433149832707,279,74,"1200"
"LH204",0.312959413473651,659,361,298,0.573036257203058,0.0732687342448024,660,362,0.259078766372747,659,361,"1200"
"LH205",0.193779194624366,652,301,351,0.512690171674333,0.0358355521508152,632,281,0.147205018614586,652,301,"1200"
"LH206",0.065262974028399,260,58,202,0.608352372507467,0.01305076279209,255,53,0.044805866402549,243,41,"1200"
"LH208",0.0960805987202865,216,115,101,0.643348288947992,0.0213057768764965,231,130,0.0734553981561442,215,114,"1200"
"LH209",0.071820625980115,218,68,150,0.626492554022296,0.0171563340386766,238,88,0.0636418794213728,233,83,"1200"
"LH214",0.0553796424666162,345,39,306,0.567692419649893,0.00804569770819448,322,16,0.0348931263933554,327,21,"1200"
"LH215",0.222139094138356,642,324,318,0.55668006563369,0.0445912534903326,636,318,0.173588886470254,643,325,"1200"
"LH222",0.11147658285765,298,159,139,0.630839227219066,0.0277932777212154,340,201,0.0942382103842675,317,178,"1200"
"LH223",0.111852649473328,239,161,78,0.65087319491201,0.0272367969797646,267,189,0.0936469806598215,252,174,"1200"
"LH224",0.201223164635008,559,308,251,0.589518044448927,0.0505326437685526,582,331,0.161114291051767,561,310,"1200"
"LH295",0.0412586402748138,267,17,250,0.590228481795325,0.00625539784684044,260,10,0.0270985258985984,261,11,"1200"
"LH60",0.0434307846729574,193,19,174,0.62106559135345,0.0120600446906014,212,38,0.0381945531226052,198,24,"1200"
"LH74",0.0464183684055574,110,23,87,0.646974440673625,0.0121419146268893,127,40,0.0420298156045579,119,32,"1200"
"LH82",0.0465786020995483,133,24,109,0.639804377329891,0.00934068402151441,132,23,0.0358693213511458,132,23,"1200"
"LH93",0.178616395839144,641,281,360,0.497058515938455,0.0435450743836692,675,315,0.14960889092695,663,303,"1200"
"LIBC 4",0.122759990979715,267,183,84,0.647410851125664,0.0335920135017934,348,264,0.10581443555288,298,214,"1200"
"LP1 NR HT",0.130660502057397,234,199,35,0.67645073570355,0.0216951181547093,170,135,0.0837007875497907,179,144,"1200"
"LP5",0.0357924078596175,131,14,117,0.636249342629232,0.00680685112584118,128,11,0.0281327565368452,130,13,"1200"
"M14",0.145042090707392,451,229,222,0.602276494363233,0.0237050894367434,372,150,0.10151935525741,422,200,"1200"
"MBPM",0.0945960742751705,297,113,184,0.619068275528491,0.0176911097317164,278,94,0.0766720238744109,304,120,"1200"
"MBWZ",0.135804517231481,490,211,279,0.582924252937164,0.0341409277269762,550,271,0.10660394089023,495,216,"1200"
"MM501D",0.0949752908517482,469,114,355,0.50627847989932,0.0161700968492375,433,78,0.0694598702029012,452,97,"1200"
"Mo17",0.0506239726223505,160,32,128,0.634025048111521,0.010146493983579,153,25,0.0431303167905978,162,34,"1200"
"Mo1W",0.202152791969071,495,309,186,0.617197428271672,0.0443564942966171,503,317,0.185582956040719,521,335,"1200"
"Mo46",0.235725617401691,618,330,288,0.578633981566942,0.0394800396049542,587,299,0.167266536076823,610,322,"1200"
"Mo47",0.0968689167546961,320,117,203,0.607894270648742,0.0272466404750423,394,191,0.0867221677373021,358,155,"1200"
"Mo5",0.188680477584054,309,296,13,0.702588840835272,0.031388100524832,255,242,0.132091708052155,288,275,"1200"
"MQ305",0.158018739921709,577,246,331,0.542677722576179,0.0239156774658199,482,151,0.0966112965736611,519,188,"1200"
"MS116",0.0942005489563428,423,111,312,0.562697897522018,0.0194155146985407,423,111,0.0843966930212752,462,150,"1200"
"MS132",0.157440021199582,488,243,245,0.592045046031506,0.0304469436980853,479,234,0.121053898849836,500,255,"1200"
"MS200",0.0781695782114778,400,81,319,0.554376710055094,0.0173261909335366,411,92,0.0648268117319948,405,86,"1200"
"MS211",0.0861432759423262,329,95,234,0.59745107215846,0.0182828806241609,332,98,0.0742022310017984,350,116,"1200"
"MS221",0.132552207433415,252,203,49,0.6669366081133,0.0267615127973308,233,184,0.1158035334462,289,240,"1200"
"MS224",0.141707676717835,304,223,81,0.648898788548169,0.030366644807751,314,233,0.0981193603316675,272,191,"1200"
"MS225",0.17021375641581,330,269,61,0.661507258641639,0.026623524448198,243,182,0.105354026711393,272,211,"1200"
"MS226",0.108550531862302,483,147,336,0.539535450754829,0.0221813631532722,476,140,0.0814945713983652,470,134,"1200"
"MS24A",0.0990865497272797,481,123,358,0.49913557595327,0.0169073924674333,440,82,0.0696053185473695,457,99,"1200"
"MS67",0.164730531863045,599,256,343,0.527278184225644,0.0360066955902395,626,283,0.137780535208779,630,287,"1200"
"MS71",0.203085195994348,383,310,73,0.652859008366984,0.0377464009787095,361,288,0.164069837280144,394,321,"1200"
"MS72",0.196863099303668,462,305,157,0.625021688141489,0.0433673831789607,471,314,0.163733962923041,476,319,"1200"
"N192",0.221153856424035,337,323,14,0.70098056057877,0.0440847885005272,330,316,0.190873928924907,354,340,"1200"
"N193",0.13964966090765,481,218,263,0.586536313631365,0.0225050372169438,406,143,0.0949825105238542,444,181,"1200"
"N200",0.125694166483273,433,190,243,0.593466990968519,0.0309317318544585,479,236,0.10566678811146,455,212,"1200"
"N201",0.0478693455075739,69,27,42,0.668878685724347,0.0124241390431319,89,47,0.0426058246414958,75,33,"1200"
"N209",0.0777493599202676,332,79,253,0.588994633407796,0.0198119797547953,367,114,0.0712862467542686,359,106,"1200"
"N211",0.107554872165161,152,143,9,0.707924800236451,0.0247585588216893,168,159,0.0936975149422734,184,175,"1200"
"N217",0.113149357676049,194,168,26,0.681473598960871,0.0290437203006616,246,220,0.0903397407330636,189,163,"1200"
"N218",0.272524077525412,680,348,332,0.542378798681251,0.0685474688549961,690,358,0.216495087875454,688,356,"1200"
"N28Ht",0.104062565877624,290,131,159,0.624000197227222,0.0253421688170993,327,168,0.0818873242102377,294,135,"1200"
"N501",0.0788811567316653,326,84,242,0.593955783337919,0.0186863753606807,348,106,0.0696182746165594,342,100,"1200"
"N523",0.111924950938371,170,163,7,0.710869655176498,0.0285050293254966,218,211,0.102589301426301,211,204,"1200"
"N527",0.187408570754225,422,295,127,0.634362167426986,0.0316096116171331,370,243,0.124281889927478,387,260,"1200"
"N534",0.0658857793264161,87,59,28,0.679255408996465,0.0166712283053268,109,81,0.0521714946667917,90,62,"1200"
"N542",0.244357812900734,579,335,244,0.59279349577909,0.0363996910100868,529,285,0.157940241428557,553,309,"1200"
"N6",0.0792367633195213,230,85,145,0.627571050145067,0.0123769683104503,190,45,0.0537770882167202,211,66,"1200"
"NC250",0.255974134655388,663,340,323,0.550823889718347,0.0418359683852469,632,309,0.178700625798989,653,330,"1200"
"NC262",0.159599636153694,448,251,197,0.611950617535126,0.0357697448643194,476,279,0.1319424911472,471,274,"1200"
"NC294",0.0940746019432281,200,110,90,0.646145101368353,0.0250168516126983,255,165,0.0786228842365267,215,125,"1200"
"NC310",0.0884003373423243,240,98,142,0.629312227074505,0.0143444206074875,206,64,0.0603855622300427,221,79,"1200"
"NC326",0.211357792897503,605,314,291,0.576920311568065,0.0531359167266687,631,340,0.171449750773676,614,323,"1200"
"NC328",0.262135570023399,630,346,284,0.580017525137046,0.0468325273242146,608,324,0.178466619975922,613,329,"1200"
"NC342",0.0803416053596007,239,87,152,0.62573842537979,0.0189420954684113,260,108,0.066608715131902,242,90,"1200"
"NC412",0.108866754395622,366,150,216,0.605107051968259,0.0265848625266604,397,181,0.0867275919063048,372,156,"1200"
"ND259",0.337646705539747,709,363,346,0.525793728600468,0.0667041333175595,703,357,0.262568324386968,708,362,"1200"
"ND265",0.301237410106117,624,355,269,0.585498024730805,0.0727910147196328,630,361,0.230762932769811,627,358,"1200"
"NK740",0.236765962642717,567,331,236,0.596758348824493,0.0601666648232246,589,353,0.187730062214281,574,338,"1200"
"NK778",0.18904502231763,532,297,235,0.597156782549712,0.0345318371065705,508,273,0.14374640393766,532,297,"1200"
"NK807",0.0727078632530418,288,73,215,0.605328154492128,0.0183982074203125,314,99,0.0575738114605614,290,75,"1200"
"NKS8326",0.194877991569169,602,303,299,0.572073144607271,0.0385993924136544,592,293,0.127247088205493,564,265,"1200"
"NORTH 7",0.114624989991734,475,171,304,0.56996163605632,0.02740098853785,498,194,0.0953788334542562,487,183,"1200"
"NQ508",0.111161019095038,294,158,136,0.631599946623378,0.020961089567693,261,125,0.0910462384490119,301,165,"1200"
"NS501",0.140522484836973,493,222,271,0.585058516802305,0.0357888925724895,551,280,0.119354011039469,521,250,"1200"
"NS701",0.330999468665128,700,362,338,0.537761154284763,0.0839797359293144,701,363,0.30274327247537,703,365,"1200"
"NY6371",0.123467236976572,197,186,11,0.705698639224683,0.0218472994000704,147,136,0.086464089740327,164,153,"1200"
"Ny821",0.111780943683198,292,160,132,0.632544317592281,0.0290028050182727,351,219,0.0949845891665306,314,182,"1200"
"OH33",0.119931910558804,282,177,105,0.641765233336926,0.0241802958205526,260,155,0.0970023395005861,295,190,"1200"
"Oh40B",0.265881599159024,424,347,77,0.651076669016428,0.06170020124712,431,354,0.207050632887888,428,351,"1200"
"Oh43",0.148001848314458,539,234,305,0.567778917101612,0.0330567513884623,565,260,0.109147491028256,530,225,"1200"
"Oh7",0.0772255227185181,304,77,227,0.600793903174087,0.0169093774274539,310,83,0.0644940561844336,312,85,"1200"
"OQ403",0.0846544186903818,248,94,154,0.625689505338772,0.0172334478534373,244,90,0.0691771189778373,249,95,"1200"
"OQ603",0.0604942125063749,77,48,29,0.679006393858507,0.0122059369784921,72,43,0.0511816228675413,87,58,"1200"
"Os420",0.120039818620476,217,178,39,0.671468526695732,0.0309896889225297,276,237,0.096527632794707,226,187,"1200"
"OS602",0.165202158775138,486,257,229,0.599016649957632,0.0286486765188714,443,214,0.118258769150928,477,248,"1200"
"Pa392",0.166939316575372,469,262,207,0.606372467500019,0.0320351986085761,456,249,0.137702316786899,493,286,"1200"
"Pa405",0.0914809642249986,438,105,333,0.54141074205073,0.020457160588156,452,119,0.0787650018726233,459,126,"1200"
"Pa875",0.182789271440077,383,288,95,0.64559700141121,0.0294462921854861,317,222,0.123508557507389,352,257,"1200"
"Pa880",0.0629205338536478,56,54,2,0.753734885745164,0.0144247396544642,67,65,0.0547179159030871,70,68,"1200"
"Pa91",0.0320893979498534,51,11,40,0.670003536792819,0.00815656177563365,57,17,0.0273774870876803,52,12,"1200"
"PH207",0.0437977807345948,103,21,82,0.648491594479759,0.00855512422039876,102,20,0.0354491675467865,104,22,"1200"
"PHB09",0.157506523650936,391,244,147,0.62714357910403,0.0318376207089933,392,245,0.133713459202088,427,280,"1200"
"PHB47",0.106619322894097,281,140,141,0.629388260551141,0.0275907686638512,338,197,0.0942584814650205,320,179,"1200"
"PHBA6",0.0550137487693804,209,37,172,0.621430267765947,0.0139737751355222,233,61,0.0436111455561949,207,35,"1200"
"PHBB3",0.182578349709516,398,287,111,0.639054753993981,0.0329536780399957,368,257,0.114383692940057,346,235,"1200"
"PHEG9",0.0912052951944428,134,103,31,0.678603967141606,0.0179250770614615,128,97,0.0779201149383591,154,123,"1200"
"PHG29",0.16568337916617,576,260,316,0.5600218011075,0.0286070877312045,529,213,0.107150050765825,534,218,"1200"
"PHG47",0.154575668586831,604,240,364,0.464441937043015,0.026648956708897,547,183,0.104080742168464,572,208,"1200"
"PHG71",0.123822210567283,197,187,10,0.707459774105342,0.0313431683676123,251,241,0.103262555331602,217,207,"1200"
"PHG80",0.0579513643972674,240,41,199,0.609903024741309,0.0128191751340655,249,50,0.0442169078771531,238,39,"1200"
"PHG83",0.194746497141472,532,302,230,0.598449154915623,0.0338134147789651,498,268,0.131583389339661,503,273,"1200"
"PHG86",0.258749465971221,399,344,55,0.663157819909499,0.0599733758371907,407,352,0.190881949364907,396,341,"1200"
"PHH93",0.191025084990152,629,300,329,0.545498812714708,0.0452191546925382,649,320,0.142636350584205,625,296,"1200"
"PHHH9",0.0228831197891854,222,5,217,0.604067226035302,0.00495929578441032,222,5,0.0193592274512087,223,6,"1200"
"PHHV4",0.128966074158678,429,197,232,0.597526714501596,0.0252247297615372,399,167,0.109568055111184,459,227,"1200"
"PHJ70",0.305130561903661,711,359,352,0.511764660971357,0.0618951866171365,707,355,0.214949680328635,707,355,"1200"
"PHJ89",0.2435785518775,679,334,345,0.526755583457406,0.0454601344077294,666,321,0.163323159218991,662,317,"1200"
"PHJ90",0.0588225690749209,167,44,123,0.63475184071359,0.0110602859874444,155,32,0.0419331654750851,153,30,"1200"
"PHJR5",0.131375752057445,273,202,71,0.653294113942106,0.020979117515764,197,126,0.0883504223427288,231,160,"1200"
"PHK35",0.0943186818468132,331,112,219,0.603394922263605,0.0190173814697056,329,110,0.0611142655781689,300,81,"1200"
"PHK42",0.0574088124949328,128,40,88,0.646451140957573,0.0123847598815257,134,46,0.049455150480191,140,52,"1200"
"PHK56",0.0622484031465692,280,52,228,0.600684739048154,0.0107034977495587,258,30,0.0419993258421097,259,31,"1200"
"PHK74",0.142574382547647,301,225,76,0.652052178305851,0.0216190385773224,210,134,0.0933433687075109,249,173,"1200"
"PHKE6",0.0437080630738467,188,20,168,0.622364290490485,0.0092076488173492,189,21,0.0320293539823604,184,16,"1200"
"PHM10",0.0259665339930961,256,8,248,0.591493422796377,0.00522897447244716,255,7,0.022590368701038,257,9,"1200"
"PHN11",0.0481099387718582,282,28,254,0.588893921106234,0.0102357324579398,280,26,0.0444343812019125,294,40,"1200"
"PHN29",0.111878730386117,226,162,64,0.6579274249119,0.0195581665391585,177,113,0.0784454427368513,188,124,"1200"
"PHN66",0.108664357947226,252,149,103,0.642773216396698,0.022043012102808,242,139,0.0822848377569586,240,137,"1200"
"PHN82",0.109132131567619,416,151,265,0.586272668023958,0.0281043828637355,470,205,0.095381726216449,449,184,"1200"
"PHP02",0.101109029822373,339,128,211,0.606021080025349,0.024180292265143,365,154,0.084142881599363,357,146,"1200"
"PHP55",0.170380702725496,400,271,129,0.633850477328884,0.0388733707415748,423,294,0.124916593627713,391,262,"1200"
"PHP76",0.138824096926437,296,216,80,0.650386280346862,0.0295710594265573,304,224,0.114059562148488,314,234,"1200"
"PHP85",0.0862747182393447,440,96,344,0.526819469056502,0.0158267645016659,420,76,0.0655374101143013,432,88,"1200"
"PHPR5",0.0629307653062065,213,55,158,0.624484316859805,0.0134195739193694,214,56,0.0471316659110397,205,47,"1200"
"PHR03",0.133734712957632,546,205,341,0.534057297853076,0.0353587644394139,619,278,0.110240219472506,569,228,"1200"
"PHR30",0.12760317235835,363,192,171,0.621595430418504,0.0250085759601962,335,164,0.0966597384143875,360,189,"1200"
"PHR31",0.091523425993369,176,106,70,0.653528264615855,0.0235569342626086,217,147,0.0732503871973582,182,112,"1200"
"PHR36",0.0996157707535669,421,124,297,0.573150893588421,0.0222323194149077,438,141,0.0723714759455222,404,107,"1200"
"PHR47",0.224860645764644,451,325,126,0.634411955026847,0.0510918710006394,460,334,0.178006501390913,454,328,"1200"
"PHR63",0.0629566291283972,343,56,287,0.579351339999435,0.0103168540187532,314,27,0.0436178596370103,323,36,"1200"
"PHT10",0.153206898558369,479,239,240,0.594989904739166,0.0218669961161192,377,137,0.0943257187575135,420,180,"1200"
"PHT47",0.246936397154318,660,336,324,0.55076007692877,0.0597961080470893,674,350,0.206330623989216,674,350,"1200"
"PHT55",0.148990001212652,537,237,300,0.572064419983333,0.0330421702311159,558,258,0.123531901317154,558,258,"1200"
"PHTM9",0.248503104164829,599,338,261,0.586934144641597,0.0525794294381351,600,339,0.20780177961531,613,352,"1200"
"PHV37",0.0921567702009526,311,107,204,0.607688510609202,0.025946686056081,379,175,0.0826166683604288,343,139,"1200"
"PHV57",0.0519166227275718,136,34,102,0.642807228548879,0.0121551672696686,143,41,0.0455698055597734,145,43,"1200"
"PHV63",0.0785172291865965,118,82,36,0.675225495808326,0.0169706379819153,120,84,0.0587182421614975,113,77,"1200"
"PHVA9",0.0826149101844539,405,90,315,0.56012720158759,0.0212333066512996,444,129,0.0708887747025604,420,105,"1200"
"PHVJ4",0.215732396458814,497,318,179,0.620355390892877,0.0560677127814275,524,345,0.186237863363025,515,336,"1200"
"PHW03",0.0427198147172576,66,18,48,0.667163872006482,0.00927776109623825,70,22,0.0401667985757247,76,28,"1200"
"PHW17",0.117480753694646,497,175,322,0.551533641293259,0.0253431574561645,491,169,0.101258933584415,520,198,"1200"
"PHW20",0.102352499863303,409,129,280,0.581777975819237,0.0270504075632529,467,187,0.0843291257581267,427,147,"1200"
"PHW30",0.157972863428643,497,245,252,0.589043956850444,0.0298001261074855,479,227,0.106426075375732,467,215,"1200"
"PHW43",0.139657576453144,356,219,137,0.631039750545316,0.0301394093699716,366,229,0.104722052158157,346,209,"1200"
"PHW52",0.126975436990039,357,191,166,0.622958553451915,0.0331606055707741,428,262,0.103161789456975,371,205,"1200"
"PHW53",0.296023458526848,642,353,289,0.577973740634733,0.0691534020060681,648,359,0.219766735338558,646,357,"1200"
"PHW80",0.136480087447693,573,212,361,0.486567028732803,0.0318608451382562,607,246,0.107286331070306,581,220,"1200"
"PHWG5",0.105514097420699,308,135,173,0.621229750104455,0.0231873946406033,319,146,0.100194721635006,368,195,"1200"
"PHZ51",0.106303201836332,290,137,153,0.625703568338605,0.0270664420010584,341,188,0.0843733435921265,302,149,"1200"
"Q381",0.2367824742041,355,332,23,0.683704440127805,0.0506507097867168,355,332,0.162987825177419,339,316,"1200"
"R168",0.206070705084881,514,313,201,0.60894719569164,0.033054224523906,460,259,0.141655053991209,495,294,"1200"
"R177",0.226001511907752,681,327,354,0.506504898555051,0.0520383950198918,692,338,0.186653003196539,691,337,"1200"
"R181B",0.146687834742151,239,231,8,0.709673990015447,0.0259435248825524,182,174,0.0937481391879753,184,176,"1200"
"R226",0.170796084585864,341,272,69,0.653899028494186,0.0254253168395383,239,170,0.109155161283207,295,226,"1200"
"R229",0.21786817375313,660,320,340,0.535495830978864,0.0473219253470881,665,325,0.183593799523441,674,334,"1200"
"R71",0.0621565881236142,53,50,3,0.738588520568142,0.00951312126784396,27,24,0.0386710795138666,28,25,"1200"
"R78",0.104121862191839,248,132,116,0.637068940057203,0.0155433851899452,190,74,0.067505438327214,209,93,"1200"
"SD101",0.069720584397336,111,64,47,0.668125626727249,0.0129040160632191,98,51,0.0474437562013011,95,48,"1200"
"SD102",0.156889709005579,325,242,83,0.647414777278198,0.0382643781851842,372,289,0.131431302752464,355,272,"1200"
"SD107",0.144143670678505,412,227,185,0.618161417737107,0.025990320218949,361,176,0.112920942990144,417,232,"1200"
"SD40",0.219560301657678,473,322,151,0.62584235778592,0.0407645280706496,456,305,0.137342115466857,436,285,"1200"
"SD44",0.279085581880028,442,351,91,0.646078700737241,0.0559612758332282,435,344,0.197730593211188,435,344,"1200"
"SG 30A",0.0589173466719272,271,45,226,0.600804255729678,0.0151153622934758,295,69,0.0470196497288361,271,45,"1200"
"T242",0.120579956258358,372,180,192,0.614505160795096,0.026140731791875,372,180,0.101946742939846,393,201,"1200"
"Tr",0.18354570256597,348,289,59,0.662055086134997,0.0461703790913384,381,322,0.145789301666499,358,299,"1200"
"TZU-CHIAO-HSI-WU 105",0.17381654609498,328,276,52,0.664477660874885,0.0288354694940254,269,217,0.120389243501787,304,252,"1200"
"Va26",0.170337081572407,583,270,313,0.562517718905681,0.0405764337766603,616,303,0.132717053736617,591,278,"1200"
"Va35",0.2003155393581,599,307,292,0.575707550080184,0.039453499132495,590,298,0.128503244392229,558,266,"1200"
"Va52",0.0494013685418111,36,30,6,0.71318411162545,0.0103580806155857,34,28,0.0390410643725092,33,27,"1200"
"Va99",0.0707684648339895,215,66,149,0.626700664466273,0.016983078755013,234,85,0.0567942015469279,221,72,"1200"
"W182E",0.0583104997955739,362,42,320,0.553432973883548,0.0122453301946842,364,44,0.0492890653539416,371,51,"1200"
"W22",0.106476562911493,260,139,121,0.635238070681794,0.0206310665495202,243,122,0.0694655784179742,219,98,"1200"
"W23",0.173041784754677,442,275,167,0.622658076043156,0.0360533145673712,451,284,0.132242889035147,443,276,"1200"
"W24",0.0830240162597869,215,91,124,0.63458691194743,0.0184003944208566,224,100,0.0602061593655117,202,78,"1200"
"W32",0.130754385467051,530,200,330,0.543984199256605,0.0272511960239117,523,193,0.118472463168179,579,249,"1200"
"W37A",0.14494671935469,576,228,348,0.521845863678348,0.0278124813083045,550,202,0.101379512132832,547,199,"1200"
"W552",0.0465983742302762,387,25,362,0.486181732981721,0.00793837925008734,377,15,0.0342675734281027,382,20,"1200"
"W603S",0.0586767751330707,378,43,335,0.54076179877214,0.0150025758554467,402,67,0.0503666477455323,391,56,"1200"
"W604S",0.181901540428056,527,286,241,0.59418164358482,0.0415490076992707,549,308,0.144544887570857,539,298,"1200"
"W605S",0.104809107776437,231,134,97,0.64526311863977,0.015468627154452,170,73,0.0672095616210459,188,91,"1200"
"W607S",0.108441722658011,442,146,296,0.573765890798118,0.0247616940284268,456,160,0.0869124459472923,453,157,"1200"
"W610S",0.139884570762604,531,220,311,0.562756097986808,0.0347575777630084,587,276,0.118075622262919,558,247,"1200"
"W611S",0.0702091642903205,337,65,272,0.584983812843197,0.018512744383411,373,101,0.0576850123810535,348,76,"1200"
"W612S",0.217913283844057,607,321,286,0.579436993466434,0.0485721274525101,615,329,0.182820146722396,619,333,"1200"
"W614S",0.133952597232107,393,206,187,0.617073544731336,0.0330835612014364,448,261,0.108711600121844,409,222,"1200"
"W64A",0.101057022819443,306,126,180,0.619528869177513,0.024819292119282,341,161,0.0791736182024694,308,128,"1200"
"W701BC",0.159185398225987,251,250,1,0.755431066699109,0.0243004080633977,158,157,0.100012392493326,195,194,"1200"
"W803G",0.190556052818104,567,299,268,0.585803463736308,0.0487450893422987,598,330,0.163773866392722,588,320,"1200"
"W809G",0.147986714203176,253,233,20,0.689961227421134,0.0313194869024063,260,240,0.133355508638273,299,279,"1200"
"W810G",0.13371123989874,219,204,15,0.700134740047328,0.024207425064202,171,156,0.105237281755681,225,210,"1200"
"W811G",0.0684068703228168,363,60,303,0.57011501580682,0.0149077536209867,369,66,0.0573907802259861,376,73,"1200"
"W813G",0.148021724746294,368,235,133,0.632492438548349,0.0298923777204114,361,228,0.129368871557731,400,267,"1200"
"W8304",0.12854250121681,418,193,225,0.600951026512816,0.0287422088433845,440,215,0.0905314852200695,389,164,"1200"
"W9",0.183872732882794,604,290,314,0.560255615248661,0.035918456019605,596,282,0.151750526047837,620,306,"1200"
"WIL900",0.0312959999920377,369,10,359,0.497716517730448,0.00825307825846244,377,18,0.025716887549883,369,10,"1200"
"WU-TAN-TZAO",0.160765124511431,609,252,357,0.500175192072345,0.0334491778219629,620,263,0.138782046328498,646,289,"1200"
"YE 4",0.29992780510734,717,354,363,0.473138505524346,0.0484440414619256,691,328,0.210250539147501,717,354,"1200"
"YING-55",0.180916583346688,350,285,65,0.656435913580337,0.0393733614520322,360,295,0.138258698095226,353,288,"1200"
"Yu796 NS",0.0982491063246854,231,121,110,0.639096969563276,0.0198214213164003,225,115,0.0725964706926462,219,109,"1200"
"ZS365",0.18533769876333,530,292,238,0.59637760769743,0.0394322295205281,534,296,0.157091873545617,546,308,"1200"
"ZS635",0.0761365090008682,198,76,122,0.63503481884723,0.0165402322449029,202,80,0.0641407404324785,206,84,"1200"
"1538",0.118896457858688,334,218,116,0.658035244659972,0.0327337104269393,363,247,0.0981509002929068,363,247,"1250"
"29MIBZ2",0.152023401320551,307,278,29,0.701861268395081,0.0375767626827452,312,283,0.112662229252728,312,283,"1250"
"2FACC",0.0325352087350209,48,24,24,0.706735915058666,0.00842575046278237,55,31,0.0252652751373529,55,31,"1250"
"2MA22",0.160203527147382,626,289,337,0.552128084387077,0.0330747763893965,588,251,0.0990319614077905,588,251,"1250"
"3IJI1",0.190543261948662,521,325,196,0.634851263454975,0.0481248115856382,525,329,0.144254666012516,524,328,"1250"
"4226",0.114689644072303,444,208,236,0.620307264463595,0.0329577293696231,486,250,0.0988079852660373,486,250,"1250"
"4N506",0.171029743823357,432,304,128,0.654400765456423,0.043673145976254,439,311,0.13090945903308,439,311,"1250"
"6M502",0.146801828865632,386,272,114,0.658787308271403,0.0375994465821518,398,284,0.112744717081112,398,284,"1250"
"6M502A",0.171210765932796,488,305,183,0.637038201429175,0.0430546575264252,489,306,0.129100293052121,490,307,"1250"
"764",0.0740903033017034,409,109,300,0.590413691249397,0.0195252981900232,437,137,0.0585478613835087,437,137,"1250"
"78010",0.122752272540295,541,226,315,0.57560259144712,0.0322343231653135,558,243,0.0966568372990703,558,243,"1250"
"793",0.0904573611520759,432,160,272,0.601983774526186,0.0190937120043335,403,131,0.0571875280776204,403,131,"1250"
"87916W",0.184794461766177,365,319,46,0.690500457229445,0.0472927254381354,372,326,0.141810686147661,372,326,"1250"
"911",0.0202513411146744,291,13,278,0.601044141174571,0.00419767053980269,288,10,0.0125683796611112,288,10,"1250"
"912",0.172233937486608,658,307,351,0.526852096407384,0.0443611020325135,666,315,0.133020223591163,666,315,"1250"
"91IFC2",0.0667612290628262,194,93,101,0.663332056072153,0.0168105279056043,200,99,0.0504068343640248,200,99,"1250"
"A",0.0730328236884233,217,106,111,0.659517921552229,0.0160675920992075,202,91,0.0481068873154064,201,90,"1250"
"A208",0.0758937505660602,433,112,321,0.569776888308793,0.0168714158474744,422,101,0.050544833319673,422,101,"1250"
"A239",0.0385127580865476,86,38,48,0.689284854900018,0.00853252871266906,81,33,0.0255467688900582,81,33,"1250"
"A272",0.0366439878079283,255,34,221,0.623894007368102,0.00773866909718663,247,26,0.0231783437150182,247,26,"1250"
"A305",0.128772373458253,544,235,309,0.582598871798288,0.0373867969443076,591,282,0.112096448697722,591,282,"1250"
"A322",0.0709278148089101,370,99,271,0.602839926654078,0.0176154799274185,380,109,0.0528094779140148,380,109,"1250"
"A334",0.0789529384986434,399,117,282,0.599217203588126,0.0202546524413642,424,142,0.0607351036220845,424,142,"1250"
"A340",0.179176923104535,334,315,19,0.713750522578312,0.0401563148174793,314,295,0.120307173655084,314,295,"1250"
"A374",0.0719139560599247,168,101,67,0.677381280242785,0.0154172349862552,155,88,0.0461846180756463,155,88,"1250"
"A385",0.113080839323291,503,200,303,0.587180173445045,0.0241028995494691,481,178,0.0721644623528874,480,177,"1250"
"A401",0.0865761710302881,219,144,75,0.672334836473976,0.021538554644584,232,157,0.0645817544365655,232,157,"1250"
"A427",0.0855144793594585,219,141,78,0.671254939661935,0.0249788480263395,266,188,0.0748932723448486,266,188,"1250"
"A548",0.141597065842258,495,265,230,0.621623618245856,0.0362261170520418,508,278,0.108580390472868,508,278,"1250"
"A572",0.0579902148390993,311,73,238,0.619084680813015,0.0128814747938263,302,64,0.0385913184134021,302,64,"1250"
"A619",0.138722683180404,553,259,294,0.593441639313124,0.0346938894802692,559,265,0.104029057303713,559,265,"1250"
"A627",0.190548083542393,667,326,341,0.546774426291254,0.048110299664131,669,328,0.14426065055569,670,329,"1250"
"A632",0.198472104176021,386,328,58,0.684492207946138,0.0513488064292296,392,334,0.153973438043168,392,334,"1250"
"A635",0.167303093275579,473,298,175,0.638745526386982,0.0405711692846939,472,297,0.121577483859063,471,296,"1250"
"A641",0.133899148746534,585,247,338,0.550646245011822,0.036260348120126,617,279,0.108727018478996,617,279,"1250"
"A648",0.116175366447037,457,213,244,0.61686574346955,0.0289669779085095,459,215,0.0868561515827338,459,215,"1250"
"A663",0.0103376533327709,161,4,157,0.64485213546365,0.00257006694820136,161,4,0.00770612830906755,161,4,"1250"
"A672",0.0889298731110463,335,157,178,0.637828407399045,0.0219870087860227,339,161,0.0659223606022033,339,161,"1250"
"A674",0.048450158888407,182,49,133,0.653206829248019,0.0125471263179151,195,62,0.037604536325702,195,62,"1250"
"A679",0.0523927080306709,283,60,223,0.6237837220362,0.0141926870539456,301,78,0.0425569035049299,302,79,"1250"
"A680",0.12596850762816,292,230,62,0.680481470080547,0.0339552652470905,324,262,0.10178952119437,324,262,"1250"
"A682",0.147290446143764,420,274,146,0.647744664151127,0.0312772918459657,385,239,0.0936603398053765,385,239,"1250"
"A71",0.0426729316469919,136,42,94,0.666156934068712,0.0112669711133829,144,50,0.0337847063940297,144,50,"1250"
"A73",0.0982443404397678,318,178,140,0.650998524108156,0.0293518186724654,363,223,0.0880021452067222,363,223,"1250"
"A797NW",0.1763745819534,520,313,207,0.631758658153543,0.0436972732567623,519,312,0.131019379899234,519,312,"1250"
"AQA3",0.13422426048521,470,250,220,0.624291995941806,0.0331899947817413,473,253,0.0995120324873704,473,253,"1250"
"AS6103",0.0959797806986,274,171,103,0.662193513923948,0.0210060322875562,256,153,0.062935070833182,256,153,"1250"
"AusTRCF 306238",0.0552253672332851,398,66,332,0.55758936836724,0.0119199439533567,384,52,0.035709728145566,384,52,"1250"
"B-18 INBR.FR.SUPERGOLD",0.117907877155136,363,216,147,0.647355785244952,0.0259053059705137,339,192,0.0775612650498007,338,191,"1250"
"B-28",0.17389059406568,337,312,25,0.705828001703781,0.043023326955049,330,305,0.128986778897424,330,305,"1250"
"B103",0.0177870685496758,111,11,100,0.663362889225143,0.00464615973172158,111,11,0.01393185481404,111,11,"1250"
"B104",0.0674631237191237,207,95,112,0.659218946363054,0.0187994891095676,239,127,0.0563587908671435,239,127,"1250"
"B105",0.118657178438276,377,217,160,0.64404358633996,0.0316358804204229,400,240,0.0948616035352948,400,240,"1250"
"B108",0.0584959799829568,208,74,134,0.652782790359922,0.0129681318494505,200,66,0.0388271769365295,200,66,"1250"
"B109",0.302934384082275,605,355,250,0.615356003082423,0.0766054215415552,606,356,0.229704862852201,606,356,"1250"
"B110",0.0938444327961211,225,168,57,0.684684954903078,0.0196034511787618,195,138,0.0586941548366733,195,138,"1250"
"B111",0.0333080829995355,90,25,65,0.678084782151534,0.00826652466728567,93,28,0.0247824271120107,93,28,"1250"
"B115",0.00847926150323024,138,2,136,0.652661071765816,0.0021261777378688,139,3,0.00637354569742939,139,3,"1250"
"B119",0.0634398354997872,208,83,125,0.655451312123512,0.0165411761392638,221,96,0.0495999675907151,221,96,"1250"
"B120",0.150628066772507,413,276,137,0.651892715653377,0.0341989936713318,400,263,0.10246363386567,400,263,"1250"
"B121",0.133975341154897,416,248,168,0.640604986024564,0.039942489721481,462,294,0.119754118843807,462,294,"1250"
"B14A",0.156241529935177,370,283,87,0.667621112305486,0.0331107590834208,339,252,0.0991524456188958,339,252,"1250"
"B164",0.162889939122815,302,290,12,0.718856510981037,0.0435850172308713,322,310,0.130655704031565,322,310,"1250"
"B2",0.0452050057460036,130,46,84,0.668039831052001,0.0122065412459756,141,57,0.0366015222644317,141,57,"1250"
"B37",0.11248026531511,346,198,148,0.646838888373271,0.0333956754674596,406,258,0.100125219594127,406,258,"1250"
"B47",0.0879446734447958,413,150,263,0.608772516649463,0.018829194144131,392,129,0.0563748482837543,391,128,"1250"
"B57",0.023037997537299,272,16,256,0.611767618239261,0.00481679938755708,270,14,0.0144264650238458,270,14,"1250"
"B66",0.0335767009007823,291,26,265,0.608695842579022,0.00743918497896006,289,24,0.0222895314151106,289,24,"1250"
"B68",0.00752138138321508,78,1,77,0.671440913072634,0.0018333735031348,78,1,0.00549495523183305,78,1,"1250"
"B73",0.17382061173755,461,310,151,0.646421760797487,0.0455280219755763,469,318,0.136519037082416,469,318,"1250"
"B75",0.216107427524848,685,336,349,0.532015882334026,0.0644674917547658,699,350,0.193284219513443,699,350,"1250"
"B76",0.172395914926685,342,308,34,0.695457787267831,0.0433022816811667,342,308,0.129803711016659,342,308,"1250"
"B77",0.0324051392964849,89,23,66,0.677912120828927,0.00829300495073161,95,29,0.0248565511282867,95,29,"1250"
"B79",0.0974664617640377,306,175,131,0.653776648018206,0.0240958209955627,308,177,0.0722448832506359,309,178,"1250"
"B87",0.025956131466376,136,19,117,0.657105876373837,0.00547393257301398,132,15,0.0163944797506864,132,15,"1250"
"B88",0.0720615678816878,301,102,199,0.634264954076851,0.0148465507997348,284,85,0.0444538941055431,284,85,"1250"
"B91",0.0236294240009338,58,17,41,0.692090569989323,0.0059446849423453,58,17,0.0178155839106854,58,17,"1250"
"B97",0.088297117061436,384,153,231,0.621346589574293,0.0182523532504268,348,117,0.0546505545562083,348,117,"1250"
"BEI 10 = NORTH 10",0.086504822150242,422,143,279,0.600403477207448,0.0185742065570161,402,123,0.0556173410152048,402,123,"1250"
"BO9",0.0728224776287562,318,105,213,0.629089651590457,0.0192681584231035,347,134,0.057776696058527,347,134,"1250"
"CA-4",0.139524955544726,343,263,80,0.669281595238184,0.0395100767177212,373,293,0.118449426993746,373,293,"1250"
"CG102",0.0144645000722163,129,8,121,0.656421214007962,0.0036535801675365,129,8,0.0109516416446986,129,8,"1250"
"CH701-30",0.0793867880190499,262,119,143,0.650588780088384,0.0173362461448595,249,106,0.0519051006939229,249,106,"1250"
"CH711-10",0.281593551136196,699,352,347,0.534414092027444,0.063064480640048,692,345,0.188938919835577,692,345,"1250"
"CH753-4",0.300983730298282,621,354,267,0.606391904560774,0.0633375463339534,613,346,0.189705525003088,613,346,"1250"
"CH9",0.0648551315415746,339,88,251,0.615204895118253,0.0191538506653847,383,132,0.057425740217889,383,132,"1250"
"CI 40H",0.048266860618709,69,48,21,0.71346716411183,0.010177909805808,62,41,0.0304810837326967,62,41,"1250"
"CR 22 INBRED",0.114636099554881,305,207,98,0.665217001496151,0.0244405901102175,281,183,0.0731857497584647,281,183,"1250"
"DE2",0.0884563447033194,452,156,296,0.592439319551617,0.0182745870392372,414,118,0.0547172803467283,414,118,"1250"
"DE3",0.144680223586049,628,268,360,0.362116506112321,0.0360833338142944,636,276,0.108194317426077,636,276,"1250"
"DE4",0.146227460666512,566,271,295,0.592890045289189,0.0311109476276962,531,236,0.0931609209320877,531,236,"1250"
"DE811",0.136902552828428,444,256,188,0.636157411918148,0.0355109367036995,459,271,0.106428857752368,459,271,"1250"
"DJ7",0.213172659011874,519,335,184,0.636879826755486,0.0552103259379609,525,341,0.16555250192,525,341,"1250"
"DK3IIH6",0.131594072231751,439,242,197,0.634590296197929,0.0293028164681044,419,222,0.0877342255275446,418,221,"1250"
"DK4676A",0.0804889297823476,371,122,249,0.615653383565282,0.0203964698698382,396,147,0.0611598894107408,396,147,"1250"
"DK78002A",0.0355692939135038,74,32,42,0.691895562034898,0.0105787789688404,86,44,0.031716821847723,86,44,"1250"
"DK78010",0.0415203943502216,149,40,109,0.660138074004391,0.0104693166519606,151,42,0.0313926042749915,151,42,"1250"
"DK78371A",0.0505139877031925,231,55,176,0.638661193019377,0.0121760001440892,231,55,0.0364866439314963,231,55,"1250"
"DKFAPW",0.111802243645952,271,195,76,0.671683013987307,0.0280751560182813,279,203,0.0841837139795884,279,203,"1250"
"DKFBHJ",0.0596747810878112,125,76,49,0.688864580483186,0.0124898683531219,109,60,0.037407801078469,109,60,"1250"
"DKMBNA",0.0268984865962772,306,20,286,0.597382982460334,0.00637437954090063,306,20,0.0191037690008931,306,20,"1250"
"DKPB80",0.147905854160021,433,275,158,0.644395811986467,0.0368129040546178,438,280,0.110380988751953,438,280,"1250"
"E8501",0.224851155189299,664,339,325,0.568557181876499,0.048578714652751,655,330,0.145532884121681,655,330,"1250"
"EAST 028",0.0873192211413019,244,147,97,0.665611939354918,0.0238275102504181,273,176,0.0714302582334216,273,176,"1250"
"F118",0.0981511774621048,186,177,9,0.72327527363985,0.0218309256342627,168,159,0.0653629266602695,168,159,"1250"
"F2834T",0.0839180139386136,310,136,174,0.638777302221694,0.0197584618763702,314,140,0.0592142363650586,313,139,"1250"
"FBLA",0.138449895968666,408,258,150,0.646594218014273,0.0379747421965671,436,286,0.113866358415015,437,287,"1250"
"FR19",0.432650438443,719,360,359,0.408162880356492,0.0903970379330121,718,359,0.270655182096433,718,359,"1250"
"H105W",0.156365930686406,455,285,170,0.639827408555057,0.0343240318105512,434,264,0.102825996490741,434,264,"1250"
"H110",0.123429988590947,279,228,51,0.68737857320644,0.0260439447948288,246,195,0.078003348971445,246,195,"1250"
"H113",0.0881264609200333,392,151,241,0.618351452138403,0.0185786146682192,365,124,0.055640808106322,365,124,"1250"
"H121",0.0823110157567298,399,130,269,0.603055298272812,0.020388832787204,415,146,0.0611325784185585,415,146,"1250"
"H122w",0.0660465008108204,411,91,320,0.570679611554327,0.0141949361314548,399,79,0.0424998088184723,398,78,"1250"
"H5",0.0821189485110467,369,129,240,0.618397013917124,0.0195095073782488,375,135,0.0584696537137598,375,135,"1250"
"H71",0.0154905907426533,41,9,32,0.698300541454392,0.00376035544900916,41,9,0.0112684866461592,41,9,"1250"
"H84",0.0412744580087218,147,39,108,0.660440958565026,0.00941957468147333,146,38,0.0282266887553971,146,38,"1250"
"H91",0.0805099284074775,216,123,93,0.666466102080024,0.0166010263127106,190,97,0.0497149059868726,190,97,"1250"
"H95",0.145608558493135,447,270,177,0.638114263094857,0.032609589576344,422,245,0.0977106260575185,422,245,"1250"
"H96",0.121561275247555,252,222,30,0.700178837845483,0.0281801309787199,235,205,0.0844358843301239,236,206,"1250"
"H99",0.060753204308609,233,78,155,0.645477884167132,0.017992346080767,269,114,0.0539449525615352,269,114,"1250"
"HP301",0.115616027245394,259,212,47,0.689359349291982,0.0292853992854937,268,221,0.0878137737716029,269,222,"1250"
"HUOBAI",0.216673098981461,664,337,327,0.567360591299045,0.0553106076849056,669,342,0.165784166731792,669,342,"1250"
"Hy",0.11033350864732,331,192,139,0.651601184947251,0.0287327534232987,350,211,0.0861573575262475,350,211,"1250"
"I29",0.202012394701299,402,330,72,0.67525446414066,0.0525561431244272,409,337,0.157593642372191,409,337,"1250"
"Ia 453",0.212473967390743,338,333,5,0.759376212394058,0.0466117857727767,329,324,0.139636620921128,328,323,"1250"
"IA2132",0.0923741727840136,170,166,4,0.761851728305919,0.0230491964289839,176,172,0.0691121375376108,177,173,"1250"
"IBB15",0.0816879540301482,145,128,17,0.715761604812517,0.0208169088640074,167,150,0.0624208829397726,167,150,"1250"
"IBC2",0.17009384254743,406,302,104,0.66208935430526,0.0421514678200017,406,302,0.126369408396635,406,302,"1250"
"ICI 193",0.114839863494972,233,210,23,0.709874550991432,0.0335914514863917,283,260,0.100715992101268,283,260,"1250"
"ICI 740",0.0644931950393021,356,86,270,0.602951272373569,0.0136042105885362,342,72,0.0407416971045575,342,72,"1250"
"ICI 893",0.0501680715739121,233,53,180,0.637623772902191,0.0105680690701908,223,43,0.0316531549535102,223,43,"1250"
"ICI 986",0.057358859866862,150,71,79,0.670078750573605,0.0126800906706526,142,63,0.0379647019529227,142,63,"1250"
"IDS28",0.0316399280133501,56,21,35,0.694692927066876,0.00734427873426176,58,23,0.0220056823430205,58,23,"1250"
"IDS69",0.107392200537009,475,188,287,0.596676757403828,0.0272811850599453,486,199,0.0818042565334823,486,199,"1250"
"IDS91",0.043275355787757,301,44,257,0.609986537577351,0.0112072782675037,305,48,0.0336059049068685,305,48,"1250"
"INB 101LFY/LFY (A632 X M16 S5)",0.272852327204581,669,350,319,0.571763034340242,0.0677155092683548,671,352,0.203037099957048,671,352,"1250"
"INBRED 141",0.147077591006481,337,273,64,0.678377379367892,0.0332349310015171,318,254,0.099588030143748,318,254,"1250"
"INBRED 2-687",0.0806220543709467,324,124,200,0.63414679515374,0.0202842371181902,343,143,0.0608037193708065,343,143,"1250"
"INBRED 305",0.131113576477412,589,239,350,0.531589377072476,0.0333482960068073,607,257,0.0999969470566159,607,257,"1250"
"INBRED 321",0.172649547199188,571,309,262,0.608968049979231,0.0426786451507694,566,304,0.127959897188719,566,304,"1250"
"K150",0.050448235676625,115,54,61,0.681616147874606,0.013002507693603,128,67,0.03898903645433,128,67,"1250"
"K41",0.117532181904876,359,215,144,0.650410108462094,0.0290606861687121,362,218,0.0871273729588213,362,218,"1250"
"K47",0.143604646064679,457,267,190,0.63579265369078,0.0317790537400609,431,241,0.0951501030455729,431,241,"1250"
"KUNG-70",0.112462248750545,495,196,299,0.590837091732233,0.0232586227218269,473,174,0.0696544708539582,473,174,"1250"
"L 127",0.136839933747105,466,255,211,0.629751176464612,0.0338879417604479,472,261,0.101572081018231,472,261,"1250"
"L 289",0.0229859935692062,180,15,165,0.642574521705706,0.00628807857062739,184,19,0.0188546997916242,184,19,"1250"
"LH1",0.0884374256781209,463,155,308,0.58265841533876,0.0184030833326711,429,121,0.0551006230529733,429,121,"1250"
"LH119",0.0383726805147191,228,36,192,0.63544864608109,0.0112529667678398,241,49,0.0337375652096034,241,49,"1250"
"LH128",0.0814979333553043,313,127,186,0.636746762177394,0.0168609557412328,286,100,0.0504950329989125,286,100,"1250"
"LH143 (Maintainer)",0.145387001736133,325,269,56,0.684891334812266,0.0360335275297308,331,275,0.10802772311081,331,275,"1250"
"LH146Ht",0.0915518304063417,275,162,113,0.658822946391263,0.0230367352539736,284,171,0.0690545141550729,284,171,"1250"
"LH149",0.0241565708722196,150,18,132,0.653549629885979,0.00622977130979009,150,18,0.0186717345586147,150,18,"1250"
"LH165",0.0123474758656462,307,5,302,0.588998506523407,0.00362849569888039,309,7,0.0108791210471963,309,7,"1250"
"LH166",0.109385618660247,479,189,290,0.594872245576643,0.0230623324431288,463,173,0.0690683764465629,462,172,"1250"
"LH181",0.129586141952861,534,236,298,0.591320217414908,0.0281209725760365,502,204,0.0842392883192333,502,204,"1250"
"LH184",0.121911091015526,432,223,209,0.63125029866145,0.0302012514323454,436,227,0.090553611317323,436,227,"1250"
"LH190",0.134708587360606,469,252,217,0.625739215022229,0.0333120969240618,472,255,0.0998731655213622,472,255,"1250"
"LH192",0.314005944692718,592,357,235,0.620340146548808,0.0924242394259071,595,360,0.277110013110648,595,360,"1250"
"LH194",0.16663711953263,622,296,326,0.567979350752828,0.0411960834420404,626,300,0.123511489403143,626,300,"1250"
"LH195",0.0897400860190813,314,158,156,0.644941190151716,0.0203750985060596,301,145,0.0610548332987699,301,145,"1250"
"LH197",0.170069406043538,338,301,37,0.694159315182024,0.0380013082324941,324,287,0.113865138488568,323,286,"1250"
"LH198",0.0613665982390161,95,79,16,0.716286661779845,0.0151977131254344,103,87,0.045551998090092,103,87,"1250"
"LH202",0.0677702887458419,307,97,210,0.630300459094697,0.0188168778920128,338,128,0.0564212831886149,339,129,"1250"
"LH204",0.350712159212588,672,359,313,0.577361358619454,0.0875512864162383,671,358,0.262421411312806,671,358,"1250"
"LH205",0.0969097535365033,512,173,339,0.549611463598864,0.0206738708572657,487,148,0.0619258985552544,487,148,"1250"
"LH206",0.0549035513417692,294,65,229,0.621683257200657,0.0160506850569708,319,90,0.0481242013110482,320,91,"1250"
"LH208",0.0836156228866512,234,135,99,0.665124631766661,0.0226641689873452,266,167,0.067942142680688,266,167,"1250"
"LH209",0.0591036362497863,256,75,181,0.637105649099908,0.0124943253515806,242,61,0.0374233601205325,242,61,"1250"
"LH214",0.0319641973892771,314,22,292,0.594622612102177,0.00680862874258603,313,21,0.0203851465276121,313,21,"1250"
"LH215",0.132133433843376,548,244,304,0.586217134954812,0.030023772759231,529,225,0.0899677539983785,529,225,"1250"
"LH222",0.109596022470265,313,190,123,0.656039925605409,0.0252513332887497,312,189,0.0756706598953148,312,189,"1250"
"LH223",0.131860049615133,295,243,52,0.687177983660007,0.0281866636269956,258,206,0.0844353131532752,257,205,"1250"
"LH224",0.186098144027034,559,320,239,0.618566744067654,0.0466549832475071,564,325,0.139895064409504,564,325,"1250"
"LH295",0.0829515604260161,413,132,281,0.599363337401445,0.0183248567492184,400,119,0.0548979066312109,400,119,"1250"
"LH60",0.0491217399753786,175,51,124,0.655710574813413,0.012895317131115,189,65,0.0386675007989336,189,65,"1250"
"LH74",0.0337748989970525,157,27,130,0.653908346395294,0.00845690937456857,162,32,0.0253441998096938,162,32,"1250"
"LH82",0.0346243177893135,136,31,105,0.661800724380348,0.00898100979762388,139,34,0.0269302607419611,139,34,"1250"
"LH93",0.189686649610378,676,323,353,0.515914178102285,0.0465913452572691,676,323,0.139645296596351,677,324,"1250"
"LIBC 4",0.095726734262571,241,170,71,0.676676587864613,0.0249301473878737,257,186,0.0747303329795977,257,186,"1250"
"LP1 NR HT",0.07782992590877,160,116,44,0.691201633072709,0.018202563405962,160,116,0.0545415570526449,160,116,"1250"
"LP5",0.055430749318837,157,67,90,0.667206310655572,0.0136649002523929,163,73,0.0409572866132421,163,73,"1250"
"M14",0.0884358846331223,368,154,214,0.627569383392669,0.0186435710209502,339,125,0.055835538516449,339,125,"1250"
"MBPM",0.0871708142632643,295,146,149,0.646725338961367,0.0225846341983246,314,165,0.067688728004325,314,165,"1250"
"MBWZ",0.122296666690098,477,225,252,0.613833976853638,0.0326186583685641,498,246,0.0978084829774802,498,246,"1250"
"MM501D",0.0645180440623522,439,87,352,0.5173124594063,0.0165407277644223,447,95,0.0495726649066117,447,95,"1250"
"Mo17",0.0676105498096339,259,96,163,0.642773806471432,0.0157061288577384,252,89,0.0470604231513507,252,89,"1250"
"Mo1W",0.212531760656769,505,334,171,0.639785958537135,0.0458317165176892,491,320,0.137233200933689,491,320,"1250"
"Mo46",0.128483131397688,491,233,258,0.60945901849574,0.0290489795308378,475,217,0.087045068156456,475,217,"1250"
"Mo47",0.112472116277383,403,197,206,0.632867999973245,0.0308131471327647,438,232,0.0923925879852498,438,232,"1250"
"Mo5",0.0672094708116748,114,94,20,0.713687822658848,0.0138376805200084,96,76,0.041433334826515,96,76,"1250"
"MQ305",0.084080639594462,469,139,330,0.558499484626603,0.0173614511904296,437,107,0.0519833347121635,437,107,"1250"
"MS116",0.111230089692673,474,194,280,0.600278032132012,0.0246569756481807,465,185,0.0738256167638293,465,185,"1250"
"MS132",0.156357746296132,545,284,261,0.609005009547859,0.0358335831449297,535,274,0.107380496811118,535,274,"1250"
"MS200",0.0832352588081698,448,134,314,0.577167594445707,0.0216360931575117,472,158,0.064855899704357,472,158,"1250"
"MS211",0.0797531611297768,344,120,224,0.623582290632152,0.0168867963017685,326,102,0.0505805127703876,326,102,"1250"
"MS221",0.13142644082533,314,241,73,0.674143312508046,0.0285531848786077,281,208,0.0854945003289672,281,208,"1250"
"MS224",0.166703465942359,393,297,96,0.665847349594462,0.0422598665117499,399,303,0.126718484064789,399,303,"1250"
"MS225",0.116212140186431,254,214,40,0.69262376040355,0.0273082857281464,240,200,0.0818267117730607,240,200,"1250"
"MS226",0.100310884283761,497,180,317,0.573209500321233,0.0287218094693837,527,210,0.0861177212293854,527,210,"1250"
"MS24A",0.13289451746061,603,245,358,0.484530500899937,0.028926049228439,572,214,0.0866051231140987,571,213,"1250"
"MS67",0.186795586295239,665,321,344,0.543609011071537,0.0453228650410708,661,317,0.135839370228786,661,317,"1250"
"MS71",0.180663285596501,405,316,89,0.667313485878038,0.0372826641466932,370,281,0.111631422156568,370,281,"1250"
"MS72",0.205143837154248,505,332,173,0.638975270347293,0.0447510911068191,489,316,0.134073962051512,489,316,"1250"
"N192",0.184432290443085,331,318,13,0.717463852138406,0.0389181382165174,304,291,0.116562648152914,304,291,"1250"
"N193",0.130495559567161,466,238,228,0.62243847469626,0.0278414628349657,429,201,0.0833998102643258,429,201,"1250"
"N200",0.121976245026501,442,224,218,0.625060587980106,0.0302807228681327,447,229,0.0907606788421423,447,229,"1250"
"N201",0.0492251006119524,106,52,54,0.686654890019525,0.0122176700020437,112,58,0.0366332899401772,112,58,"1250"
"N209",0.0984758853179485,432,179,253,0.612805021568261,0.0243723272275002,435,182,0.0730693690739915,435,182,"1250"
"N211",0.0924603870911463,175,167,8,0.730444463747212,0.0192083261232411,141,133,0.0575118533800356,141,133,"1250"
"N217",0.132954815922836,257,246,11,0.722077709456774,0.0356166062805678,283,272,0.106797644031771,283,272,"1250"
"N218",0.183525643840431,610,317,293,0.59358790154977,0.045866633104747,614,321,0.137530063861067,614,321,"1250"
"N28Ht",0.0635648860285225,206,84,122,0.656332407371235,0.0148207040456739,206,84,0.0444149223325943,206,84,"1250"
"N501",0.0649427021802961,304,89,215,0.626848254162618,0.0163877151156892,309,94,0.0491226323019703,309,94,"1250"
"N523",0.0774633819954834,137,115,22,0.712122608303263,0.0167703432189248,120,98,0.0502367933325827,120,98,"1250"
"N527",0.134672540983284,371,251,120,0.656455707447492,0.0306217119720165,351,231,0.0917597454567207,351,231,"1250"
"N534",0.0632672157259624,108,82,26,0.705209555561729,0.0162281771515109,118,92,0.0486614114769132,119,93,"1250"
"N542",0.134052293629492,443,249,194,0.635273597977427,0.0283339519745263,401,207,0.0848505950650517,401,207,"1250"
"NC250",0.164864796350148,601,294,307,0.583224927302553,0.0354642337849858,577,270,0.106190939975804,577,270,"1250"
"NC262",0.163704656085765,500,292,208,0.631284661945336,0.0385753441690245,498,290,0.115606923038343,498,290,"1250"
"NC294",0.105083086762974,311,185,126,0.655209748219514,0.0285555865001972,335,209,0.0856239628306337,335,209,"1250"
"NC310",0.0201667742658674,171,12,159,0.644200503498447,0.00565249574496288,175,16,0.0169485030979689,175,16,"1250"
"NC326",0.274002105044056,662,351,311,0.580012289951238,0.0679079787943967,664,353,0.203612019088272,664,353,"1250"
"NC328",0.172071976926941,554,306,248,0.61574629601547,0.0430679006341197,555,307,0.129068493628183,554,306,"1250"
"NC342",0.0521556429372302,221,59,162,0.643143976749413,0.0121936797219913,218,56,0.0365425234847904,218,56,"1250"
"NC412",0.153855660591351,506,280,226,0.622808082070177,0.0382544443449163,514,288,0.114702778080879,514,288,"1250"
"ND259",0.265004466328297,684,349,335,0.554009646806423,0.0637274971262651,682,347,0.190964931959298,682,347,"1250"
"ND265",0.284721792969722,613,353,260,0.609339276702653,0.0707425217360319,614,354,0.21211476558142,614,354,"1250"
"NK740",0.2647180132097,575,348,227,0.622785735120748,0.0666593514278112,578,351,0.199879930394939,578,351,"1250"
"NK778",0.173865758263189,533,311,222,0.62380163362344,0.0357234566968584,495,273,0.106974844530579,495,273,"1250"
"NK807",0.0803632812132307,337,121,216,0.625933136712715,0.0202977942732463,360,144,0.0608637741988506,360,144,"1250"
"NKS8326",0.165808988150699,578,295,283,0.598133513884322,0.0416552605864522,584,301,0.124903940012353,584,301,"1250"
"NORTH 7",0.0970209248930794,450,174,276,0.601284858892794,0.0246198739818613,460,184,0.0737967289095383,460,184,"1250"
"NQ508",0.0839811651765998,256,137,119,0.656499998247057,0.017705092539466,229,110,0.0530245383691242,229,110,"1250"
"NS501",0.110676667131897,490,193,297,0.59206596986997,0.0279087918662614,499,202,0.0836577473358203,499,202,"1250"
"NS701",0.332396966119231,681,358,323,0.56922826534992,0.0858759788836353,680,357,0.257383450890397,680,357,"1250"
"NY6371",0.0882046752353337,159,152,7,0.731640429470084,0.0225956738906671,173,166,0.067719273760971,173,166,"1250"
"Ny821",0.089994557362415,311,159,152,0.646331458546033,0.0243205488751341,333,181,0.0729072877046955,333,181,"1250"
"OH33",0.0627054456031787,141,81,60,0.68218229479332,0.0133664559485849,129,69,0.0400250218120129,129,69,"1250"
"Oh40B",0.251561856600938,437,346,91,0.667032953676804,0.0530793106926294,429,338,0.158959854785691,429,338,"1250"
"Oh43",0.110087805989983,468,191,277,0.601262137293493,0.0302177846119594,505,228,0.0906072431229935,505,228,"1250"
"Oh7",0.075144936889373,303,110,193,0.635439350897349,0.0177490639613606,304,111,0.0531927547507253,304,111,"1250"
"OQ403",0.0506325453377819,238,56,182,0.637090600315811,0.0108419391971861,229,47,0.0324762101503658,229,47,"1250"
"OQ603",0.062574112588202,107,80,27,0.704696588528361,0.0134045232910032,97,70,0.0401523160050805,97,70,"1250"
"Os420",0.120005649571841,272,219,53,0.687101566663183,0.0324522829133311,297,244,0.0973086089940821,297,244,"1250"
"OS602",0.12115915694535,400,221,179,0.637798283001222,0.0249617445698939,366,187,0.0747518948869282,366,187,"1250"
"Pa392",0.141962271699278,513,266,247,0.615897106807923,0.03099429805539,482,235,0.0928026561077413,482,235,"1250"
"Pa405",0.120663988031827,560,220,340,0.548076655622176,0.0304048895442255,570,230,0.09114032898708,570,230,"1250"
"Pa875",0.0736276905200674,217,107,110,0.659808701093427,0.0195110574220223,246,136,0.0585049940701328,246,136,"1250"
"Pa880",0.0575198950038705,73,72,1,0.781888771845578,0.0120694487811459,54,53,0.0361491998722786,54,53,"1250"
"Pa91",0.0642592856779436,140,85,55,0.686280352478868,0.0177965671104409,167,112,0.0533517204563982,167,112,"1250"
"PH207",0.0509857957908977,153,58,95,0.666016582985751,0.010735392856184,140,45,0.0321542325132265,140,45,"1250"
"PHB09",0.13905231022011,402,261,141,0.6508379420045,0.0311393102856026,378,237,0.093292232347966,378,237,"1250"
"PHB47",0.114480037582836,360,206,154,0.646133824567162,0.0289043982986201,367,213,0.0866414337813925,368,214,"1250"
"PHBA6",0.0464741390350541,139,47,92,0.666570571138018,0.011488726714467,143,51,0.0344448716236755,143,51,"1250"
"PHBB3",0.176880336529299,452,314,138,0.651657961339004,0.0442663548290884,452,314,0.132732179355725,452,314,"1250"
"PHEG9",0.0707930041948485,126,98,28,0.702623026783202,0.014809611136008,111,83,0.044340936947526,111,83,"1250"
"PHG29",0.141411700394235,553,264,289,0.596063934774965,0.0350241696130353,555,266,0.105002762967768,555,266,"1250"
"PHG47",0.0839935635743366,495,138,357,0.489327996075824,0.0181325250656529,472,115,0.0543214226471145,472,115,"1250"
"PHG71",0.0770151375863296,124,114,10,0.722797324771668,0.0190439060316325,140,130,0.0570984800935307,140,130,"1250"
"PHG80",0.0710062989921468,298,100,198,0.63440481267313,0.0178063518757146,311,113,0.053377253911304,311,113,"1250"
"PHG83",0.0916447678032706,406,164,242,0.617624612781869,0.0197858097335774,383,141,0.0592743643970637,383,141,"1250"
"PHG86",0.257557952231549,392,347,45,0.690633333347636,0.0643921858695616,394,349,0.193078723246887,394,349,"1250"
"PHH93",0.218381280675154,666,338,328,0.562097942723617,0.0546589166384732,668,340,0.16389421340594,668,340,"1250"
"PHHH9",0.0341714599357307,232,29,203,0.633983031626028,0.00928254040711238,240,37,0.0278337178751288,240,37,"1250"
"PHHV4",0.138999101921555,493,260,233,0.620624725927235,0.0292612472692661,453,220,0.0876420502884587,453,220,"1250"
"PHJ70",0.228761331653076,683,340,343,0.544573112980327,0.0518099857811088,679,336,0.155249305066934,679,336,"1250"
"PHJ89",0.158030956520163,623,287,336,0.552134102662543,0.0353979198243136,604,268,0.106065594810219,604,268,"1250"
"PHJ90",0.0344774139861442,191,30,161,0.643641400522518,0.00708838346474787,183,22,0.0212266283409674,183,22,"1250"
"PHJR5",0.0338611530364108,102,28,74,0.673261648800023,0.0083924546101883,104,30,0.0251603894550809,104,30,"1250"
"PHK35",0.055565928005814,263,68,195,0.635156268851056,0.0147811140256836,277,82,0.0443218956446981,277,82,"1250"
"PHK42",0.0724497022096423,221,103,118,0.656902577559912,0.0170694801461905,222,104,0.0511557123058658,222,104,"1250"
"PHK56",0.0143564502204349,226,7,219,0.624888597141619,0.00358024018569708,225,6,0.0107327814107752,225,6,"1250"
"PHK74",0.0756893021628975,179,111,68,0.677212273229,0.0187686219939198,194,126,0.056275188614977,194,126,"1250"
"PHKE6",0.0507602655039098,246,57,189,0.636031643004954,0.0137775896667583,264,75,0.0413121617335195,264,75,"1250"
"PHM10",0.0423189376456345,286,41,245,0.616741102649351,0.00907493548562817,280,35,0.0271834705770404,280,35,"1250"
"PHN11",0.090607895116387,398,161,237,0.620090527709143,0.0227070773391856,405,168,0.0680501274682952,405,168,"1250"
"PHN29",0.0384347623299513,70,37,33,0.696871651013181,0.00791647871818426,60,27,0.0237070711362267,60,27,"1250"
"PHN66",0.0876295765018643,211,148,63,0.680396925479823,0.0259680316262354,256,193,0.0778577258836483,256,193,"1250"
"PHN82",0.113095081609288,435,201,234,0.620509315725489,0.0289862750368382,450,216,0.0868796487254161,450,216,"1250"
"PHP02",0.103380463362595,387,182,205,0.632999988858509,0.0291428754845777,424,219,0.0873683886693008,424,219,"1250"
"PHP55",0.135303910846265,406,253,153,0.646166220396818,0.0334773614558125,412,259,0.100374915848933,412,259,"1250"
"PHP76",0.130241367603619,325,237,88,0.667588011667275,0.0309589780099663,322,234,0.0927685124436977,322,234,"1250"
"PHP85",0.0100797507385275,327,3,324,0.568614174281261,0.00212575506134899,326,2,0.00636623311277329,326,2,"1250"
"PHPR5",0.0792161121692148,260,118,142,0.650693813514378,0.0197581626322849,281,139,0.0592219197493319,282,140,"1250"
"PHR03",0.168531183823652,632,299,333,0.556665682860892,0.0457315165770521,652,319,0.13712617923986,652,319,"1250"
"PHR30",0.104106175484315,356,184,172,0.639502443723047,0.0220626989136604,334,162,0.0660837163452521,334,162,"1250"
"PHR31",0.0812089421184489,185,126,59,0.682321451237707,0.0221871799199702,222,163,0.0665279705001997,222,163,"1250"
"PHR36",0.0960392761925809,473,172,301,0.589547016655084,0.0241455851933285,480,179,0.0724010126767091,480,179,"1250"
"PHR47",0.196321863581563,409,327,82,0.668860999671212,0.0459098279870055,404,322,0.137584571565539,404,322,"1250"
"PHR63",0.0877375160340851,413,149,264,0.608703829997653,0.0184237054697871,386,122,0.0551810808688512,386,122,"1250"
"PHT10",0.0976341344986307,431,176,255,0.612155755184247,0.021437864007344,410,155,0.0641882053871287,410,155,"1250"
"PHT47",0.245729135482001,661,345,316,0.5734875385884,0.0615590762362332,660,344,0.184515158428003,660,344,"1250"
"PHT55",0.16364583209205,564,291,273,0.60197035249122,0.0353792845056791,540,267,0.105990294479559,540,267,"1250"
"PHTM9",0.241331170970689,611,343,268,0.60598173603628,0.0514675590232902,603,335,0.154171801310114,603,335,"1250"
"PHV37",0.0915919735823112,388,163,225,0.622811847885206,0.0258927277400213,416,191,0.0776363028368904,417,192,"1250"
"PHV57",0.0556298889063909,184,69,115,0.658436522157946,0.0143822966010097,195,80,0.0431045230767704,195,80,"1250"
"PHV63",0.0546447980023632,95,64,31,0.698473165209921,0.0135069631449091,102,71,0.0404963452313895,102,71,"1250"
"PHVA9",0.112776506191478,484,199,285,0.597405813574594,0.0308193341929678,518,233,0.0924113522922219,518,233,"1250"
"PHVJ4",0.188366765472358,524,322,202,0.634005113213936,0.048037597189772,529,327,0.143991463634279,529,327,"1250"
"PHW03",0.0662303420139024,142,92,50,0.688800798827014,0.0148500446230972,136,86,0.0444903802151527,136,86,"1250"
"PHW17",0.1013203173417,510,181,329,0.558961728008574,0.0209376996896845,481,152,0.0626910203247428,480,151,"1250"
"PHW20",0.135797924649034,559,254,305,0.586185211341331,0.0361472504755525,582,277,0.108389260267528,582,277,"1250"
"PHW30",0.0940015806810136,423,169,254,0.61253946867022,0.0208106639897269,403,149,0.0623533692531999,403,149,"1250"
"PHW43",0.0855934915172736,271,142,129,0.654280121550168,0.0213151799757374,283,154,0.0638990838466955,283,154,"1250"
"PHW52",0.154757060556099,472,281,191,0.63566547433691,0.040556066070049,487,296,0.121610248807941,488,297,"1250"
"PHW53",0.304159677061286,647,356,291,0.594690585265581,0.0764906582926318,646,355,0.229358859151019,646,355,"1250"
"PHW80",0.103923874292289,539,183,356,0.50306151603706,0.0266704770451661,553,197,0.07993805969787,553,197,"1250"
"PHWG5",0.113908537557992,391,204,187,0.636633675380785,0.0235087755002327,362,175,0.0703897327679984,362,175,"1250"
"PHZ51",0.0867896424478744,309,145,164,0.642659853801319,0.0224189815147897,328,164,0.0672250802193401,328,164,"1250"
"Q381",0.238323443624604,378,342,36,0.694402232465674,0.0637334480378205,384,348,0.191107210658445,384,348,"1250"
"R168",0.124716930583161,398,229,169,0.639883692736989,0.0267939482298266,367,198,0.0802214024179643,367,198,"1250"
"R177",0.243697432323069,689,344,345,0.54310814967567,0.0611223899471804,688,343,0.18320670212273,688,343,"1250"
"R181B",0.0916843935733119,171,165,6,0.739602562169924,0.0227905861304036,175,169,0.0683355924146078,175,169,"1250"
"R226",0.0363049375358466,118,33,85,0.667901622495392,0.00768096706651526,110,25,0.0230016003078442,110,25,"1250"
"R229",0.234140283234724,659,341,318,0.572770563009788,0.0534231771000799,657,339,0.16008771349428,657,339,"1250"
"R71",0.0724598999933821,107,104,3,0.763323727643217,0.0183679544248347,123,120,0.0550476445199886,123,120,"1250"
"R78",0.0167867952567253,96,10,86,0.667852702070093,0.00472488672272606,98,12,0.0141670861012851,98,12,"1250"
"SD101",0.0427913011753277,86,43,43,0.691850579041243,0.00991420613060671,83,40,0.0297104481209936,83,40,"1250"
"SD102",0.138251127269941,327,257,70,0.676802041901396,0.0408309355713845,369,299,0.122420413199155,369,299,"1250"
"SD107",0.0738434619423512,293,108,185,0.636842532116351,0.0162373092256771,278,93,0.0486150123967256,277,92,"1250"
"SD40",0.128358755247738,339,232,107,0.661042695242667,0.0333279921534846,363,256,0.0999365814311886,363,256,"1250"
"SD44",0.169775042267642,445,300,145,0.648741322841348,0.0440041883980246,458,313,0.131905365225246,458,313,"1250"
"SG 30A",0.0567182455718805,302,70,232,0.62126714522099,0.0122670665148575,291,59,0.0367501325605564,291,59,"1250"
"Tr",0.131345590832267,279,240,39,0.692803996524169,0.0354119165728237,308,269,0.106183366230232,308,269,"1250"
"TZU-CHIAO-HSI-WU 105",0.0810318249517426,163,125,38,0.692949581785633,0.0169050936934478,141,103,0.0506152044594124,141,103,"1250"
"Va26",0.157479794321143,592,286,306,0.583989699794914,0.0389272032019733,598,292,0.116710022460174,598,292,"1250"
"Va35",0.163757239048478,577,293,284,0.59742231718932,0.043312986098816,593,309,0.129876538148584,593,309,"1250"
"Va52",0.0659119544612253,104,90,14,0.717330278485947,0.014075273153879,91,77,0.0421608638959347,91,77,"1250"
"Va99",0.0535850909448721,229,63,166,0.64232570858449,0.0136910148822034,240,74,0.0410386122722219,240,74,"1250"
"W182E",0.113152178761586,524,202,322,0.569696339321321,0.0288473421124131,534,212,0.0864547191101884,534,212,"1250"
"W22",0.122809281097617,362,227,135,0.652747227265176,0.0319939528795818,377,242,0.0959363056265745,377,242,"1250"
"W23",0.139439657593638,429,262,167,0.641450271591987,0.0328153621276861,415,248,0.0983443894992538,415,248,"1250"
"W24",0.0826691152049079,233,131,102,0.662559643931323,0.0209171156449352,253,151,0.0627209704208865,254,152,"1250"
"W32",0.128738750086626,568,234,334,0.556533522639286,0.0264318478853918,530,196,0.0791469590253408,530,196,"1250"
"W37A",0.152424139894974,621,279,342,0.544980865830977,0.0376786384198621,627,285,0.112966349481391,627,285,"1250"
"W552",0.0484910547432888,404,50,354,0.513998337362314,0.0107597603804525,400,46,0.0322389758462396,400,46,"1250"
"W603S",0.0529536953467643,392,61,331,0.558334174542835,0.0131085848325189,399,68,0.0392999905434702,399,68,"1250"
"W604S",0.105540143937483,398,186,212,0.629316814541949,0.02297119898234,382,170,0.0688134677291916,382,170,"1250"
"W605S",0.0134567891073513,89,6,83,0.668716121443586,0.00354918681264961,88,5,0.0106424606952583,88,5,"1250"
"W607S",0.0830693475608317,408,133,275,0.601682766184117,0.0215108520542371,431,156,0.0644693840550888,431,156,"1250"
"W610S",0.170690541343754,615,303,312,0.57996795788847,0.0491836885297062,643,331,0.147468277541318,643,331,"1250"
"W611S",0.0600181349246794,323,77,246,0.616015286151465,0.0145647533606455,327,81,0.0436527503622258,327,81,"1250"
"W612S",0.203584929128691,619,331,288,0.596103245972055,0.0499563377005456,621,333,0.149705660568702,621,333,"1250"
"W614S",0.113183775707632,407,203,204,0.633695839794731,0.0300258021242582,430,226,0.090007763886243,430,226,"1250"
"W64A",0.0535355066821219,263,62,201,0.63406965731877,0.0121128637237542,255,54,0.0362962176706194,255,54,"1250"
"W701BC",0.0216719563703975,16,14,2,0.764343246786914,0.00474771583528593,15,13,0.0142154395975753,15,13,"1250"
"W803G",0.20157290722131,595,329,266,0.608071027418741,0.0498248537166767,598,332,0.149383534432828,598,332,"1250"
"W809G",0.126061951392553,249,231,18,0.71459907974688,0.0260326873929062,212,194,0.0779610584898247,212,194,"1250"
"W810G",0.106544862490834,202,187,15,0.717233154606708,0.0218873651276905,175,160,0.0655420051810298,175,160,"1250"
"W811G",0.0846462981463631,414,140,274,0.601755784235486,0.0175587708474625,382,108,0.0525860482136178,382,108,"1250"
"W813G",0.114839331732163,336,209,127,0.654547256226996,0.0253176726593306,317,190,0.0758044213109925,317,190,"1250"
"W8304",0.154839911057001,525,282,243,0.617207518288418,0.0385509768430107,532,289,0.115592645511232,532,289,"1250"
"W9",0.158448511554593,598,288,310,0.580643192705424,0.0329463192127715,559,249,0.0986714333539479,559,249,"1250"
"WIL900",0.037170317775754,383,35,348,0.53313852864462,0.009124061379359,384,36,0.0273469324376973,384,36,"1250"
"WU-TAN-TZAO",0.114982584440647,557,211,346,0.537885092020236,0.0242702060033081,526,180,0.0726942041638891,526,180,"1250"
"YE 4",0.190117475523815,679,324,355,0.51209263332086,0.0407192376430946,653,298,0.121913912959245,653,298,"1250"
"YING-55",0.114322698578081,274,205,69,0.677039266949475,0.0295222856338414,293,224,0.0885248956125235,293,224,"1250"
"Yu796 NS",0.0763998103131439,219,113,106,0.661572312758455,0.0171974568781281,211,105,0.0515311562649574,211,105,"1250"
"ZS365",0.151779408752776,536,277,259,0.609358591750566,0.0311617871839132,497,238,0.0933123414163956,497,238,"1250"
"ZS635",0.0432973462027194,126,45,81,0.668993596609946,0.00951182785585115,120,39,0.0284786971995087,120,39,"1250"
"1538",0.0986654068284845,284,191,93,0.680892750478443,0.027503261106118,311,218,0.0865521246888425,311,218,"1300"
"29MIBZ2",0.130726295172501,282,257,25,0.717805534161903,0.0335127054589101,293,268,0.105463558208114,293,268,"1300"
"2FACC",0.0341063723722877,52,32,20,0.724641688420903,0.00945961607040886,60,40,0.0297692571096735,60,40,"1300"
"2MA22",0.121616565117969,567,239,328,0.586175497906444,0.0253322231956883,532,204,0.0796749372597629,532,204,"1300"
"3IJI1",0.185931060753041,549,329,220,0.644051214089004,0.0482449648902604,555,335,0.151801096923566,555,335,"1300"
"4226",0.109235663022607,439,218,221,0.643580737096435,0.0328822633610921,484,263,0.103473351925261,484,263,"1300"
"4N506",0.138324665455671,387,273,114,0.673407010904137,0.0411128904415362,423,309,0.129372623085369,423,309,"1300"
"6M502",0.148927108591978,427,291,136,0.667404251546271,0.0381617469223256,433,297,0.120093885969614,433,297,"1300"
"6M502A",0.166592239172774,490,313,177,0.657327986713637,0.0426850862654486,495,318,0.134328685498081,495,318,"1300"
"764",0.0747139290445283,438,131,307,0.603621646759778,0.0211054339931625,471,164,0.06641789518243,471,164,"1300"
"78010",0.107731670833715,534,216,318,0.594668301835539,0.0286564619198006,552,234,0.0901824652472121,552,234,"1300"
"793",0.104952836834295,479,206,273,0.620484033185984,0.0218159586408008,447,174,0.0686153994754673,447,174,"1300"
"87916W",0.147900781379465,340,285,55,0.701324784701366,0.039698777573959,359,304,0.124932707619862,359,304,"1300"
"911",0.048059967884434,325,61,264,0.626757479364287,0.0101237548592164,313,49,0.0318435988883224,313,49,"1300"
"912",0.164480501720387,656,309,347,0.560189633430913,0.0445192872515887,672,325,0.140102666968945,672,325,"1300"
"91IFC2",0.0695246478235132,236,109,127,0.669403734539398,0.01920912635257,265,138,0.0604509022699019,265,138,"1300"
"A",0.0445345356517472,168,52,116,0.672011572550874,0.00913193933041887,152,36,0.0287178110058488,152,36,"1300"
"A208",0.0953015122102777,503,181,322,0.593504287894183,0.0199349224018012,471,149,0.0627001530458757,471,149,"1300"
"A239",0.0483620227538719,122,63,59,0.697510427495195,0.0100363994231974,106,47,0.0315649869034845,106,47,"1300"
"A272",0.0247987621041842,217,12,205,0.648300859805276,0.0052719503998471,214,9,0.016579048322472,214,9,"1300"
"A305",0.120353154994324,550,237,313,0.598728462798494,0.0340162660706751,583,270,0.107047700821613,583,270,"1300"
"A322",0.0650387282820859,371,100,271,0.62090194920794,0.0164905550647583,384,113,0.051892978383716,384,113,"1300"
"A334",0.0835451079989797,434,149,285,0.614630002342874,0.0213141304094587,452,167,0.067074384132637,452,167,"1300"
"A340",0.152661300636831,309,293,16,0.730493540596391,0.0366017898470992,306,290,0.115149380849193,306,290,"1300"
"A374",0.063121308478838,158,95,63,0.694532540425025,0.0146338627298528,157,94,0.0460397032029553,157,94,"1300"
"A385",0.121361693297393,533,238,295,0.608941586295029,0.0265590344454217,507,212,0.0835192143381949,507,212,"1300"
"A401",0.0915947823106406,240,172,68,0.691820100589197,0.023226547238515,256,188,0.073090347892972,256,188,"1300"
"A427",0.088268434642364,255,163,92,0.681353765539583,0.0263547201211085,303,211,0.0829322924976969,303,211,"1300"
"A548",0.129668106939158,511,255,256,0.630992876314521,0.0326189354022765,517,261,0.102624745286229,517,261,"1300"
"A572",0.0475050904075867,317,59,258,0.629985405858619,0.0112483096977306,317,59,0.0353866781576289,317,59,"1300"
"A619",0.123819700985332,544,247,297,0.608696373575165,0.0319436712805102,552,255,0.100526551583411,552,255,"1300"
"A627",0.153832318876604,640,296,344,0.563802766301806,0.040240049615344,651,307,0.126636094828392,651,307,"1300"
"A632",0.17086701417622,359,322,37,0.712747877068363,0.0451320311026748,364,327,0.142031433840835,365,328,"1300"
"A635",0.159668431422674,489,304,185,0.654790158859238,0.0385439254415835,485,300,0.121260336744702,485,300,"1300"
"A641",0.133066038277053,600,260,340,0.572077883902353,0.0363576705210472,627,287,0.114417647956737,627,287,"1300"
"A648",0.122534246046549,484,243,241,0.635902725661495,0.0320683326233245,498,257,0.100919579740332,498,257,"1300"
"A663",0.0286403869148934,152,20,132,0.667907178574552,0.00597744591308092,145,13,0.0188003857148579,145,13,"1300"
"A672",0.068474169003271,305,107,198,0.650523158901486,0.0176123212460583,324,126,0.0554257162211964,324,126,"1300"
"A674",0.0405079972586724,167,45,122,0.670542537124139,0.0104257482133583,176,54,0.0328019078472734,176,54,"1300"
"A679",0.0585965911372182,287,86,201,0.649507618277827,0.0155470944099861,306,105,0.0489197820761121,306,105,"1300"
"A680",0.106755948425229,291,212,79,0.686193577748438,0.0295126716492597,318,239,0.092865850838689,318,239,"1300"
"A682",0.137113660580652,400,271,129,0.66880896342775,0.0284652857399297,358,229,0.089524003802596,358,229,"1300"
"A71",0.0274138511419351,91,15,76,0.687590364604151,0.00695218948127641,93,17,0.0218775046249092,93,17,"1300"
"A73",0.0885674774440984,339,164,175,0.65846156716593,0.0245328347869445,375,200,0.0772044719448088,375,200,"1300"
"A797NW",0.143841860353235,457,278,179,0.656300701666114,0.0365429233313263,467,288,0.114996888191126,467,288,"1300"
"AQA3",0.106537936485219,419,211,208,0.646726136842888,0.0271185463187917,422,214,0.08533379132633,422,214,"1300"
"AS6103",0.13346877924058,410,262,148,0.66348742028508,0.0288133391183149,384,236,0.0906374793187652,384,236,"1300"
"AusTRCF 306238",0.0352426370022458,367,33,334,0.578051676188018,0.00765815532249227,360,26,0.0240825856354848,360,26,"1300"
"B-18 INBR.FR.SUPERGOLD",0.0968736812962711,351,188,163,0.66028035343892,0.0212894836903397,329,166,0.0669485882249814,329,166,"1300"
"B-28",0.16724894900148,346,316,30,0.714951513534118,0.0424056086006473,347,317,0.133443087971945,347,317,"1300"
"B103",0.023351927976224,107,10,97,0.67908701396003,0.00606471231403807,111,14,0.0190856983865927,111,14,"1300"
"B104",0.0712830071425013,250,117,133,0.667874979556018,0.0163021571850702,244,111,0.0512872644541195,244,111,"1300"
"B105",0.104328281868306,362,203,159,0.660645158106119,0.0293330437541009,397,238,0.0923100411497331,397,238,"1300"
"B108",0.043884031099143,179,51,128,0.669082022198362,0.00940045000173414,167,39,0.0295619332181405,167,39,"1300"
"B109",0.29094189373796,622,356,266,0.623169631732935,0.0749195716434888,622,356,0.235771068423407,622,356,"1300"
"B110",0.0964862632311435,228,185,43,0.707748161875671,0.0197244265083225,188,145,0.0620297953828385,188,145,"1300"
"B111",0.0395040274864998,103,42,61,0.695983694856538,0.0102467999615415,112,51,0.0322412316018698,112,51,"1300"
"B115",0.023103400631284,139,9,130,0.66836079002409,0.00479974806245045,138,8,0.0150937168374012,138,8,"1300"
"B119",0.0719115524622103,237,119,118,0.671820188409328,0.0199461787681565,268,150,0.0627702970597685,268,150,"1300"
"B120",0.148838066539384,424,290,134,0.667609376485344,0.0355314001865474,418,284,0.111781340196137,418,284,"1300"
"B121",0.125366201365046,445,251,194,0.651902243373311,0.0341545333641181,466,272,0.107471118832246,466,272,"1300"
"B14A",0.165723764190243,379,310,69,0.690989720668636,0.0344887118531478,344,275,0.10846527843363,344,275,"1300"
"B164",0.1479485196903,300,286,14,0.732663547570209,0.0418231418172753,328,314,0.13160425897333,328,314,"1300"
"B2",0.0353025267340448,125,35,90,0.681663655938996,0.0103473510132786,142,52,0.0325604736174398,142,52,"1300"
"B37",0.116434261068183,414,232,182,0.65572023567988,0.028376341798938,409,227,0.0892807347213382,409,227,"1300"
"B47",0.0448702034977859,327,53,274,0.619783992677743,0.00935900841335136,312,38,0.0294360900782396,312,38,"1300"
"B57",0.0295623552687067,279,22,257,0.630983441962394,0.0060782312856547,272,15,0.0191163082962393,272,15,"1300"
"B66",0.0374171850915841,309,39,270,0.622084887084097,0.00818183754108589,297,27,0.0257382218098657,297,27,"1300"
"B68",0.0122710830677388,68,3,65,0.694141288537707,0.00274176264620944,68,3,0.00862473011017615,68,3,"1300"
"B73",0.166939128764669,462,315,147,0.663555593676684,0.0453026741546277,476,329,0.142567891663731,476,329,"1300"
"B75",0.215248220368,690,340,350,0.552429618117048,0.0625069734662546,700,350,0.196692595144775,700,350,"1300"
"B76",0.1535269918411,322,295,27,0.716401846226139,0.0398842177221888,333,306,0.125493864881081,333,306,"1300"
"B77",0.030665813324564,98,24,74,0.689431028298334,0.00717103527848929,94,20,0.0225593860743893,94,20,"1300"
"B79",0.0711699400606308,258,116,142,0.664652877095717,0.0182655250074332,273,131,0.0574739017307576,273,131,"1300"
"B87",0.0158952005902302,116,4,112,0.674699178098916,0.00331040965487409,116,4,0.0104110262710684,116,4,"1300"
"B88",0.0734336389314682,336,124,212,0.646236157498612,0.0150780960324719,311,99,0.0474168701931031,311,99,"1300"
"B91",0.0352820278377711,78,34,44,0.707333332859661,0.00903239690108895,77,33,0.0284246440558439,77,33,"1300"
"B97",0.0974006735068621,389,189,200,0.650041987767054,0.0199057212674374,348,148,0.062601624720311,348,148,"1300"
"BEI 10 = NORTH 10",0.0641913142005767,370,98,272,0.620716363839338,0.013662376952391,356,84,0.0429649028367817,356,84,"1300"
"BO9",0.0722653381301822,343,120,223,0.643142063668642,0.0207557038243599,385,162,0.0653167445192279,385,162,"1300"
"CA-4",0.0990697096215301,270,192,78,0.686516671288372,0.0287810229370699,313,235,0.0905661390482394,313,235,"1300"
"CG102",0.0208422144805564,122,7,115,0.673030149373995,0.00627969796244175,131,16,0.0197608554337664,131,16,"1300"
"CH701-30",0.0702214526327091,256,112,144,0.664203619694714,0.0144017002461166,235,91,0.0452899456426676,235,91,"1300"
"CH711-10",0.245754734313811,697,349,348,0.558303162184235,0.056558410472759,692,344,0.177923338805553,692,344,"1300"
"CH753-4",0.269214336090695,630,354,276,0.61863892480455,0.0554409566299902,618,342,0.174365589397217,618,342,"1300"
"CH9",0.0583625308329725,336,85,251,0.632653938635057,0.0144761363828306,343,92,0.0455472551519959,343,92,"1300"
"CI 40H",0.0314099996599265,43,25,18,0.72628111967764,0.00840322141162965,47,29,0.0264413568955214,47,29,"1300"
"CR 22 INBRED",0.103977638677351,311,201,110,0.675739971321573,0.0216439762521845,282,172,0.0680753698311059,282,172,"1300"
"DE2",0.0705034577080354,403,113,290,0.612923517647461,0.0147107756778411,386,96,0.0462685973216928,386,96,"1300"
"DE3",0.161729366536698,667,307,360,0.393188907941144,0.041737002617954,673,313,0.131346144047102,673,313,"1300"
"DE4",0.138150858987939,561,272,289,0.613199636102288,0.0300870748511088,533,244,0.0946146307845711,533,244,"1300"
"DE811",0.126215189548834,419,253,166,0.659348631636003,0.032340580644537,424,258,0.101762793585839,424,258,"1300"
"DJ7",0.19158940792251,520,332,188,0.653593165339905,0.0509996028375737,527,339,0.16049677247588,527,339,"1300"
"DK3IIH6",0.0846539860360313,307,153,154,0.662007014555381,0.0185030190619289,287,133,0.0581857435025965,287,133,"1300"
"DK4676A",0.0638194465590059,331,96,235,0.638799140318658,0.0164802650718613,347,112,0.0518633406091261,347,112,"1300"
"DK78002A",0.0317734875218752,64,28,36,0.7128245264796,0.00907221741248939,70,34,0.0285497221455982,70,34,"1300"
"DK78010",0.0305712466636543,118,23,95,0.680462853452015,0.00752486240410789,119,24,0.0236739635931053,119,24,"1300"
"DK78371A",0.0562456394633048,255,81,174,0.658703031262223,0.0136325580505198,257,83,0.0428886357329319,257,83,"1300"
"DKFAPW",0.11053527965242,309,222,87,0.683430752473313,0.0286301694687107,320,233,0.0900992394583937,320,233,"1300"
"DKFBHJ",0.063085378652487,140,94,46,0.706322678640437,0.0131831770617767,125,79,0.0414641602830031,125,79,"1300"
"DKMBNA",0.00561291250374268,287,1,286,0.614602051943575,0.00160434156539865,288,2,0.00504838867223799,288,2,"1300"
"DKPB80",0.120125616506935,416,235,181,0.655800181226966,0.0315518867830722,435,254,0.0992943867392747,435,254,"1300"
"E8501",0.212881724492873,669,339,330,0.582190963284143,0.0451533470946646,658,328,0.142030480562375,657,327,"1300"
"EAST 028",0.090062377022277,250,170,80,0.685509604652113,0.0250576124951365,283,203,0.0788476800517887,283,203,"1300"
"F118",0.0863913348948315,169,159,10,0.734521026051468,0.0189836348709238,146,136,0.059697437334717,146,136,"1300"
"F2834T",0.0755151255557758,312,132,180,0.656055504390513,0.0170011443498099,300,120,0.0534848928146745,299,119,"1300"
"FBLA",0.109757417765464,343,220,123,0.670413487999918,0.0308299605777117,372,249,0.0970208292868223,372,249,"1300"
"FR19",0.456242287857544,719,360,359,0.427719209596367,0.0939377181864158,719,360,0.295408783988131,719,360,"1300"
"H105W",0.125841605643987,425,252,173,0.65879500088176,0.0278231320311208,393,220,0.0875212975786223,393,220,"1300"
"H110",0.121885685298759,300,240,60,0.696596803976743,0.025417264384314,266,206,0.0799442881361251,266,206,"1300"
"H113",0.0583396597338797,334,84,250,0.632857813838987,0.0121820454464974,317,67,0.0383162047817737,317,67,"1300"
"H121",0.0654061252973893,384,101,283,0.616072985268435,0.0166062509677021,398,115,0.0522557478622296,398,115,"1300"
"H122w",0.0619045683718455,416,91,325,0.589498030731616,0.0129695365444843,401,76,0.0407849097518222,401,76,"1300"
"H5",0.0760759587334934,371,135,236,0.637203818935458,0.0169104296078829,354,118,0.0531982436486631,354,118,"1300"
"H71",0.00682590411292001,41,2,39,0.70959183027195,0.00149732515351562,40,1,0.00470996378991574,40,1,"1300"
"H84",0.0426667741136609,188,49,139,0.6665183446478,0.0125985815279868,212,73,0.0396462250244332,212,73,"1300"
"H91",0.0661530630252284,221,104,117,0.671858676873628,0.0138955580683569,205,88,0.0437054131485879,205,88,"1300"
"H95",0.148086823373309,463,287,176,0.657685304470802,0.0341693804558579,449,273,0.107499778198083,449,273,"1300"
"H96",0.122518086481142,271,242,29,0.71518433863487,0.025520502591772,236,207,0.0802671188088206,236,207,"1300"
"H99",0.0480725126923991,197,62,135,0.667530393268113,0.0122956877346318,204,69,0.0386940491266597,204,69,"1300"
"HP301",0.115386196271128,276,231,45,0.706868841432188,0.0295768914256997,285,240,0.0930776454804556,285,240,"1300"
"HUOBAI",0.216510801939926,668,342,326,0.587770695541494,0.0563471557898865,669,343,0.17729284688483,669,343,"1300"
"Hy",0.123133703051135,338,244,94,0.680782267390883,0.033386558317837,360,266,0.105067801519943,360,266,"1300"
"I29",0.183812283417759,412,328,84,0.684413828759533,0.0485729558154673,420,336,0.152860097374063,420,336,"1300"
"Ia 453",0.182892007754806,331,326,5,0.770002364488479,0.0422806908254284,321,316,0.13300886898323,321,316,"1300"
"IA2132",0.0725663085358002,125,121,4,0.773353029264831,0.0183990226911218,136,132,0.0578984947698316,136,132,"1300"
"IBB15",0.0845047250863177,174,151,23,0.723158924856955,0.0223224279838429,205,182,0.0702491420270012,205,182,"1300"
"IBC2",0.148114536321739,395,288,107,0.676824324493246,0.0380299200450234,402,295,0.119663918460277,402,295,"1300"
"ICI 193",0.109465706917577,230,219,11,0.734182469418057,0.0331541911338625,275,264,0.104329321095772,275,264,"1300"
"ICI 740",0.0263271981724723,268,13,255,0.631018842758577,0.00547244385832899,265,10,0.0172107154947466,265,10,"1300"
"ICI 893",0.075733469192359,353,134,219,0.644481540154889,0.0158832986017169,327,108,0.0499477024294877,327,108,"1300"
"ICI 986",0.0611323389555073,172,89,83,0.684527092052417,0.0130393046450072,160,77,0.041005374181913,160,77,"1300"
"IDS28",0.0331731038920281,81,31,50,0.703410135811646,0.00849657649397654,81,31,0.0267321494170941,81,31,"1300"
"IDS69",0.0998277618156649,480,193,287,0.613589344365606,0.0256750167440984,495,208,0.080798894424749,495,208,"1300"
"IDS91",0.0315300668276304,287,26,261,0.627567366926193,0.00953733632226593,302,41,0.0300124114956696,302,41,"1300"
"INB 101LFY/LFY (A632 X M16 S5)",0.249830053676049,665,351,314,0.597009083419286,0.0646745407361781,667,353,0.203530927773511,667,353,"1300"
"INBRED 141",0.146949623785338,341,283,58,0.698359627636249,0.0320584464536265,314,256,0.100848132659485,314,256,"1300"
"INBRED 2-687",0.0830563695073447,312,148,164,0.660132547363683,0.0195113573507341,304,140,0.061381225318997,304,140,"1300"
"INBRED 305",0.124735196249467,601,250,351,0.549689636884074,0.0334571444926522,618,267,0.10529019882066,618,267,"1300"
"INBRED 321",0.172646334228184,566,323,243,0.635607511794881,0.0438887881525448,565,322,0.138114008720233,565,322,"1300"
"K150",0.0529910183582682,135,73,62,0.695720329912197,0.0144906987962793,155,93,0.0455967422546218,155,93,"1300"
"K41",0.133617709800091,425,264,161,0.660468833052357,0.0342846387476563,435,274,0.107879388116192,435,274,"1300"
"K47",0.116531630006032,401,234,167,0.659327705529948,0.0247914708271408,368,201,0.0779606292870037,368,201,"1300"
"KUNG-70",0.104780409205693,505,204,301,0.606282640288736,0.0214063452225411,470,169,0.0673202992911084,470,169,"1300"
"L 127",0.148316461321444,511,289,222,0.643291855162932,0.0350213471729004,502,280,0.110183733552142,502,280,"1300"
"L 289",0.0282263606845819,216,17,199,0.650429884578161,0.00760691715318078,224,25,0.0239358512945332,224,25,"1300"
"LH1",0.0733532050623957,439,123,316,0.596296658367003,0.0152846827635635,419,103,0.0480654525537403,419,103,"1300"
"LH119",0.0421792301661709,278,47,231,0.642191092432559,0.0117023690561065,295,64,0.0368232633373376,295,64,"1300"
"LH128",0.0746652852196971,285,130,155,0.661998260917564,0.0158866037482684,264,109,0.0499694571692238,264,109,"1300"
"LH143 (Maintainer)",0.132638298899849,332,259,73,0.689512802512235,0.0336521548823329,342,269,0.105895771864343,342,269,"1300"
"LH146Ht",0.0768475911708953,241,138,103,0.677646959614314,0.0181598902374094,231,128,0.0571300549163723,231,128,"1300"
"LH149",0.0381144714127397,178,41,137,0.667335844909616,0.0100446468268582,185,48,0.0316107066583185,185,48,"1300"
"LH165",0.02205498590953,319,8,311,0.60056069801677,0.00470382900108635,317,6,0.0147923754494122,317,6,"1300"
"LH166",0.0983911691237081,465,190,275,0.619189843880857,0.0204163470824568,429,154,0.0642108543360181,429,154,"1300"
"LH181",0.139184805291161,572,274,298,0.608065762422398,0.0302061756267419,543,245,0.0950141146982473,543,245,"1300"
"LH184",0.107522325699953,430,215,215,0.645307796877533,0.0273830576330527,432,217,0.0861725524037206,432,217,"1300"
"LH190",0.124083451949241,465,248,217,0.644579874613453,0.0315112503024089,470,253,0.0991625075276842,470,253,"1300"
"LH192",0.295268407907128,611,357,254,0.631407804027994,0.0872111819546268,613,359,0.274443083246827,613,359,"1300"
"LH194",0.168131313273119,644,320,324,0.590174465860901,0.0427079323343526,643,319,0.134397451794326,643,319,"1300"
"LH195",0.07017257733568,276,111,165,0.659658746824139,0.015652895757069,271,106,0.0492425211443233,271,106,"1300"
"LH197",0.204303717441422,387,335,52,0.703161831710112,0.0443930061697657,376,324,0.139648362077047,376,324,"1300"
"LH198",0.0921122190546132,195,174,21,0.724483331985536,0.0206833191516435,181,160,0.0650685547099804,181,160,"1300"
"LH202",0.0490500535517687,274,65,209,0.646633965495767,0.012551950722553,280,71,0.0395005327543496,280,71,"1300"
"LH204",0.32125778552514,673,358,315,0.596573700092091,0.0798400444805634,672,357,0.251206678347922,672,357,"1300"
"LH205",0.103250022127074,539,200,339,0.575248145121512,0.0222346115323697,518,179,0.0699382764405193,518,179,"1300"
"LH206",0.0527088849117693,310,72,238,0.636949634316129,0.0155200522767399,342,104,0.0488377516989159,342,104,"1300"
"LH208",0.0773668090815191,238,140,98,0.67886433441781,0.0188181736321844,232,134,0.0592076549762322,232,134,"1300"
"LH209",0.0696173385348258,300,110,190,0.653240181418197,0.0142791072121437,280,90,0.0449078414648077,280,90,"1300"
"LH214",0.0469076049485683,349,56,293,0.61164636119381,0.00973079641775208,338,45,0.0306003791871349,338,45,"1300"
"LH215",0.132542158286213,563,258,305,0.604420918771732,0.0302103369657643,551,246,0.095042460843141,551,246,"1300"
"LH222",0.13610369360007,409,269,140,0.665441837600976,0.0298961990519027,383,243,0.0940476640549039,383,243,"1300"
"LH223",0.0963492555378776,222,184,38,0.710185465423918,0.0203733803752082,191,153,0.0640700569972903,191,153,"1300"
"LH224",0.16089935736371,523,305,218,0.644491332542787,0.0419117699842163,533,315,0.131896849501623,533,315,"1300"
"LH295",0.0950452119297537,476,180,296,0.608778408254894,0.0198233407970414,443,147,0.0623486500201907,443,147,"1300"
"LH60",0.0360705623104595,164,38,126,0.669946969261556,0.00967982457127034,168,42,0.0304625687199711,168,42,"1300"
"LH74",0.0282801522849565,178,18,160,0.660620918015317,0.00722403947015949,181,21,0.022731440022858,181,21,"1300"
"LH82",0.0458905256640889,159,54,105,0.677112660942403,0.0133666860421338,186,81,0.0420636938809338,186,81,"1300"
"LH93",0.180229032038623,680,324,356,0.529239505966234,0.0462822016375313,686,330,0.145625627470317,686,330,"1300"
"LIBC 4",0.100185354986873,263,196,67,0.693132875424607,0.0262383318694663,277,210,0.0825595153318305,277,210,"1300"
"LP1 NR HT",0.0727135076089125,175,122,53,0.702967729729524,0.0168365941288521,170,117,0.052965581851058,170,117,"1300"
"LP5",0.0892695464458412,292,167,125,0.670264499126414,0.0190307111543327,262,137,0.0598623532696709,262,137,"1300"
"M14",0.0809698494991255,349,147,202,0.648748403592679,0.0173237385938113,324,122,0.0544935520272503,324,122,"1300"
"MBPM",0.0847254916382532,297,154,143,0.664281335586979,0.0215652452240595,314,171,0.0678592670785707,314,171,"1300"
"MBWZ",0.124691312736541,477,249,228,0.642826179808097,0.0346092871286126,504,276,0.10891482692969,504,276,"1300"
"MM501D",0.0518217907531382,423,70,353,0.54637830408774,0.0132089734839058,433,80,0.041564297442705,433,80,"1300"
"Mo17",0.0783433478333005,332,143,189,0.653264810104449,0.0165649424300594,303,114,0.0521022858432118,303,114,"1300"
"Mo1W",0.188735030742628,502,331,171,0.658997941183298,0.040462288519067,479,308,0.127243103753091,479,308,"1300"
"Mo46",0.130254044684948,524,256,268,0.62262205561093,0.0273134352806272,483,215,0.0859108943802748,483,215,"1300"
"Mo47",0.089581895580012,325,168,157,0.661151174731275,0.0234685239956402,346,189,0.0738558553990228,346,189,"1300"
"Mo5",0.0555575389827626,105,79,26,0.716679070742021,0.0114892856868766,87,61,0.036130430807053,87,61,"1300"
"MQ305",0.0954481976023918,514,182,332,0.580451194764208,0.019558022670416,474,142,0.0615096670797238,474,142,"1300"
"MS116",0.114014779862314,512,230,282,0.616200447876668,0.0248498131920121,484,202,0.0781450116812242,484,202,"1300"
"MS132",0.156744385922951,576,298,278,0.61777757553533,0.0356656237580872,563,285,0.112204611094615,563,285,"1300"
"MS200",0.0787533643240751,463,144,319,0.594590463365877,0.0195208075964658,460,141,0.0614196060808027,460,141,"1300"
"MS211",0.0638975977083532,308,97,211,0.64648192431412,0.0146345990623704,306,95,0.0460411647659403,306,95,"1300"
"MS221",0.135514393915306,343,268,75,0.687791863459696,0.0296675258979812,316,241,0.0932943811626287,316,241,"1300"
"MS224",0.160915089820567,391,306,85,0.684164480495954,0.0415544309175722,397,312,0.130771661227557,397,312,"1300"
"MS225",0.0897798582014327,197,169,28,0.715346303134817,0.0234773271423713,218,190,0.073866362852901,218,190,"1300"
"MS226",0.0843910074180172,460,150,310,0.60100882960396,0.023707463364158,502,192,0.0746065705969937,502,192,"1300"
"MS24A",0.102499066746625,557,199,358,0.496450195199939,0.0214030215933095,526,168,0.0673055717728759,526,168,"1300"
"MS67",0.158329195080646,646,301,345,0.561616029719384,0.0392129278162458,648,303,0.123378118732131,648,303,"1300"
"MS71",0.166268206146527,416,312,104,0.677423870468538,0.0341299882770901,375,271,0.10733043670758,375,271,"1300"
"MS72",0.212799279251445,535,338,197,0.65068961470225,0.0472493773663666,529,332,0.148640718934833,529,332,"1300"
"N192",0.166708431089859,336,314,22,0.724238880013077,0.0349746772768118,301,279,0.110008595796053,301,279,"1300"
"N193",0.111090642612001,449,225,224,0.643090562208835,0.0234858241155972,415,191,0.0738741289706601,415,191,"1300"
"N200",0.104079408014976,415,202,213,0.646143569609197,0.0285579802539573,444,231,0.0898613493662994,444,231,"1300"
"N201",0.0505877691509332,124,68,56,0.700862490580971,0.0134606553772273,138,82,0.0423609536773309,138,82,"1300"
"N209",0.0933791895861073,429,176,253,0.631549859497972,0.0244674061055369,452,199,0.0769993576058245,452,199,"1300"
"N211",0.104891224040789,213,205,8,0.7435048447221,0.0218153210550829,181,173,0.0686023368615053,181,173,"1300"
"N217",0.0845249383522249,161,152,9,0.738832772047105,0.0244316851063453,207,198,0.0768845307223035,207,198,"1300"
"N218",0.186624826605902,614,330,284,0.615774848982679,0.0480145298331814,618,334,0.151101061834588,618,334,"1300"
"N28Ht",0.0614205171395331,209,90,119,0.671787751534851,0.0137453160891932,204,85,0.043241721687603,204,85,"1300"
"N501",0.0530765198997336,299,74,225,0.643055840654464,0.013788001335371,312,87,0.043390956466181,312,87,"1300"
"N523",0.0655805453151838,120,103,17,0.727359844105815,0.0170000665523536,136,119,0.0534902701014415,137,120,"1300"
"N527",0.121888078487963,354,241,113,0.674535363111658,0.0283276170921559,339,226,0.0891220436677529,339,226,"1300"
"N534",0.0666720586350147,129,105,24,0.722306766134616,0.0170590214132507,145,121,0.0536841074806272,145,121,"1300"
"N542",0.10554118419823,369,207,162,0.660347056542618,0.0221726461746333,340,178,0.0697417989548501,340,178,"1300"
"NC250",0.168229825019745,624,321,303,0.605860489757083,0.0354849841588252,585,282,0.111593444737737,585,282,"1300"
"NC262",0.159566248200729,496,303,193,0.652030352224157,0.0379382411288435,487,294,0.119361897391164,487,294,"1300"
"NC294",0.0882077655188987,331,162,169,0.65916459952375,0.0237451826075136,362,193,0.074726437894313,362,193,"1300"
"NC310",0.0317164579967122,223,27,196,0.65089327434265,0.00860438491199823,228,32,0.0270780730654751,228,32,"1300"
"NC326",0.243195380512047,663,346,317,0.59484142381019,0.0618195353168471,666,349,0.194540381370496,666,349,"1300"
"NC328",0.163837475266996,545,308,237,0.637026582472039,0.0427974253265987,557,320,0.134652772512671,557,320,"1300"
"NC342",0.0628927469147038,234,93,141,0.665408719396861,0.0152274876344147,242,101,0.0479100210096184,242,101,"1300"
"NC412",0.151941981586161,524,292,232,0.641592459623246,0.0392014182402643,534,302,0.123366646825548,534,302,"1300"
"ND259",0.244854481660364,685,347,338,0.575563504012564,0.0581026545587863,685,347,0.182788850603083,685,347,"1300"
"ND265",0.253399537752473,600,352,248,0.633548804182267,0.0642634131262505,600,352,0.202227443114884,600,352,"1300"
"NK740",0.256834490033932,579,353,226,0.643006232062051,0.0674549301120396,580,354,0.212281943526189,580,354,"1300"
"NK778",0.181533829221944,531,325,206,0.647385838948296,0.0377453204390283,498,292,0.118715936537723,498,292,"1300"
"NK807",0.0649169554111392,328,99,229,0.642501467013395,0.0182017872325131,358,129,0.0572804493442141,358,129,"1300"
"NKS8326",0.158901425717387,567,302,265,0.626611293164011,0.0413791672070768,576,311,0.130220727149294,576,311,"1300"
"NORTH 7",0.0887053176660036,432,165,267,0.622710097408155,0.0219015052543947,443,176,0.0689098711655696,443,176,"1300"
"NQ508",0.0673438784626265,212,106,106,0.676985187835222,0.0140886664976349,195,89,0.0443070918117865,195,89,"1300"
"NS501",0.0854260277480671,449,157,292,0.612268778575362,0.0218209212113018,467,175,0.0686625597516781,467,175,"1300"
"NS701",0.331189010406684,671,359,312,0.599130774537591,0.0851367567025915,670,358,0.267887868964996,670,358,"1300"
"NY6371",0.0873556132639993,168,161,7,0.751152933513159,0.0223048697967148,188,181,0.0701854998069018,188,181,"1300"
"Ny821",0.074534284504309,274,129,145,0.663853611334668,0.0224390042040623,329,184,0.0706106836032229,329,184,"1300"
"OH33",0.0543582062015272,123,75,48,0.704615378002997,0.0113566613531783,108,60,0.0357202332580678,108,60,"1300"
"Oh40B",0.183493973104722,415,327,88,0.68309968752732,0.0380873138699902,384,296,0.119789461874799,384,296,"1300"
"Oh43",0.123529304549026,509,246,263,0.626842447987728,0.0348823760541878,540,277,0.109773360300029,540,277,"1300"
"Oh7",0.0466651971048543,213,55,158,0.660970223040018,0.0104947299545121,213,55,0.0330159205936349,213,55,"1300"
"OQ403",0.0705281846270976,317,114,203,0.648494010874581,0.0174408195758043,327,124,0.0548708244476385,327,124,"1300"
"OQ603",0.0621400985039647,125,92,33,0.713770101756672,0.013146389552033,111,78,0.0413498531296565,111,78,"1300"
"Os420",0.110721481168606,277,223,54,0.701725660290515,0.0325035528452082,314,260,0.10228513523803,314,260,"1300"
"OS602",0.099889081398392,345,194,151,0.662287148916029,0.0204924682797221,307,156,0.064443904011597,307,156,"1300"
"Pa392",0.134203559361866,517,265,252,0.631559415817565,0.0288775548977338,489,237,0.0908118803469354,489,237,"1300"
"Pa405",0.107279556613249,550,214,336,0.577129458584133,0.027783437931748,555,219,0.0874201153059294,555,219,"1300"
"Pa875",0.0767257183258586,246,137,109,0.67615315324884,0.0221523252286904,286,177,0.0697116139167906,286,177,"1300"
"Pa880",0.0469199976449563,58,57,1,0.793345950283283,0.00969688378585666,44,43,0.0304978125023497,44,43,"1300"
"Pa91",0.0734379448709057,172,125,47,0.705469391370845,0.0173961171056055,170,123,0.0547316800144602,170,123,"1300"
"PH207",0.0418353933011061,137,46,91,0.681361857792715,0.00911783663050332,126,35,0.0286805755417789,126,35,"1300"
"PHB09",0.113304311953927,366,228,138,0.666677505538246,0.0279869681911971,361,223,0.0880501132409541,361,223,"1300"
"PHB47",0.110998534675754,376,224,152,0.662171631086427,0.028431520183681,380,228,0.089462678876397,380,228,"1300"
"PHBA6",0.032316674558909,96,30,66,0.693292697499705,0.00841588639534871,96,30,0.0264848941903204,96,30,"1300"
"PHBB3",0.167548677440785,468,318,150,0.662806111947654,0.0439447708509014,473,323,0.138294994418007,473,323,"1300"
"PHEG9",0.0579874885922187,118,83,35,0.713529173443596,0.0118984225371728,101,66,0.0374176660147576,101,66,"1300"
"PHG29",0.128991212357386,535,254,281,0.616661141432948,0.0327112833436073,543,262,0.102937469848693,543,262,"1300"
"PHG47",0.0492920295682603,423,66,357,0.514279576619763,0.0105495512748692,414,57,0.0331846995053387,414,57,"1300"
"PHG71",0.089232773507288,178,166,12,0.734043655606629,0.0227742872157062,198,186,0.071669483070255,199,187,"1300"
"PHG80",0.0926214110921705,367,175,192,0.652575961867243,0.0240957312484308,389,197,0.0758158109579328,389,197,"1300"
"PHG83",0.0771060036569785,386,139,247,0.634059518183154,0.0161122499008822,357,110,0.0506780937224575,357,110,"1300"
"PHG86",0.246081357661403,390,350,40,0.709248284281266,0.0637392059528351,391,351,0.200587496572265,391,351,"1300"
"PHH93",0.20733209988129,674,337,337,0.576242727158674,0.0528938638978236,677,340,0.166454043601983,677,340,"1300"
"PHHH9",0.0322925148152868,215,29,186,0.654259968166586,0.0097567846592443,232,46,0.0307030008332574,232,46,"1300"
"PHHV4",0.12021941012996,495,236,259,0.629921269373325,0.0278813987760663,480,221,0.0877111989047826,480,221,"1300"
"PHJ70",0.245670168311785,691,348,343,0.564530813516914,0.0552552579972701,684,341,0.173830440798725,684,341,"1300"
"PHJ89",0.139669647588015,606,275,331,0.580738005497245,0.0305748194793163,579,248,0.0961817495549391,579,248,"1300"
"PHJ90",0.0396998077917034,192,43,149,0.66297974176843,0.00833332804697871,177,28,0.0262105955858824,177,28,"1300"
"PHJR5",0.0479230337021935,137,60,77,0.687039461341554,0.0101980851970908,127,50,0.0320768971826663,127,50,"1300"
"PHK35",0.0708063554802665,302,115,187,0.653764094693498,0.0199579727477824,338,151,0.0628069513353512,338,151,"1300"
"PHK42",0.0735211938382217,247,126,121,0.670639273136764,0.0176247113915734,248,127,0.0554517158235462,248,127,"1300"
"PHK56",0.0280021479074319,243,16,227,0.642960794556444,0.00711211694004004,246,19,0.0223799968791195,246,19,"1300"
"PHK74",0.0561731842232939,162,80,82,0.685243364808402,0.0148339916451967,179,97,0.0466828775891219,179,97,"1300"
"PHKE6",0.0426348910755411,262,48,214,0.645769359087376,0.0115108269329356,276,62,0.0362247169406824,276,62,"1300"
"PHM10",0.0358514614451521,276,36,240,0.636254235283703,0.00735255443218007,262,22,0.0231237923449653,262,22,"1300"
"PHN11",0.0806965899715401,391,146,245,0.634776377007825,0.0206745907885239,404,159,0.0650546501351154,404,159,"1300"
"PHN29",0.0471151126527035,90,58,32,0.714468973722035,0.0097018827301896,76,44,0.0305097965144722,76,44,"1300"
"PHN66",0.0756922584176525,182,133,49,0.704122328147108,0.0215040552628835,219,170,0.0676666802463825,219,170,"1300"
"PHN82",0.109187619325543,427,217,210,0.64652617209293,0.0279098575136966,432,222,0.0878219727618252,432,222,"1300"
"PHP02",0.111811262858814,442,226,216,0.644763869895426,0.0314557839182215,467,251,0.0989811747459031,467,251,"1300"
"PHP55",0.141421583401583,444,276,168,0.659239147235196,0.035944002793014,454,286,0.113112393954752,454,286,"1300"
"PHP76",0.100471821971108,287,198,89,0.682265722242145,0.0240936388804529,285,196,0.0757987045787851,285,196,"1300"
"PHP85",0.0398980964453049,346,44,302,0.605888295378255,0.0105344240469966,358,56,0.0331446907169643,358,56,"1300"
"PHPR5",0.085302757789289,302,156,146,0.663791568297433,0.0211477774777915,311,165,0.0665386603744861,311,165,"1300"
"PHR03",0.1659715235688,638,311,327,0.586519198964062,0.0466971716048927,658,331,0.146954282319344,658,331,"1300"
"PHR30",0.106762257848919,396,213,183,0.655174948718418,0.022607453158067,368,185,0.0711082714374345,368,185,"1300"
"PHR31",0.106059869817682,266,209,57,0.698749068608834,0.0282834622310572,282,225,0.0889957946601942,282,225,"1300"
"PHR36",0.0765934046680214,444,136,308,0.603219937124475,0.0196483056694206,452,144,0.0618327317043428,452,144,"1300"
"PHR47",0.204502787157895,436,336,100,0.678466959214206,0.047486717735829,433,333,0.149398659221884,433,333,"1300"
"PHR63",0.085098687283545,394,155,239,0.636437565241826,0.0182583452540896,369,130,0.0574305940454794,369,130,"1300"
"PHT10",0.0967639629216373,449,187,262,0.626913228825396,0.0205107310502162,419,157,0.0645017295125147,419,157,"1300"
"PHT47",0.220953451270334,667,344,323,0.591636847065097,0.056574670599649,668,345,0.178010131768091,668,345,"1300"
"PHT55",0.157900113768044,579,300,279,0.617396171064932,0.0333079626205744,544,265,0.104768566367113,544,265,"1300"
"PHTM9",0.215722528503557,601,341,260,0.629055123175824,0.0448841267692467,586,326,0.141170536139788,586,326,"1300"
"PHV37",0.0965719534062896,420,186,234,0.639273619552096,0.0285931309872527,466,232,0.0899757180885944,466,232,"1300"
"PHV57",0.0526537896235993,172,71,101,0.678457177200489,0.0137640086107077,187,86,0.0433070826721973,187,86,"1300"
"PHV63",0.059123300622677,121,87,34,0.713722942950435,0.0151654588583689,134,100,0.0477253182664627,134,100,"1300"
"PHVA9",0.0655308933807797,351,102,249,0.633347503092481,0.0167431218688549,365,116,0.0526898443097332,365,116,"1300"
"PHVJ4",0.167531834312733,501,317,184,0.654938191881012,0.04379970660917,505,321,0.137816593018906,505,321,"1300"
"PHW03",0.0601592229274862,152,88,64,0.69419495395131,0.0152544280827323,166,102,0.0479934157995277,166,102,"1300"
"PHW17",0.0548798208338114,410,77,333,0.579671873193755,0.0124474577133705,403,70,0.0391567715595621,403,70,"1300"
"PHW20",0.133605401347943,563,263,300,0.606639460947487,0.0354993959771773,583,283,0.111717325208537,583,283,"1300"
"PHW30",0.0941251839306735,447,178,269,0.622301118734852,0.0208004135887077,432,163,0.0654349132208359,432,163,"1300"
"PHW43",0.073529198604986,258,127,131,0.668273742350027,0.0192543135938639,270,139,0.0605815066682623,270,139,"1300"
"PHW52",0.145232938185394,476,281,195,0.650928116278429,0.0377806111752894,488,293,0.118895977925522,488,293,"1300"
"PHW53",0.274326465252536,654,355,299,0.607973479755324,0.0704769366103208,654,355,0.221789590828923,654,355,"1300"
"PHW80",0.105882409798533,563,208,355,0.530493527743893,0.0268527963766004,568,213,0.0845002535612969,568,213,"1300"
"PHWG5",0.100263084574567,388,197,191,0.65273646083801,0.0205615062940876,349,158,0.0646659456892811,349,158,"1300"
"PHZ51",0.0902676101684843,324,171,153,0.662040881273502,0.0253399027024183,358,205,0.0797438284915061,358,205,"1300"
"Q381",0.219390386745064,394,343,51,0.70320102871961,0.0601315232251298,399,348,0.189233796521168,399,348,"1300"
"R168",0.106248458805991,388,210,178,0.656365277315279,0.0227901345244904,365,187,0.0716670908366061,364,186,"1300"
"R177",0.233822975008205,686,345,341,0.571532389507991,0.0574004962906888,687,346,0.180601130144371,687,346,"1300"
"R181B",0.0916767072165757,179,173,6,0.761169513455184,0.0237746321910982,200,194,0.0748189011094716,200,194,"1300"
"R226",0.0272607219107592,110,14,96,0.680166273859146,0.00567206873843225,107,11,0.0178383972038598,107,11,"1300"
"R229",0.153282023049359,600,294,306,0.604225020955714,0.0351115945951137,587,281,0.110462820098021,587,281,"1300"
"R71",0.073941373097121,130,128,2,0.778084000609878,0.0189660065659237,137,135,0.059671423129422,137,135,"1300"
"R78",0.0175656388196351,86,5,81,0.685412000833481,0.00364485387265345,86,5,0.0114633611559545,86,5,"1300"
"SD101",0.0207483347232166,47,6,41,0.708681152677034,0.00473762938461747,48,7,0.0149047414934172,48,7,"1300"
"SD102",0.134217432059397,336,266,70,0.690572501030971,0.0391685739189507,371,301,0.123259653996417,371,301,"1300"
"SD107",0.0545575906536377,280,76,204,0.648356892782665,0.011691151774816,267,63,0.0367655710348311,267,63,"1300"
"SD40",0.113747603565809,315,229,86,0.683539825191316,0.0314449065266419,336,250,0.0989567413885582,336,250,"1300"
"SD44",0.1545899895793,421,297,124,0.670286612747174,0.0397548266279613,429,305,0.125087582996069,429,305,"1300"
"SG 30A",0.0692385270528134,338,108,230,0.642408603855971,0.0149936699035189,328,98,0.0471656262919937,328,98,"1300"
"Tr",0.110523565621581,252,221,31,0.714727127292474,0.0314728485934616,283,252,0.0990432997428111,283,252,"1300"
"TZU-CHIAO-HSI-WU 105",0.0857371325439772,200,158,42,0.708316211297587,0.0175851376629198,167,125,0.0553010895147091,167,125,"1300"
"Va26",0.145734233552324,586,282,304,0.605582152949886,0.0369519320907238,595,291,0.11628084859833,595,291,"1300"
"Va35",0.144356010294258,571,280,291,0.612523725817568,0.0384038768699185,590,299,0.120857775981393,590,299,"1300"
"Va52",0.0578581042454671,101,82,19,0.72474022968288,0.0125740910304607,91,72,0.039552160117258,91,72,"1300"
"Va99",0.0511806878643959,239,69,170,0.659007301157219,0.0118784148110005,235,65,0.0373708274024075,235,65,"1300"
"W182E",0.0868990411891789,481,160,321,0.593895033862848,0.0223855011920712,504,183,0.0704367986442584,504,183,"1300"
"W22",0.113151781803011,347,227,120,0.671393151104834,0.0298389327920629,362,242,0.0939037293669351,362,242,"1300"
"W23",0.123162031384077,401,245,156,0.661860459488042,0.0282226149249142,380,224,0.0887898000322052,380,224,"1300"
"W24",0.0793640420103194,247,145,102,0.677861291541291,0.0207460315791458,263,161,0.065288089013818,263,161,"1300"
"W32",0.116495072081337,562,233,329,0.583985321538777,0.0239202638798875,524,195,0.0752297789415749,524,195,"1300"
"W37A",0.147869459917683,633,284,349,0.556300169622853,0.0382332496814531,647,298,0.120320026031692,647,298,"1300"
"W552",0.0716662713950613,472,118,354,0.535684787424738,0.0157495065651696,461,107,0.049544954480454,461,107,"1300"
"W603S",0.0374308428351366,375,40,335,0.577407638000556,0.0104077394615817,388,53,0.0327529508192852,388,53,"1300"
"W604S",0.094378020016009,412,179,233,0.639552891532751,0.0204432016130673,388,155,0.0643042405126507,388,155,"1300"
"W605S",0.0358896215842222,109,37,72,0.689764728665623,0.00922001158363846,109,37,0.0290152013091658,109,37,"1300"
"W607S",0.0780133033901262,422,142,280,0.617084114697332,0.0199794726799899,432,152,0.0628599295501981,432,152,"1300"
"W610S",0.14406818279066,599,279,320,0.594043300083253,0.0412034345416908,630,310,0.129664615041993,630,310,"1300"
"W611S",0.0437039893610255,292,50,242,0.635895862709045,0.012824901884918,316,74,0.0403585763083595,317,75,"1300"
"W612S",0.198531468734063,628,334,294,0.611574564381856,0.0486868096981715,631,337,0.153172911275149,631,337,"1300"
"W614S",0.0775353688733387,348,141,207,0.646885582241978,0.0223012679119385,387,180,0.0701757323117739,387,180,"1300"
"W64A",0.0488083150818374,236,64,172,0.658796409287764,0.0121975603637895,240,68,0.038378306474432,240,68,"1300"
"W701BC",0.0286160486309968,22,19,3,0.775468692697638,0.00737616667589466,26,23,0.0232127371036212,26,23,"1300"
"W803G",0.192917319188446,577,333,244,0.63540486856806,0.0489175075804856,582,338,0.153935614925165,582,338,"1300"
"W809G",0.133450952521416,276,261,15,0.731736158879078,0.0273237705976505,231,216,0.0859323413249089,231,216,"1300"
"W810G",0.0960406889118135,196,183,13,0.733315173307017,0.0196337736774017,156,143,0.0617466516293615,156,143,"1300"
"W811G",0.0551220692280873,366,78,288,0.613488345321391,0.0128275335119823,363,75,0.0403539172829259,362,74,"1300"
"W813G",0.136330373031063,378,270,108,0.676674806472841,0.028526681961057,338,230,0.0897127817412977,338,230,"1300"
"W8304",0.142698347326972,523,277,246,0.63456117147425,0.0365736316191765,535,289,0.115096171084482,535,289,"1300"
"W9",0.134922076293784,576,267,309,0.601790431387013,0.0303391279438055,556,247,0.0954384428555769,556,247,"1300"
"WIL900",0.0292040638356962,367,21,346,0.561366261499002,0.00701729522426054,364,18,0.0220782148552574,364,18,"1300"
"WU-TAN-TZAO",0.0934011548518119,519,177,342,0.565611401586704,0.0198004246451524,488,146,0.062279369134978,488,146,"1300"
"YE 4",0.157753544805667,651,299,352,0.546386796827054,0.0324437908896105,611,259,0.102037299347575,611,259,"1300"
"YING-55",0.100100620757428,266,195,71,0.689797353482207,0.0257203606962343,280,209,0.0809415035564459,280,209,"1300"
"Yu796 NS",0.0499839181354852,178,67,111,0.675310494180593,0.0108210336271536,169,58,0.0340397296253185,169,58,"1300"
"ZS365",0.167921122639447,596,319,277,0.617957434540975,0.0349391634942089,555,278,0.1098903104835,555,278,"1300"
"ZS635",0.0239147350611357,110,11,99,0.678742601546949,0.00597382320406652,111,12,0.0187945343652131,111,12,"1300"
"1538",0.064899028305144,144,73,71,0.707511086558762,0.0180577119378881,184,113,0.0573578380203279,158,87,"1350"
"29MIBZ2",0.0976754650359847,186,155,31,0.728855325479072,0.0266130015354567,235,204,0.0846761901708987,196,165,"1350"
"2FACC",0.102248068883682,188,167,21,0.739123280314971,0.0206863466756486,162,141,0.0806638672179629,170,149,"1350"
"2MA22",0.0659774715171178,368,79,289,0.632636668885694,0.0181026780304629,404,115,0.0631840850492117,391,102,"1350"
"3IJI1",0.188461826021527,554,317,237,0.656742363740898,0.0461192487302154,569,332,0.164671070247374,569,332,"1350"
"4226",0.151356871885115,474,274,200,0.668319083007115,0.0359397344121715,479,279,0.119255088665898,464,264,"1350"
"4N506",0.167697858608576,409,296,113,0.691954308094939,0.0397189234901435,416,303,0.12684262045497,394,281,"1350"
"6M502",0.225330534199125,507,341,166,0.67874336277211,0.0430254137746597,481,315,0.151807358540302,485,319,"1350"
"6M502A",0.224266132760476,491,339,152,0.681199388578155,0.0441972755808647,473,321,0.150930820235822,470,318,"1350"
"764",0.133828623435102,559,239,320,0.616668886854411,0.0287462084558363,551,231,0.10381772112664,551,231,"1350"
"78010",0.108607459136266,498,180,318,0.618264444158153,0.0244292445959748,500,182,0.0847050432848986,484,166,"1350"
"793",0.109950933348609,456,185,271,0.638171957373934,0.0257964040366276,467,196,0.0963723374013821,480,209,"1350"
"87916W",0.102979623298711,237,169,68,0.708931488531622,0.0275006758094661,287,219,0.0880711993921848,248,180,"1350"
"911",0.0901054073343978,371,139,232,0.658243690538819,0.0220436335195112,388,156,0.0780266434417348,373,141,"1350"
"912",0.158619921081298,617,280,337,0.601098711092516,0.044990302214388,663,326,0.143076024041697,643,306,"1350"
"91IFC2",0.0757631724672666,285,98,187,0.670871812437944,0.0215613069050977,337,150,0.0708524475920205,314,127,"1350"
"A",0.0250329905059323,160,10,150,0.681507355300749,0.0058403415788094,160,10,0.0207605996052732,158,8,"1350"
"A208",0.11770545682087,510,202,308,0.623758043510142,0.025230671241748,497,189,0.104330468086762,542,234,"1350"
"A239",0.0656711929229593,145,78,67,0.709566047902645,0.0150229654883975,150,83,0.0539593228346974,141,74,"1350"
"A272",0.00220952329296735,180,1,179,0.673156749406473,0.000516254953949435,180,1,0.00197141544395982,180,1,"1350"
"A305",0.118850443895545,522,203,319,0.616930092435453,0.0272594125550243,534,215,0.0921856548615497,513,194,"1350"
"A322",0.0519888794707482,316,49,267,0.641098174000004,0.0138302319747013,334,67,0.0445936344928329,313,46,"1350"
"A334",0.087669960682916,423,131,292,0.630570837672187,0.0236999852817891,461,169,0.0813905973896921,444,152,"1350"
"A340",0.10850852402534,190,178,12,0.748364398179692,0.0303587683839497,257,245,0.107778127784741,251,239,"1350"
"A374",0.142212742380459,320,257,63,0.711838795229324,0.0269725390394318,273,210,0.10688167975001,301,238,"1350"
"A385",0.131281528042429,519,233,286,0.633731391111882,0.0318455183554612,541,255,0.128446774100275,570,284,"1350"
"A401",0.094953952099211,208,150,58,0.715027692500985,0.0255252399994763,250,192,0.0870089316762705,235,177,"1350"
"A427",0.127322746803016,346,223,123,0.689331342073181,0.0270484754568341,335,212,0.0928731532389334,319,196,"1350"
"A548",0.110465192348449,466,186,280,0.635573676062232,0.0240291353139453,453,173,0.0958918951544447,487,207,"1350"
"A572",0.0324539894432225,278,18,260,0.645070389973554,0.00773465440262954,279,19,0.0287737827177461,279,19,"1350"
"A619",0.0956283736561354,464,152,312,0.621415762363232,0.025877832465353,509,197,0.0824827328159856,469,157,"1350"
"A627",0.0984075849656773,505,158,347,0.583635658186314,0.0268181678700606,555,208,0.0853253910470309,515,168,"1350"
"A632",0.179313237924635,339,307,32,0.728529853019269,0.040538132299911,339,307,0.140740033642309,328,296,"1350"
"A635",0.140309372093278,440,254,186,0.671477917347269,0.0327130336052867,446,260,0.12505951425848,464,278,"1350"
"A641",0.125810700891044,558,219,339,0.598523525088554,0.0342819169299118,609,270,0.109074882372803,580,241,"1350"
"A648",0.215085205025074,567,333,234,0.657656268904949,0.0483383527108514,571,337,0.181816104018659,574,340,"1350"
"A663",0.102173856764942,269,166,103,0.69413912043722,0.0165769105887547,202,99,0.0687184968925176,226,123,"1350"
"A672",0.181703625895225,531,309,222,0.661831411948487,0.0331951448143046,487,265,0.131019874166665,509,287,"1350"
"A674",0.0248727794259837,131,9,122,0.689429006219193,0.00583388548027993,131,9,0.0222340189533445,132,10,"1350"
"A679",0.135456225202525,440,245,195,0.669453362019647,0.0307264599793099,443,248,0.114907860500151,449,254,"1350"
"A680",0.0702395522668041,224,88,136,0.685620303194913,0.0191978847109817,263,127,0.0639112909153997,241,105,"1350"
"A682",0.132353150333102,336,235,101,0.695028854170346,0.0293621426575135,339,238,0.110344871291734,346,245,"1350"
"A71",0.0380632115866731,91,22,69,0.708563252894716,0.00852146390102611,91,22,0.0352487756961206,96,27,"1350"
"A73",0.0771948628961477,310,104,206,0.666716094813061,0.0191258020773628,332,126,0.0634718672662131,309,103,"1350"
"A797NW",0.0844904566547008,269,127,142,0.684388277623798,0.0224426312452955,300,158,0.0748322584049003,279,137,"1350"
"AQA3",0.087463313078264,355,129,226,0.660196730810151,0.0182411354169176,343,117,0.0721172031093324,356,130,"1350"
"AS6103",0.201913710482079,549,325,224,0.661406840283598,0.0397278528394627,528,304,0.148596127243859,539,315,"1350"
"AusTRCF 306238",0.0607671634623949,399,66,333,0.604882499104377,0.0117003667488885,378,45,0.044204773839615,378,45,"1350"
"B-18 INBR.FR.SUPERGOLD",0.124076440284114,390,214,176,0.674033819297436,0.0216883888716575,328,152,0.0890282201053732,358,182,"1350"
"B-28",0.137994216101394,296,247,49,0.72048259608111,0.0365648795168364,331,282,0.120896190467949,316,267,"1350"
"B103",0.0878453059977612,237,132,105,0.693840787391797,0.0147528674950833,186,81,0.0587649246129456,196,91,"1350"
"B104",0.131056365632009,379,231,148,0.682322555020243,0.022886351132113,308,160,0.0942760279074007,348,200,"1350"
"B105",0.0807780172982175,267,113,154,0.680324449916291,0.0240922153262165,329,175,0.0772900750414052,293,139,"1350"
"B108",0.0294775063760579,145,14,131,0.687714865842665,0.00639932269262246,144,13,0.0239946600611912,146,15,"1350"
"B109",0.26422327380031,651,354,297,0.628088020062537,0.0699484542238347,654,357,0.228915749539291,652,355,"1350"
"B110",0.115958831903975,238,196,42,0.72369625660466,0.0241592857996569,219,177,0.0994462326504116,262,220,"1350"
"B111",0.074620807215238,167,95,72,0.706211587047184,0.0144447493680251,147,75,0.0566919200613587,157,85,"1350"
"B115",0.117147378657077,297,201,96,0.696719236228138,0.0209168380156949,239,143,0.085592983634732,265,169,"1350"
"B119",0.0893118904494195,262,135,127,0.688679655096504,0.0256335472437946,322,195,0.0816411774293182,281,154,"1350"
"B120",0.168184105785579,418,297,121,0.689470893552437,0.0389060808947371,418,297,0.140325758412215,416,295,"1350"
"B121",0.111318124999098,384,188,196,0.668932916473307,0.0273137936914651,412,216,0.0920732081385423,388,192,"1350"
"B14A",0.196692706205379,382,323,59,0.713925002470428,0.0434688736916396,377,318,0.172257033919582,396,337,"1350"
"B164",0.124761008962328,229,215,14,0.746585736524194,0.0382677590650839,305,291,0.12358063040233,287,273,"1350"
"B2",0.0914307676062937,232,142,90,0.698365346746184,0.015958602731768,181,91,0.0654043366141446,202,112,"1350"
"B37",0.143116385891443,473,259,214,0.663331047148548,0.0295963529941588,454,240,0.116043012793072,471,257,"1350"
"B47",0.0799785077737874,408,110,298,0.627609706909687,0.0178000147682365,408,110,0.0675287074089443,419,121,"1350"
"B57",0.0394403522346769,272,24,248,0.6534305346181,0.00844160982810908,269,21,0.0348866578628659,274,26,"1350"
"B66",0.149321950877323,540,268,272,0.637848440736716,0.0278526703576467,493,221,0.112104477493775,524,252,"1350"
"B68",0.115312743893532,251,195,56,0.716458145439349,0.0190232297878882,181,125,0.0783664506017027,200,144,"1350"
"B73",0.176330793644006,460,303,157,0.680020656287429,0.0437111093661622,477,320,0.142303196286645,459,302,"1350"
"B75",0.212534097508201,681,331,350,0.575332664301771,0.0587820756392274,701,351,0.194877789828779,696,346,"1350"
"B76",0.237643678970481,362,347,15,0.745205905758976,0.0412813446778721,325,310,0.16008322189252,341,326,"1350"
"B77",0.0437636727719468,111,34,77,0.704508545902908,0.00860458627551781,100,23,0.0355145400494394,105,28,"1350"
"B79",0.101324891657911,330,163,167,0.67830820528017,0.0158510159049677,257,90,0.06568860307209,283,116,"1350"
"B87",0.00903747160239529,109,2,107,0.693644172163067,0.00250198370634054,109,2,0.0088051106498975,109,2,"1350"
"B88",0.0674849407593532,319,83,236,0.656750333051969,0.0151293713637548,320,84,0.0625718249619128,336,100,"1350"
"B91",0.0830970937173836,153,120,33,0.72838130564007,0.0188028830721754,154,121,0.0661603967312079,152,119,"1350"
"B97",0.0849825138091374,277,128,149,0.681602270948864,0.0180818632915076,263,114,0.0742094276882502,285,136,"1350"
"BEI 10 = NORTH 10",0.0650110034223716,331,74,257,0.646860532998337,0.0114337241297188,298,41,0.0472383184383339,315,58,"1350"
"BO9",0.127381944453853,457,224,233,0.657839959479139,0.0288257271935823,465,232,0.0971368981469111,445,212,"1350"
"CA-4",0.0431204913901066,95,33,62,0.711876035016323,0.0117154037415555,108,46,0.038255358812218,96,34,"1350"
"CG102",0.0536198705329793,175,51,124,0.689326548232447,0.0129423417752599,182,58,0.0457062434981775,175,51,"1350"
"CH701-30",0.0560632910868809,211,55,156,0.680133585886132,0.0126781404251195,210,54,0.0486872091775802,218,62,"1350"
"CH711-10",0.210914880334906,676,330,346,0.587542590925694,0.0467270571310965,680,334,0.175770740437582,684,338,"1350"
"CH753-4",0.224568475961964,610,340,270,0.638221690241564,0.0477023988692665,605,335,0.197667679342352,618,348,"1350"
"CH9",0.0577151791269592,302,60,242,0.655043649312429,0.0104878697612805,277,35,0.0422559948499351,283,41,"1350"
"CI 40H",0.049945133527457,62,42,20,0.740363310876855,0.0132531609017888,80,60,0.0440601246468283,63,43,"1350"
"CR 22 INBRED",0.0896354658010138,265,136,129,0.688563498057593,0.021973840614126,283,154,0.0764540307447174,267,138,"1350"
"DE2",0.050019576288009,317,43,274,0.63734301772612,0.013515796611166,337,63,0.0463899549804214,329,55,"1350"
"DE3",0.17205535878414,661,301,360,0.433756610410599,0.0460375491338344,691,331,0.147570448300487,672,312,"1350"
"DE4",0.140670480444664,533,255,278,0.636603123280473,0.0309337649118031,529,251,0.128157717093081,561,283,"1350"
"DE811",0.113520606321886,336,191,145,0.684023637757994,0.0285188355623661,374,229,0.0944091221161711,346,201,"1350"
"DJ7",0.172874912872632,500,302,198,0.668738456093614,0.0427124380854019,511,313,0.138457539547934,490,292,"1350"
"DK3IIH6",0.0308732500258646,134,16,118,0.690702617642707,0.00573466203971562,126,8,0.0237573392320353,132,14,"1350"
"DK4676A",0.0645954007932102,293,72,221,0.661997233225033,0.0133598543736041,283,62,0.0485895643734541,282,61,"1350"
"DK78002A",0.0803788050905923,138,112,26,0.730206287890546,0.0139648568487473,95,69,0.0569665567453551,112,86,"1350"
"DK78010",0.0429239224553068,109,31,78,0.703686286251352,0.0104228618698418,112,34,0.0420617415254689,118,40,"1350"
"DK78371A",0.0711723782204492,243,92,151,0.681437165048124,0.016064428514638,244,93,0.0605398261810808,246,95,"1350"
"DKFAPW",0.109246200624806,316,181,135,0.686769328884355,0.0289206714906958,369,234,0.0946748309237764,339,204,"1350"
"DKFBHJ",0.0837022572957338,145,122,23,0.733571224342298,0.0176693895635754,131,108,0.071666151789013,151,128,"1350"
"DKMBNA",0.171955215169757,573,300,273,0.637655427494112,0.029780588853699,515,242,0.1220811208888,541,268,"1350"
"DKPB80",0.082930510607522,309,119,190,0.669948357075843,0.0243212346567528,370,180,0.0781107936883481,332,142,"1350"
"E8501",0.219842199429389,679,337,342,0.594622051542211,0.0417856664686185,653,311,0.158068524743246,666,324,"1350"
"EAST 028",0.12275583300132,294,212,82,0.703108932619136,0.029309256321023,319,237,0.10033290394328,307,225,"1350"
"F118",0.143626422251333,278,260,18,0.744902005697977,0.0263214028726481,220,202,0.109170732380586,260,242,"1350"
"F2834T",0.0538501117877321,226,52,174,0.676559195423608,0.0126040817041358,226,52,0.0474171926873347,233,59,"1350"
"FBLA",0.103058255500784,255,170,85,0.701841037426696,0.0233847437725864,250,165,0.0836757866889476,247,162,"1350"
"FR19",0.4771401308421,719,360,359,0.453055059322445,0.102294230827775,719,360,0.423017271154001,719,360,"1350"
"H105W",0.0899772793446918,310,138,172,0.677342850241095,0.0213341564467006,318,146,0.0808695726745239,322,150,"1350"
"H110",0.109590965890101,263,184,79,0.70348089256168,0.0255856875893858,273,194,0.0978464087143613,293,214,"1350"
"H113",0.0230866448006458,248,7,241,0.655146966904653,0.00407812533981652,247,6,0.0165557699943762,247,6,"1350"
"H121",0.0815785767948059,409,115,294,0.629593553538119,0.0135725469699289,358,64,0.0539649311231843,369,75,"1350"
"H122w",0.0396123211463897,356,25,331,0.607191272035087,0.00894091096617289,356,25,0.0369455739380966,360,29,"1350"
"H5",0.0600859439320861,292,64,228,0.658756465969566,0.0140395389409463,299,71,0.053213758572572,299,71,"1350"
"H71",0.0555844629634297,104,54,50,0.719815154086768,0.00916881296707964,76,26,0.0380321239272659,82,32,"1350"
"H84",0.114089840182361,362,193,169,0.678285799067031,0.0241337462613005,345,176,0.0911749315757721,357,188,"1350"
"H91",0.0458397758715264,201,37,164,0.678857238230315,0.00995745255530551,194,30,0.0384878978317782,199,35,"1350"
"H95",0.202876514702248,487,326,161,0.679491033447697,0.0459142976737784,491,330,0.162329325334195,489,328,"1350"
"H96",0.187544667300025,357,316,41,0.725037990867864,0.0341471198319388,310,269,0.141539232533489,340,299,"1350"
"H99",0.0592732291572497,166,62,104,0.693967694512618,0.0126705756207525,157,53,0.0523320759584336,169,65,"1350"
"HP301",0.107461492592973,213,175,38,0.726716959412978,0.0284743320584571,266,228,0.0941433233845123,237,199,"1350"
"HUOBAI",0.193283615335567,646,319,327,0.611105001265329,0.0541043788935427,672,345,0.192153879174006,672,345,"1350"
"Hy",0.13467570544093,294,242,52,0.718053751172703,0.0375980640969724,340,288,0.119433044287999,317,265,"1350"
"I29",0.158640767941552,379,281,98,0.696478923900414,0.0391726184286458,399,301,0.127725218987231,380,282,"1350"
"Ia 453",0.153798041935062,282,276,6,0.778266056618572,0.0343125498007302,277,271,0.125273463708244,285,279,"1350"
"IA2132",0.0514948567289877,51,47,4,0.78540813921015,0.0120160250377741,53,49,0.0459164765779544,57,53,"1350"
"IBB15",0.0778356365908148,143,106,37,0.726843289112556,0.0214912741635805,186,149,0.0682737315696144,159,122,"1350"
"IBC2",0.109389198070606,307,182,125,0.689228817203335,0.027854615160766,347,222,0.102314285054703,353,228,"1350"
"ICI 193",0.116604997115635,208,200,8,0.751000931023677,0.0318592398754925,264,256,0.103926647407958,240,232,"1350"
"ICI 740",0.0564206747758106,309,56,253,0.651549259821939,0.0121300725766848,304,51,0.0453950747171179,302,49,"1350"
"ICI 893",0.114043323668458,448,192,256,0.647694438329264,0.0278080810199156,476,220,0.113311791045288,509,253,"1350"
"ICI 986",0.132880658973491,336,236,100,0.696073484365429,0.0233959734445172,266,166,0.0966375464583654,311,211,"1350"
"IDS28",0.140097084383734,316,252,64,0.711150118801667,0.0236656530232523,232,168,0.0976186405476529,277,213,"1350"
"IDS69",0.142315598239437,541,258,283,0.63406277912131,0.0273518232291492,500,217,0.0955073121662633,489,206,"1350"
"IDS91",0.037886733160273,280,21,259,0.646017849560276,0.00887189889431285,283,24,0.0333242114777903,281,22,"1350"
"INB 101LFY/LFY (A632 X M16 S5)",0.303859260031747,661,357,304,0.624766552920875,0.0653202750616028,659,355,0.214993861507236,657,353,"1350"
"INBRED 141",0.133467145330088,283,238,45,0.722242662250286,0.031324640029726,297,252,0.116923264123734,306,261,"1350"
"INBRED 2-687",0.107382909817378,284,174,110,0.692933333707559,0.0217044453802516,263,153,0.0874272072470951,288,178,"1350"
"INBRED 305",0.127840198600977,576,225,351,0.575102575092038,0.031463958218036,604,253,0.103571828058661,581,230,"1350"
"INBRED 321",0.163385866498087,485,286,199,0.668441738905358,0.0432805312894677,516,317,0.140925145273571,496,297,"1350"
"K150",0.119728367408771,267,207,60,0.713110887120628,0.0212783026708043,205,145,0.0800804894469768,208,148,"1350"
"K41",0.152623221860667,448,275,173,0.676798279938178,0.0397664655016062,478,305,0.143854463471827,480,307,"1350"
"K47",0.0842949815833094,246,126,120,0.689915250375876,0.0183590776957537,239,119,0.0731932411297952,252,132,"1350"
"KUNG-70",0.091316328884242,446,141,305,0.624419821170663,0.0208672517194483,447,142,0.086071007199274,476,171,"1350"
"L 127",0.218923632899345,585,336,249,0.653256614339919,0.0394777185837628,551,302,0.146490769987336,559,310,"1350"
"L 289",0.0462405882569329,247,39,208,0.664810496774433,0.0105897821877555,244,36,0.0382161861403002,241,33,"1350"
"LH1",0.0451159698261755,364,36,328,0.608806710416816,0.0110792759683022,366,38,0.0449369193273696,375,47,"1350"
"LH119",0.0405422993446885,296,27,269,0.640221515607438,0.0117770514893153,316,47,0.037582289611808,299,30,"1350"
"LH128",0.0440709929446293,154,35,119,0.68992994102681,0.0103480652085344,152,33,0.0394166143196691,156,37,"1350"
"LH143 (Maintainer)",0.129891094599467,335,229,106,0.693731880554616,0.0271066064979273,320,214,0.0920792164469219,299,193,"1350"
"LH146Ht",0.112833256836383,265,190,75,0.704979137388822,0.0188803274108786,198,123,0.0782553923902102,218,143,"1350"
"LH149",0.092394389284562,306,144,162,0.679389768077577,0.0199230509708762,295,133,0.0655722133476356,277,115,"1350"
"LH165",0.0676912895995553,408,84,324,0.611850787347928,0.0158047761273572,412,88,0.0606609983362647,420,96,"1350"
"LH166",0.0967981038334152,414,153,261,0.644119535850932,0.0185537811196154,381,120,0.0735664328131676,394,133,"1350"
"LH181",0.164815050432888,593,290,303,0.624918154279727,0.0361166760270589,583,280,0.142217782418555,603,300,"1350"
"LH184",0.134217615638006,453,241,212,0.663486057969062,0.0259725517757276,411,199,0.0899116137991483,398,186,"1350"
"LH190",0.170452358919019,524,299,225,0.661034778808531,0.0330631991268409,489,264,0.116232742343256,483,258,"1350"
"LH192",0.26703543082197,620,355,265,0.641959608794576,0.0768031595905893,623,358,0.244689428480544,623,358,"1350"
"LH194",0.222366362102697,659,338,321,0.614160029950647,0.0462037608683627,654,333,0.152665614652941,641,320,"1350"
"LH195",0.076020437878917,271,101,170,0.677680448710822,0.0148296387389448,252,82,0.0582047825707449,260,90,"1350"
"LH197",0.227387208265702,416,342,74,0.705013323577289,0.0540068662897446,418,344,0.197334869721657,421,347,"1350"
"LH198",0.127251186922075,252,222,30,0.729127241798802,0.0298544729032144,273,243,0.111541088066661,280,250,"1350"
"LH202",0.0685010401839639,290,86,204,0.667096055464169,0.0115927225726944,248,44,0.0480432754880048,264,60,"1350"
"LH204",0.262135683891967,670,353,317,0.619124211806772,0.0685327051261983,673,356,0.232477422911724,673,356,"1350"
"LH205",0.138554281023381,590,249,341,0.596460496380358,0.0296700209125782,582,241,0.116729501820199,601,260,"1350"
"LH206",0.0782028030387959,351,108,243,0.654922204956295,0.0183235774927875,361,118,0.0647611805671476,352,109,"1350"
"LH208",0.0840847169364798,237,125,112,0.692159924430277,0.0146759613524115,191,79,0.0562038045364803,195,83,"1350"
"LH209",0.0838098363734481,302,124,178,0.67334939971958,0.0178788018236592,290,112,0.0737409935313467,313,135,"1350"
"LH214",0.0827465916711393,412,117,295,0.629288594767073,0.0146395348389121,372,77,0.0606749048662206,392,97,"1350"
"LH215",0.261651236243214,652,352,300,0.626547021946514,0.0549407008625325,648,348,0.213039196495532,652,352,"1350"
"LH222",0.164400054117812,472,288,184,0.671963304062072,0.0391243161156955,484,300,0.142565543382721,488,304,"1350"
"LH223",0.0574809719890153,99,59,40,0.725979287588455,0.0140260357125492,110,70,0.0524567788007164,106,66,"1350"
"LH224",0.130426781272278,419,230,189,0.670456407819457,0.0349647547631656,464,275,0.111930919906623,440,251,"1350"
"LH295",0.101485517590696,476,165,311,0.621617650637928,0.0200721524828536,447,136,0.0831293748973255,469,158,"1350"
"LH60",0.0150480044223375,160,5,155,0.680295216927582,0.00351903979585172,160,5,0.0136426308638308,160,5,"1350"
"LH74",0.0105593501640806,222,3,219,0.662597437159597,0.00318652040634641,223,4,0.0102500361640545,222,3,"1350"
"LH82",0.144358099371954,361,262,99,0.696268863094057,0.0327556323710549,360,261,0.124713634777839,375,276,"1350"
"LH93",0.161430443669391,640,284,356,0.542838604433119,0.0456112467757564,684,328,0.150195292443068,672,316,"1350"
"LIBC 4",0.102343930608655,233,168,65,0.71079611484817,0.0286102547878201,295,230,0.0945193455634771,268,203,"1350"
"LP1 NR HT",0.0977508624386702,210,156,54,0.717208785039069,0.0165565227160477,152,98,0.0660110281588813,172,118,"1350"
"LP5",0.109455187731617,394,183,211,0.664069856741235,0.0243244696755514,392,181,0.0925456172353231,406,195,"1350"
"M14",0.14509802242749,452,264,188,0.670513970171012,0.0280171116726844,412,224,0.109756706879652,431,243,"1350"
"MBPM",0.0879872995512823,261,133,128,0.688619728955876,0.0228683027841043,287,159,0.0736617607169804,262,134,"1350"
"MBWZ",0.143843039040596,441,261,180,0.672962936417705,0.0358992328642995,458,278,0.116528050318719,439,259,"1350"
"MM501D",0.0321383326951671,370,17,353,0.574322495231831,0.00748565712384247,371,18,0.0263687032588583,369,16,"1350"
"Mo17",0.0948798480859714,369,149,220,0.662391319658379,0.0202631530423779,358,138,0.0836450870758651,381,161,"1350"
"Mo1W",0.150664438803984,426,273,153,0.681041872776386,0.0354153374250067,430,277,0.145362359974811,462,309,"1350"
"Mo46",0.201094051695077,601,324,277,0.636624593867526,0.0353884295698591,553,276,0.142965410002547,582,305,"1350"
"Mo47",0.0580088757665199,158,61,97,0.696634144570959,0.0147527022494853,177,80,0.0542161503717654,175,78,"1350"
"Mo5",0.168924860626984,351,298,53,0.717309678434779,0.0279278436867103,276,223,0.115588780026053,309,256,"1350"
"MQ305",0.114452727966648,526,194,332,0.606287054470869,0.0234225644314504,499,167,0.0932718680753534,529,197,"1350"
"MS116",0.0999168744825523,453,160,293,0.62967550709403,0.0245270413151583,477,184,0.0994642639526818,514,221,"1350"
"MS132",0.182630573994651,599,311,288,0.633016922211652,0.0367516276323945,571,283,0.130524857528615,574,286,"1350"
"MS200",0.0671443867786321,403,81,322,0.613358439567552,0.0162743348771018,418,96,0.0580941438877225,411,89,"1350"
"MS211",0.108210762557638,383,176,207,0.665978931764392,0.023358125448268,371,164,0.0881606730409186,388,181,"1350"
"MS221",0.150547127129407,352,272,80,0.703260893574572,0.0329453917050574,343,263,0.136516295142808,371,291,"1350"
"MS224",0.167235147577844,367,294,73,0.705653945049603,0.0389800465514811,372,299,0.126245428539521,353,280,"1350"
"MS225",0.0759555753477106,123,99,24,0.732390119438717,0.0181151932520374,140,116,0.0599149775318209,117,93,"1350"
"MS226",0.121398568441916,505,209,296,0.628928980640828,0.0240751006117529,470,174,0.0891500181154273,479,183,"1350"
"MS24A",0.106672455102353,531,173,358,0.511235102211305,0.0200538466417788,493,135,0.0817240629717215,513,155,"1350"
"MS67",0.106396365728569,520,172,348,0.5832057997818,0.0288907192116967,581,233,0.096413958834418,558,210,"1350"
"MS71",0.166880092856356,427,293,134,0.68692427132357,0.0339586284065268,402,268,0.140317220760107,428,294,"1350"
"MS72",0.215536411679916,551,335,216,0.66321445361401,0.0537493346200747,559,343,0.187445004010157,558,342,"1350"
"N192",0.208609025153749,372,328,44,0.722371130578671,0.037317079708663,331,287,0.142360317135505,347,303,"1350"
"N193",0.0837082218710088,338,123,215,0.663244111952607,0.0194232130019649,345,130,0.067323803585183,335,120,"1350"
"N200",0.0972974376021822,337,154,183,0.672216946191377,0.0283149220202774,409,226,0.0903862146299737,370,187,"1350"
"N201",0.0573373757947906,114,57,57,0.715073292502498,0.0165988967353074,158,101,0.0529382258887859,126,69,"1350"
"N209",0.0876315623858636,377,130,247,0.653798251356056,0.0266960119994264,454,207,0.0863693214178841,420,173,"1350"
"N211",0.0990955229101425,170,159,11,0.748614148832264,0.0212662915747584,155,144,0.0879696528231866,190,179,"1350"
"N217",0.021231287480565,19,6,13,0.747097219720257,0.00502567729480435,20,7,0.0184555650479713,20,7,"1350"
"N218",0.18089549450471,572,308,264,0.642696571756086,0.0480969474826187,600,336,0.15520105110222,586,322,"1350"
"N28Ht",0.0750051751156388,227,97,130,0.688503805009834,0.0161083264953304,224,94,0.0613290878404659,229,99,"1350"
"N501",0.0500549605897845,288,44,244,0.654455541127391,0.0143364562048195,318,74,0.0470275831935644,300,56,"1350"
"N523",0.0816695714429947,132,116,16,0.744926366666493,0.0220387034726325,171,155,0.0703166707157999,142,126,"1350"
"N527",0.126150868514977,334,220,114,0.691908748066079,0.0254286949000045,304,190,0.0895687292573549,299,185,"1350"
"N534",0.0668895466168908,99,80,19,0.741833664501318,0.0178216304650945,130,111,0.0598492066780948,111,92,"1350"
"N542",0.155054398035478,418,278,140,0.684792709524463,0.0337616102207397,407,267,0.129073715174043,425,285,"1350"
"NC250",0.330934239378725,669,359,310,0.621687542411864,0.0583288730571294,660,350,0.239974086790255,667,357,"1350"
"NC262",0.149012914763443,438,267,171,0.677600715146284,0.0384848613321938,464,293,0.131365154113751,459,288,"1350"
"NC294",0.118908673833874,397,204,193,0.669583203873814,0.0230631809998193,354,161,0.0862973260260099,365,172,"1350"
"NC310",0.079612365715867,349,109,240,0.656098954933643,0.0166531443232109,342,102,0.0639622776898895,346,106,"1350"
"NC326",0.186657970347516,640,314,326,0.611607482741873,0.0495015362791842,666,340,0.164242787733335,657,331,"1350"
"NC328",0.22969762382435,588,343,245,0.6542856370918,0.0446768235319232,569,324,0.161666836422353,572,327,"1350"
"NC342",0.0944101169217865,264,148,116,0.691033874193652,0.025131866183683,304,188,0.0845483566542311,280,164,"1350"
"NC412",0.147303653116121,483,266,217,0.663130834927916,0.0383229663599724,509,292,0.122881401546855,487,270,"1350"
"ND259",0.24337651504429,685,349,336,0.601135218546498,0.0524925807656801,677,341,0.201885557368077,685,349,"1350"
"ND265",0.186759601291337,554,315,239,0.656184851302226,0.0489154032335064,577,338,0.170309528382619,573,334,"1350"
"NK740",0.237057834762985,546,345,201,0.668095445889788,0.0652494336424208,555,354,0.207325814546012,552,351,"1350"
"NK778",0.196647729783012,532,322,210,0.664186235682269,0.0426659565390247,522,312,0.167999724200648,543,333,"1350"
"NK807",0.0630692527790909,292,69,223,0.661666603702877,0.0165988085499137,323,100,0.0561281345619471,305,82,"1350"
"NKS8326",0.159239778867668,520,282,238,0.656672960464973,0.0386555901006632,533,295,0.123330640602686,510,272,"1350"
"NORTH 7",0.0746659403898128,354,96,258,0.646214413366678,0.0176098307216599,365,107,0.065065686806321,368,110,"1350"
"NQ508",0.0614996398132785,161,67,94,0.697809868895733,0.0121214440626134,144,50,0.0502038033923553,158,64,"1350"
"NS501",0.0387209772781541,305,23,282,0.634136706177835,0.0102583892108679,314,32,0.0338901521272421,305,23,"1350"
"NS701",0.311015838318788,637,358,279,0.636104358071311,0.0827735528411397,638,359,0.277314788239317,638,359,"1350"
"NY6371",0.10061964334657,168,161,7,0.772187324469118,0.0232798648025789,170,163,0.0794465678874029,153,146,"1350"
"Ny821",0.0831129283019918,268,121,147,0.683036322840488,0.020168380307675,284,137,0.0645535343774142,255,108,"1350"
"OH33",0.0775102904025563,151,105,46,0.72204385749628,0.0163308491459299,143,97,0.0627300497763842,147,101,"1350"
"Oh40B",0.123852437913338,304,213,91,0.698336817896266,0.0213344155363982,238,147,0.082079014276224,247,156,"1350"
"Oh43",0.204109543436017,593,327,266,0.641216962325284,0.044323393457275,588,322,0.147745499488393,579,313,"1350"
"Oh7",0.0134303906274845,119,4,115,0.691632175274687,0.0030187055773704,118,3,0.0117795046549443,119,4,"1350"
"OQ403",0.120753771443194,421,208,213,0.663346556433115,0.0266514116155004,418,205,0.0953600043759475,418,205,"1350"
"OQ603",0.052355797927291,101,50,51,0.719338753494474,0.0111544776321544,90,39,0.0459436081422949,105,54,"1350"
"Os420",0.159805684194212,330,283,47,0.721675392879098,0.03456292799131,320,273,0.118526773566752,310,263,"1350"
"OS602",0.186389604099308,446,313,133,0.687103383439563,0.0324706620329476,390,257,0.131515970101642,422,289,"1350"
"Pa392",0.116223418580862,450,198,252,0.652690473345455,0.0270206122828355,463,211,0.110627483196191,499,247,"1350"
"Pa405",0.0885778329557601,457,134,323,0.612174847457582,0.0243205462576023,502,179,0.086923719191814,499,176,"1350"
"Pa875",0.145788642720868,353,265,88,0.69906852371241,0.0291036695399737,324,236,0.105973899377425,325,237,"1350"
"Pa880",0.0347273013884835,21,20,1,0.804176548178489,0.00743102255324843,18,17,0.0307068814013775,22,21,"1350"
"Pa91",0.0738103669668342,123,94,29,0.729128596479994,0.0172379420834804,132,103,0.0655656259535281,143,114,"1350"
"PH207",0.027397484532752,102,13,89,0.698466590230548,0.00628770167177064,101,12,0.0234513959938395,101,12,"1350"
"PHB09",0.144422941807381,400,263,137,0.685413277381981,0.0280443495051764,362,225,0.0986062633858927,353,216,"1350"
"PHB47",0.0951019711773516,314,151,163,0.679333802628928,0.0255338177075622,356,193,0.086884513193019,338,175,"1350"
"PHBA6",0.0256216423286663,48,12,36,0.726866478543631,0.00643446014263251,50,14,0.0223318437944731,47,11,"1350"
"PHBB3",0.194174318361467,502,320,182,0.672382793091895,0.0453656412907752,509,327,0.145183635562473,490,308,"1350"
"PHEG9",0.0597377557283279,111,63,48,0.721194957193234,0.0129196147657606,105,57,0.0527560719238011,116,68,"1350"
"PHG29",0.182560480058077,594,310,284,0.634030554533235,0.0369020834478472,569,285,0.124543053379847,559,275,"1350"
"PHG47",0.25643861355995,707,350,357,0.534672058624256,0.0428172123114377,671,314,0.177406106840425,696,339,"1350"
"PHG71",0.101328159658632,181,164,17,0.744925536524302,0.0270542372609227,230,213,0.0868756140150618,191,174,"1350"
"PHG80",0.106071137263665,368,171,197,0.668810201562387,0.0290589319887508,432,235,0.103479771734651,426,229,"1350"
"PHG83",0.0634636503254444,332,70,262,0.643779377684171,0.0130550035451935,321,59,0.0540515618777302,338,76,"1350"
"PHG86",0.23804948111696,382,348,34,0.727568240971042,0.0580591894224284,383,349,0.188992375604688,377,343,"1350"
"PHH93",0.176753054184847,648,304,344,0.591658205037764,0.0449400362104472,669,325,0.147350126517452,655,311,"1350"
"PHHH9",0.042659665486539,198,30,168,0.678295470809662,0.0115445508295212,210,42,0.0385766303219247,204,36,"1350"
"PHHV4",0.138116671688961,523,248,275,0.637267703763637,0.0284197922295593,502,227,0.0988247684496713,492,217,"1350"
"PHJ70",0.279539041223897,701,356,345,0.58830541393197,0.0606093632903668,698,353,0.216011344227451,699,354,"1350"
"PHJ89",0.135822670448093,576,246,330,0.607527853514635,0.024691034242851,515,185,0.0917822876715346,520,190,"1350"
"PHJ90",0.0552612713556742,197,53,144,0.684045404433232,0.011238773093547,184,40,0.0441650218075315,188,44,"1350"
"PHJR5",0.125131294450118,300,216,84,0.702358624393122,0.0205244515486169,224,140,0.0843377492943141,247,163,"1350"
"PHK35",0.135140329258217,421,244,177,0.673609311013232,0.0305199167847371,423,246,0.100048920013169,401,224,"1350"
"PHK42",0.072927176288851,236,93,143,0.684089395479006,0.0197029854446919,274,131,0.0658808687446215,260,117,"1350"
"PHK56",0.154074747095329,480,277,203,0.667151366991247,0.0274559617078427,421,218,0.108722489765322,443,240,"1350"
"PHK74",0.0460555321244576,124,38,86,0.700082434497969,0.0101572204654861,117,31,0.0344852850089324,110,24,"1350"
"PHKE6",0.0709799167523254,320,91,229,0.658546870434078,0.0139441009547213,297,68,0.0531876277548192,299,70,"1350"
"PHM10",0.0245879509682276,239,8,231,0.658285160012661,0.00590558059110862,242,11,0.0236830154274003,244,13,"1350"
"PHN11",0.0653777749632628,331,77,254,0.64953376603086,0.0174701000119945,358,104,0.0560585968074375,335,81,"1350"
"PHN29",0.140271162175362,281,253,28,0.729902421744352,0.0242956778732653,206,178,0.100729460199624,254,226,"1350"
"PHN66",0.131107075225822,271,232,39,0.726469117136385,0.0249949823853758,226,187,0.0988879875620144,257,218,"1350"
"PHN82",0.0809413536857387,289,114,175,0.676476566735475,0.02148979157127,323,148,0.0695172880899978,300,125,"1350"
"PHP02",0.13294015026789,487,237,250,0.652978208092173,0.0368589212269194,534,284,0.122095862848923,519,269,"1350"
"PHP55",0.16766607924211,476,295,181,0.672502381670756,0.037679003271035,470,289,0.123139624430641,452,271,"1350"
"PHP76",0.0641481502423804,158,71,87,0.699329361528289,0.0140576153267954,159,72,0.0544259029739906,166,79,"1350"
"PHP85",0.10853269632107,470,179,291,0.631149139659228,0.0224155431615749,448,157,0.0893954341878386,475,184,"1350"
"PHPR5",0.108306645948315,336,177,159,0.679801375129619,0.0237342039100215,329,170,0.0815184551606382,312,153,"1350"
"PHR03",0.150529049285179,572,271,301,0.626515242839047,0.0435683099513475,620,319,0.138945842525422,594,293,"1350"
"PHR30",0.110554542056772,381,187,194,0.669575092625478,0.0238810063576255,366,172,0.093651020689685,392,198,"1350"
"PHR31",0.162565240319695,340,285,55,0.716973685560016,0.0405183235987952,361,306,0.14135592465328,353,298,"1350"
"PHR36",0.0766797675858094,409,102,307,0.624265254236183,0.0145399488640172,383,76,0.0537683803383943,380,73,"1350"
"PHR47",0.236321829646131,476,344,132,0.687231582956307,0.054562537908479,479,347,0.190760073936814,476,344,"1350"
"PHR63",0.067338697026953,291,82,209,0.664800352041834,0.0154588652940703,295,86,0.05795931479235,297,88,"1350"
"PHT10",0.149498539720346,537,269,268,0.640975021969217,0.0261500821220874,468,200,0.105596528702674,504,236,"1350"
"PHT47",0.178209169856205,631,306,325,0.611814611683927,0.048955825429146,664,339,0.162681571790445,654,329,"1350"
"PHT55",0.13176316003698,515,234,281,0.634645448002638,0.0307723851925486,530,249,0.118464781056966,543,262,"1350"
"PHTM9",0.16480308324857,540,289,251,0.652818585759596,0.0389319567140786,549,298,0.156393009945752,574,323,"1350"
"PHV37",0.122259098931474,445,210,235,0.656874251228547,0.0327092918062086,494,259,0.109805088097473,479,244,"1350"
"PHV57",0.0413888295396085,109,28,81,0.703221998637426,0.0115734928546874,124,43,0.0410697988882223,119,38,"1350"
"PHV63",0.0907428507026521,165,140,25,0.731180605244559,0.0204081545987175,164,139,0.0717827551615804,154,129,"1350"
"PHVA9",0.0650311847121688,240,75,165,0.678765480126573,0.0152824352903267,250,85,0.0599505047575259,259,94,"1350"
"PHVJ4",0.134153917485705,400,240,160,0.67958892404491,0.0377089048677213,450,290,0.124366412989775,434,274,"1350"
"PHW03",0.0507648475695459,147,45,102,0.694859333819559,0.0137225013402754,168,66,0.0471222302389251,159,57,"1350"
"PHW17",0.0573994554758894,392,58,334,0.604544333783948,0.0161969507509074,429,95,0.0533561082447071,406,72,"1350"
"PHW20",0.122441098867953,501,211,290,0.631808815547589,0.0325445653545085,548,258,0.105068142893824,525,235,"1350"
"PHW30",0.0933072753993391,421,145,276,0.636705554097454,0.0216563116696529,427,151,0.0779823252166075,416,140,"1350"
"PHW43",0.0651074041359303,187,76,111,0.692405963700884,0.0146695494014817,189,78,0.0553495468725526,191,80,"1350"
"PHW52",0.125497270908326,422,217,205,0.667077542975201,0.0333533561602144,471,266,0.111373994816693,454,249,"1350"
"PHW53",0.259636060964642,664,351,313,0.62112433610451,0.0600517520356834,665,352,0.206215493760642,663,350,"1350"
"PHW80",0.139853731837956,605,251,354,0.563578054603646,0.0300844137210756,598,244,0.0979130582979874,569,215,"1350"
"PHWG5",0.0828253762474099,309,118,191,0.669763658205879,0.0188141502777931,313,122,0.0729572607940199,322,131,"1350"
"PHZ51",0.100998868230159,300,162,138,0.685395574104251,0.0309296263297595,388,250,0.0999730192517043,361,223,"1350"
"Q381",0.214013693165985,398,332,66,0.710098797942972,0.0541243175758291,412,346,0.171781700702167,402,336,"1350"
"R168",0.142150083486067,441,256,185,0.671600836305213,0.024482534145323,368,183,0.0995731290464986,407,222,"1350"
"R177",0.210849449708008,658,329,329,0.607679527997159,0.0536177013673441,671,342,0.184628738636603,670,341,"1350"
"R181B",0.176929363534414,310,305,5,0.779063102190732,0.0344245209357777,277,272,0.12077998697403,271,266,"1350"
"R226",0.158525634109493,387,279,108,0.69357275700927,0.0268443444992686,317,209,0.110554042110984,354,246,"1350"
"R229",0.0306507602473125,278,15,263,0.643546111555856,0.00784563318100685,283,20,0.0269125382183506,280,17,"1350"
"R71",0.0780021011507875,109,107,2,0.791672981575086,0.017571018022628,108,106,0.065083779661867,113,111,"1350"
"R78",0.060434900273621,148,65,83,0.702541301775922,0.00992466222670378,112,29,0.0411613404842341,122,39,"1350"
"SD101",0.0897696578085309,180,137,43,0.723307770083393,0.0156998019016576,130,87,0.0644496540626587,150,107,"1350"
"SD102",0.129667193620398,304,228,76,0.70460230802468,0.0363035802721994,357,281,0.1153337407503,331,255,"1350"
"SD107",0.0759707024668484,327,100,227,0.65954003325318,0.012865181067042,283,56,0.0525525114587861,294,67,"1350"
"SD40",0.129336098442456,322,227,95,0.697100986879938,0.0315949766716089,349,254,0.1041009538802,328,233,"1350"
"SD44",0.190394346350277,411,318,93,0.697915090736033,0.037110317030322,379,286,0.132299249162077,383,290,"1350"
"SG 30A",0.0801368899099383,313,111,202,0.667335835335407,0.0193058811533982,331,129,0.0693387599820076,326,124,"1350"
"Tr",0.0980082951118395,184,157,27,0.729988953575838,0.026676029466565,233,206,0.0848950101004728,194,167,"1350"
"TZU-CHIAO-HSI-WU 105",0.11956994469061,241,206,35,0.726909344327576,0.0249395148388766,221,186,0.102185891326644,262,227,"1350"
"Va26",0.127036608631762,508,221,287,0.633705885734491,0.0327817047382976,549,262,0.110940482344547,535,248,"1350"
"Va35",0.11933751998214,511,205,306,0.624324287814417,0.0306269331598386,553,247,0.0992471582633177,525,219,"1350"
"Va52",0.0628436051831697,90,68,22,0.73658783821898,0.0126880862330384,77,55,0.0497276755230431,85,63,"1350"
"Va99",0.0429978889191822,190,32,158,0.679939348444,0.00989968375465107,186,28,0.0377504182510357,189,31,"1350"
"W182E",0.0515862452915821,364,48,316,0.619388321853736,0.014245489048848,389,73,0.0452549376408235,364,48,"1350"
"W22",0.125793881559395,327,218,109,0.693568262022787,0.0259279379671581,307,198,0.085727411887404,279,170,"1350"
"W23",0.116063878671987,323,197,126,0.68868955885358,0.0231722543477442,288,162,0.0836328250964213,286,160,"1350"
"W24",0.07080453039591,207,90,117,0.690760598878846,0.0177936810214983,226,109,0.0564848892079946,201,84,"1350"
"W32",0.0937448968165495,462,147,315,0.620211623007175,0.0200424941088179,449,134,0.0813245425187352,466,151,"1350"
"W37A",0.150442513638719,622,270,352,0.57507150008006,0.0388925593781823,648,296,0.124912818538105,629,277,"1350"
"W552",0.112090794479216,544,189,355,0.5628715613575,0.0254916161459745,546,191,0.0916125448044965,544,189,"1350"
"W603S",0.0512866177519362,386,46,340,0.598377521581812,0.0119736948675747,388,48,0.0457782831397737,392,52,"1350"
"W604S",0.116270664870201,454,199,255,0.649187626970541,0.0197366818820624,387,132,0.0795273804600854,402,147,"1350"
"W605S",0.139277186298583,311,250,61,0.711988231572903,0.0264825483934518,264,203,0.0960460440699567,269,208,"1350"
"W607S",0.0767185540492397,388,103,285,0.633879692158084,0.017514250306146,390,105,0.0654879254640468,398,113,"1350"
"W610S",0.0920181489570081,478,143,335,0.604436091071647,0.0262127106872363,536,201,0.0834016190528182,494,159,"1350"
"W611S",0.0491227006537793,271,41,230,0.658360783739351,0.0132717941120175,291,61,0.0455453362317985,280,50,"1350"
"W612S",0.195413380174269,620,321,299,0.627378713536197,0.0456348792712414,628,329,0.170687505288649,634,335,"1350"
"W614S",0.0404120904168308,244,26,218,0.663078935033888,0.0108502176888462,255,37,0.0345796732762047,243,25,"1350"
"W64A",0.0677882047849877,226,85,141,0.684689763320808,0.0159936426429426,233,92,0.0541862214952371,218,77,"1350"
"W701BC",0.069092799568275,90,87,3,0.787844344426887,0.0189632305951383,127,124,0.0612858640654426,101,98,"1350"
"W803G",0.166823293432185,484,292,192,0.669646666584028,0.0443549396371121,515,323,0.148263746106601,506,314,"1350"
"W809G",0.165296208543049,301,291,10,0.74924568028891,0.03460184588588,284,274,0.142268694366372,311,301,"1350"
"W810G",0.0935947742686768,155,146,9,0.749863754251506,0.0192914246365926,137,128,0.079384882033191,154,145,"1350"
"W811G",0.0337472090474654,328,19,309,0.623381030124001,0.00957162205975332,336,27,0.0304391177342107,329,20,"1350"
"W813G",0.164218234394323,379,287,92,0.698182767668735,0.0385161999579727,386,294,0.150527254480007,409,317,"1350"
"W8304",0.129006019575398,472,226,246,0.653859562435985,0.02945412948828,485,239,0.094461692253928,448,202,"1350"
"W9",0.215210230385485,648,334,314,0.620927317977352,0.0408625909401683,622,308,0.154158304824858,635,321,"1350"
"WIL900",0.0254818544150054,354,11,343,0.593311710024905,0.00676431581158285,358,15,0.0218888728086906,352,9,"1350"
"WU-TAN-TZAO",0.0706661337655812,427,89,338,0.601040676841567,0.0158165141823814,427,89,0.0637962122200691,442,104,"1350"
"YE 4",0.237631674949759,695,346,349,0.580268196731568,0.0432083414807997,665,316,0.164185353545413,679,330,"1350"
"YING-55",0.134950512892365,313,243,70,0.707798007494449,0.0238468465679549,241,171,0.0919048027541838,261,191,"1350"
"Yu796 NS",0.0422938348232191,168,29,139,0.6850137158168,0.00692401208056958,155,16,0.0287170988491123,157,18,"1350"
"ZS365",0.182810816665152,614,312,302,0.625597451616187,0.0408642178337529,611,309,0.160003505629588,627,325,"1350"
"ZS635",0.0474527608661009,186,40,146,0.683541904478186,0.0136890148464263,211,65,0.0436325888603526,188,42,"1350"
"1538",0.053024781756445,122,53,69,0.720897093829119,0.0158330444886674,157,88,0.0480557025057638,124,55,"1400"
"29MIBZ2",0.0713532861801304,128,94,34,0.739289559433204,0.0195308679801209,168,134,0.0588249331725066,126,92,"1400"
"2FACC",0.101219974561866,197,173,24,0.745985970200703,0.0214003769939927,177,153,0.0807864122457823,191,167,"1400"
"2MA22",0.0464940363297888,312,42,270,0.653656143736802,0.012215633810955,321,51,0.0451216628704909,319,49,"1400"
"3IJI1",0.179970350228914,550,309,241,0.666889011581276,0.044922202908021,566,325,0.166218226131944,571,330,"1400"
"4226",0.147366994706225,465,270,195,0.681648182615014,0.0375093732591715,489,294,0.117278668752669,471,276,"1400"
"4N506",0.182239738688915,422,310,112,0.705338096434229,0.0401930601796077,417,305,0.124311147586132,395,283,"1400"
"6M502",0.21367430691969,498,337,161,0.693082036497231,0.0403682822344846,467,306,0.139545993832511,464,303,"1400"
"6M502A",0.220483081554987,472,342,130,0.701486890218903,0.0424112609190214,446,316,0.145465000007103,440,310,"1400"
"764",0.139345615829371,590,260,330,0.624939000131149,0.0299850238924951,575,245,0.105448128923883,576,246,"1400"
"78010",0.0983738863649634,478,165,313,0.63622351962293,0.0228361988458561,486,173,0.073353301648846,455,142,"1400"
"793",0.109992138151561,461,189,272,0.6530415791993,0.0269525397088955,488,216,0.0955752611512096,484,212,"1400"
"87916W",0.0890362386515627,216,138,78,0.716923927687726,0.0236760009171064,261,183,0.0735007931682468,221,143,"1400"
"911",0.0908871908940011,372,144,228,0.673306791291027,0.0234298081644455,406,178,0.0775971169969798,386,158,"1400"
"912",0.151008406879217,603,277,326,0.626526758476368,0.0423807385314805,641,315,0.127437452380715,613,287,"1400"
"91IFC2",0.080775008601036,346,122,224,0.675062677258802,0.0211734260095073,374,150,0.0691531112661514,348,124,"1400"
"A",0.0470037964461627,191,44,147,0.695924182095958,0.00787751818449044,174,27,0.0327064536856368,178,31,"1400"
"A208",0.131477153894956,531,242,289,0.648145688229741,0.0301071546497473,536,247,0.126308579264431,575,286,"1400"
"A239",0.0607916011132512,128,64,64,0.722465745395636,0.0152008173618611,146,82,0.0500534355965324,127,63,"1400"
"A272",0.0149930469000398,190,6,184,0.685404529358186,0.00400426524689258,190,6,0.0136467799844127,190,6,"1400"
"A305",0.097479799481448,489,161,328,0.626311480754073,0.0223257433582507,493,165,0.073594262257145,472,144,"1400"
"A322",0.0455478925260636,305,41,264,0.655854666660383,0.0123996846859672,318,54,0.0373896641572554,300,36,"1400"
"A334",0.097003218138754,456,158,298,0.642993202236927,0.0268563791889802,513,215,0.0955452511379753,508,210,"1400"
"A340",0.0987703359023283,176,167,9,0.76333479626101,0.0264098012246387,222,213,0.0901684892186326,203,194,"1400"
"A374",0.15295848038257,344,282,62,0.722651735921833,0.0293917757269315,300,238,0.116154393573522,335,273,"1400"
"A385",0.137585814381987,536,256,280,0.65057735085254,0.0346840490750713,558,278,0.138641822319738,582,302,"1400"
"A401",0.103305953298974,221,175,46,0.732099215006289,0.0277771352232991,269,223,0.0956069025022866,259,213,"1400"
"A427",0.127657755032631,382,231,151,0.694561592269416,0.0273758468550074,369,218,0.0914543941316152,348,197,"1400"
"A548",0.096145664132804,464,157,307,0.63828377416394,0.0220763470626501,468,161,0.0925818201619441,508,201,"1400"
"A572",0.0241002927506325,277,11,266,0.655235297146652,0.00555651774913193,276,10,0.0187216782694098,276,10,"1400"
"A619",0.0833328801622939,444,126,318,0.63214011872985,0.0233778917379748,495,177,0.0702958228021436,449,131,"1400"
"A627",0.0604171868952356,407,62,345,0.606728681481389,0.0184593259442502,465,120,0.0563531417989524,431,86,"1400"
"A632",0.17327103958077,339,303,36,0.739031124657499,0.0393304435254997,337,301,0.134394871423896,333,297,"1400"
"A635",0.125122980382994,419,227,192,0.681974135559436,0.0292940041698808,428,236,0.115635833371871,464,272,"1400"
"A641",0.121407151197364,561,222,339,0.617544044240775,0.0321053635813788,599,260,0.0984105566873334,559,220,"1400"
"A648",0.232796231916601,567,347,220,0.675575480877626,0.0507416644387974,561,341,0.192551418311204,569,349,"1400"
"A663",0.106085998731223,276,179,97,0.712063275955774,0.0208134371639746,241,144,0.0872082696119569,282,185,"1400"
"A672",0.187565218670744,562,317,245,0.665575506861664,0.0324107316528203,509,264,0.132347740325398,537,292,"1400"
"A674",0.00980584925100386,135,3,132,0.700740665451926,0.00263243757010587,135,3,0.00904060528296183,135,3,"1400"
"A679",0.129412050309578,436,235,201,0.679891541281408,0.02892556138926,432,231,0.102976839951987,438,237,"1400"
"A680",0.0392377467346324,213,30,183,0.685933447656595,0.00999100915231136,218,35,0.0334888424605923,215,32,"1400"
"A682",0.123232391895125,307,224,83,0.715436560709995,0.0296013348832964,322,239,0.103527706421775,322,239,"1400"
"A71",0.0419727798028456,111,34,77,0.717013685869343,0.0100561946037274,113,36,0.0418059389422624,119,42,"1400"
"A73",0.083203570493567,343,125,218,0.676055272241513,0.0200094769249992,360,142,0.0692118241886921,344,126,"1400"
"A797NW",0.0564940771037424,193,58,135,0.699602080242384,0.0147956559506468,214,79,0.0461174413788403,186,51,"1400"
"AQA3",0.0757148321225703,351,104,247,0.664128046433383,0.0165788738444961,343,96,0.0696282324360075,374,127,"1400"
"AS6103",0.187204011485393,554,316,238,0.668005917186031,0.0400959302461581,542,304,0.149843734746681,552,314,"1400"
"AusTRCF 306238",0.0774064347473853,435,111,324,0.627057952003984,0.0147587888380387,402,78,0.0508352943431452,391,67,"1400"
"B-18 INBR.FR.SUPERGOLD",0.115442999738801,405,203,202,0.679826051864411,0.0212392263965895,353,151,0.0850550668277014,381,179,"1400"
"B-28",0.119660181985556,273,217,56,0.725903501777842,0.0312853242459498,310,254,0.101320228781639,287,231,"1400"
"B103",0.0927076911890541,268,148,120,0.704290448326895,0.0152970588518611,204,84,0.0624921611098766,224,104,"1400"
"B104",0.117534078277062,357,211,146,0.696193110490341,0.0224704042782039,314,168,0.0943842480427648,352,206,"1400"
"B105",0.0669922747953376,233,83,150,0.694834269714279,0.0199593849665405,290,140,0.0613490018050195,250,100,"1400"
"B108",0.0259181934622718,150,13,137,0.699029273937699,0.00682257629014635,155,18,0.021570197162218,150,13,"1400"
"B109",0.266277393780836,670,356,314,0.636222530145953,0.0695305482953339,671,357,0.223156180429637,671,357,"1400"
"B110",0.120013970749574,266,219,47,0.731902812867081,0.0256531430655873,255,208,0.107723200832295,299,252,"1400"
"B111",0.0616667252312113,163,65,98,0.711959668842603,0.0119177166399325,146,48,0.0500235456365029,160,62,"1400"
"B115",0.142445535970852,327,261,66,0.721932806544863,0.0256011214636153,272,206,0.101021473194776,294,228,"1400"
"B119",0.109947737054935,311,188,123,0.703509794442509,0.0320887487813126,381,258,0.0969255885194216,339,216,"1400"
"B120",0.177094230979137,414,305,109,0.706729315209815,0.042792810385104,426,317,0.152085023751336,427,318,"1400"
"B121",0.107744385540996,376,186,190,0.682690069824062,0.0253670381042675,394,204,0.0843024697630965,367,177,"1400"
"B14A",0.193876638315585,374,322,52,0.727804753703851,0.0470478585070304,388,336,0.185645921849849,394,342,"1400"
"B164",0.119729967636025,232,218,14,0.756797386423382,0.0352965169864259,296,282,0.10682590506462,263,249,"1400"
"B2",0.0859542686662493,228,133,95,0.712803075760589,0.0156513479282796,182,87,0.0651818922431685,206,111,"1400"
"B37",0.161451553186562,523,291,232,0.671607770837358,0.0309383843669979,484,252,0.128463033102744,522,290,"1400"
"B47",0.0974196029583944,462,160,302,0.641803371763021,0.0210854949530908,447,145,0.0809370949672942,471,169,"1400"
"B57",0.0454085880932271,272,39,233,0.671196423851245,0.0101553278631623,270,37,0.0426323844248632,279,46,"1400"
"B66",0.142740277079117,548,263,285,0.648967208661795,0.0265931912084995,499,214,0.107721655653734,536,251,"1400"
"B68",0.0960347265832154,209,156,53,0.727577553390474,0.0163525399192342,146,93,0.0673741816643593,171,118,"1400"
"B73",0.166070563480262,469,299,170,0.691539394996847,0.0411162864790047,481,311,0.127768214551203,458,288,"1400"
"B75",0.201673040718521,678,326,352,0.594421819264152,0.0541155311587205,700,348,0.173892580896852,689,337,"1400"
"B76",0.231657274215056,355,345,10,0.762925437138454,0.0406759777399363,318,308,0.159132981951709,334,324,"1400"
"B77",0.0363599362701234,96,25,71,0.720553495694028,0.00701275118454075,90,19,0.0294614096747643,94,23,"1400"
"B79",0.0628032877090443,223,71,152,0.694452182484626,0.0111734281899312,194,42,0.0458435806666057,202,50,"1400"
"B87",0.0130371359505879,121,4,117,0.704675620939524,0.00364032547614688,121,4,0.0130732897211329,122,5,"1400"
"B88",0.068461252392541,329,87,242,0.666791411853199,0.0177032985014833,351,109,0.0718551840577151,375,133,"1400"
"B91",0.110406244757287,221,190,31,0.741255317131589,0.025763634304957,240,209,0.0859425709044494,212,181,"1400"
"B97",0.0735297480885919,216,95,121,0.704038186819242,0.0163158727766489,212,91,0.0682365828209811,243,122,"1400"
"BEI 10 = NORTH 10",0.0759276464033806,362,106,256,0.661284345634615,0.0133849526339748,319,63,0.0532350571262762,331,75,"1400"
"BO9",0.145068495995011,497,266,231,0.671919540805337,0.0325132057219145,496,265,0.105317595984914,475,244,"1400"
"CA-4",0.0223168824013521,69,8,61,0.723459502380903,0.00570095520766419,72,11,0.0180571820022502,69,8,"1400"
"CG102",0.0704699996251634,217,91,126,0.702684362703122,0.0153440629512949,211,85,0.0550191786250481,204,78,"1400"
"CH701-30",0.0649837549064734,223,79,144,0.696681127327214,0.0134649860120801,208,64,0.0536276080328477,220,76,"1400"
"CH711-10",0.20805969443632,676,332,344,0.610751559396674,0.0416730416893267,656,312,0.161165896428777,670,326,"1400"
"CH753-4",0.195534261571454,593,324,269,0.654538060393025,0.0472417345637548,607,338,0.194341734004183,620,351,"1400"
"CH9",0.0623520059760813,302,68,234,0.670939030798458,0.0142148584279282,306,72,0.0592513372668609,328,94,"1400"
"CI 40H",0.0698108526205866,110,90,20,0.750398017784809,0.0188656868219655,144,124,0.0653681396201137,133,113,"1400"
"CR 22 INBRED",0.0840321516962006,268,127,141,0.698092187884701,0.0237154526154905,325,184,0.0738192903944332,287,146,"1400"
"DE2",0.0648736681875185,340,77,263,0.656705592139966,0.0172901018502183,366,103,0.0526280722740299,335,72,"1400"
"DE3",0.171975901871303,662,302,360,0.462024569429438,0.0451792280876206,689,329,0.139813494101442,664,304,"1400"
"DE4",0.149597655227139,542,275,267,0.654872118907907,0.0334710517211388,538,271,0.140522771437823,572,305,"1400"
"DE811",0.0898830862056687,280,142,138,0.699015838588837,0.0227171709667738,310,172,0.072061291479717,274,136,"1400"
"DJ7",0.154182649486195,488,285,203,0.679682823413296,0.0385422154039441,500,297,0.118882612966827,481,278,"1400"
"DK3IIH6",0.0314297359220522,138,20,118,0.704600317455236,0.00703120941578255,138,20,0.0240859206556144,134,16,"1400"
"DK4676A",0.0790960278826924,327,116,211,0.676939488597996,0.0137221093135033,278,67,0.0542402432435234,288,77,"1400"
"DK78002A",0.0809574801381367,148,123,25,0.745885325308279,0.014317744909095,99,74,0.0585557713975875,115,90,"1400"
"DK78010",0.032078391760675,121,21,100,0.711144671549533,0.0080304519648378,128,28,0.0319193406008233,130,30,"1400"
"DK78371A",0.0798901701685667,258,118,140,0.698542960462855,0.0180365428355198,255,115,0.0700376205862057,269,129,"1400"
"DKFAPW",0.110648300683303,368,191,177,0.688875923168247,0.0292047550985107,412,235,0.0974010907409658,394,217,"1400"
"DKFBHJ",0.0975190694104244,180,162,18,0.753191645791761,0.019866493170642,156,138,0.083283853356443,192,174,"1400"
"DKMBNA",0.185188198836798,591,312,279,0.650927303313947,0.0323844158132134,542,263,0.133867482608309,575,296,"1400"
"DKPB80",0.0881383662667523,339,135,204,0.679664989891821,0.0215609315688427,361,157,0.0700085965298123,332,128,"1400"
"E8501",0.21037945208769,681,335,346,0.605446060718227,0.0417291063969588,659,313,0.155059687671021,667,321,"1400"
"EAST 028",0.121402449954241,309,221,88,0.71374684954334,0.0288342874619589,318,230,0.0950832568830562,295,207,"1400"
"F118",0.137292480468977,272,253,19,0.752967654773218,0.0246525133463916,212,193,0.103547344360538,259,240,"1400"
"F2834T",0.0524579372843987,200,51,149,0.695259426765828,0.012891879389639,208,59,0.0501643370082088,213,64,"1400"
"FBLA",0.0997941860848301,232,169,63,0.722571788290073,0.0212833186217714,215,152,0.0763177137194846,216,153,"1400"
"FR19",0.500935130694397,719,360,359,0.47195958502553,0.111761582768728,719,360,0.468923198467305,719,360,"1400"
"H105W",0.0710281158727808,268,93,175,0.689821952784508,0.018234663018766,292,117,0.0681499450470706,296,121,"1400"
"H110",0.103127985424521,277,174,103,0.709570248807547,0.025096215239664,301,198,0.0955459183746846,314,211,"1400"
"H113",0.0261550324802188,231,15,216,0.67628976385488,0.0051307258638082,225,9,0.0201219053190169,227,11,"1400"
"H121",0.0786661775035704,405,113,292,0.645867656083255,0.0125622779323301,348,56,0.0520362855608344,363,71,"1400"
"H122w",0.0225354955614659,346,9,337,0.619622238670225,0.00571939991917337,349,12,0.0234169145546207,352,15,"1400"
"H5",0.0503030271262284,273,48,225,0.674631017067399,0.01250542474826,280,55,0.0493773727505528,285,60,"1400"
"H71",0.0432436329607167,83,35,48,0.731283915456582,0.00737416567184752,72,24,0.0306993493417362,73,25,"1400"
"H84",0.0956285265418891,314,155,159,0.693193850387995,0.0215911587323369,317,158,0.0812348382432482,329,170,"1400"
"H91",0.0341290697399859,205,23,182,0.685962790815853,0.00730924763826977,205,23,0.0294447892832887,204,22,"1400"
"H95",0.206252676281204,495,330,165,0.692539804019205,0.0487174012327154,505,340,0.16129435412616,492,327,"1400"
"H96",0.191574820929619,359,319,40,0.737318304111742,0.03535646555679,323,283,0.147342516405353,352,312,"1400"
"H99",0.0665027453217053,192,81,111,0.705785173779191,0.0152841192967495,194,83,0.0640883618079639,220,109,"1400"
"HP301",0.107413806139822,217,184,33,0.740794666618718,0.0282365878597015,260,227,0.0932477953453774,235,202,"1400"
"HUOBAI",0.191610817176481,643,320,323,0.627882284445398,0.0533538073700418,668,345,0.190818109376398,671,348,"1400"
"Hy",0.137289181633225,282,252,30,0.741726502745512,0.0373478268459103,322,292,0.112638043571042,290,260,"1400"
"I29",0.132876283297966,354,244,110,0.706013674737773,0.0332448639025136,378,268,0.105213284850464,353,243,"1400"
"Ia 453",0.130462831438392,245,239,6,0.786417053507682,0.0277677022085295,228,222,0.102827927544679,241,235,"1400"
"IA2132",0.0477422382677876,50,46,4,0.797817067533245,0.0105810169398066,42,38,0.0441117918711943,52,48,"1400"
"IBB15",0.064085783996346,117,73,44,0.734099585810413,0.0171156039661596,146,102,0.0520234534306154,114,70,"1400"
"IBC2",0.0933463895720424,286,152,134,0.699618478684797,0.0214123206798198,288,154,0.0857961078147987,314,180,"1400"
"ICI 193",0.110888990063103,203,195,8,0.763875354897739,0.0290869533987119,240,232,0.0910955791478226,204,196,"1400"
"ICI 740",0.0787852368384081,377,115,262,0.658450308194781,0.0170769824596046,363,101,0.060131142997195,357,95,"1400"
"ICI 893",0.122936933935851,482,223,259,0.660959890768654,0.0296451461937901,500,241,0.123045623156327,540,281,"1400"
"ICI 986",0.128820270566863,348,233,115,0.704836069562218,0.023452936795934,295,180,0.0979424721024818,334,219,"1400"
"IDS28",0.133378839651962,319,245,74,0.718739907329799,0.0222858075925673,238,164,0.0934814752997529,277,203,"1400"
"IDS69",0.146493572297213,553,269,284,0.649346099738399,0.0274948013357259,504,220,0.0964060884672347,498,214,"1400"
"IDS91",0.0386002966887805,282,28,254,0.662102626034748,0.00916255858336109,286,32,0.0381750838104582,292,38,"1400"
"INB 101LFY/LFY (A632 X M16 S5)",0.281058438852288,650,357,293,0.645353168682386,0.063319247729634,649,356,0.201463106272567,645,352,"1400"
"INBRED 141",0.125153596208885,260,228,32,0.741002467478296,0.0304348867323493,280,248,0.115572478160275,303,271,"1400"
"INBRED 2-687",0.116668824231006,284,208,76,0.717215326229682,0.0243772593203982,265,189,0.100250771470772,300,224,"1400"
"INBRED 305",0.106916485835245,530,180,350,0.596792352646443,0.0249151603368628,545,195,0.0803747115022741,515,165,"1400"
"INBRED 321",0.149480877665634,447,273,174,0.690279848781089,0.0390349258998759,473,299,0.125360980620994,459,285,"1400"
"K150",0.144310850387274,320,265,55,0.726495062279189,0.0258202970805264,265,210,0.100137498287535,278,223,"1400"
"K41",0.175551362991369,464,304,160,0.693146335238654,0.0450060699009399,487,327,0.167603009243598,493,333,"1400"
"K47",0.0695632331346945,180,89,91,0.713544716393188,0.0191376402496094,219,128,0.067662998573972,210,119,"1400"
"KUNG-70",0.0886182783020836,441,136,305,0.639527584865023,0.0224067521449707,471,166,0.0897614313029658,496,191,"1400"
"L 127",0.205704144883393,586,329,257,0.661101375942761,0.0378065312532623,552,295,0.137209753543735,557,300,"1400"
"L 289",0.0377062150915521,249,27,222,0.675528358380109,0.00855151153342072,253,31,0.0318677734623009,250,28,"1400"
"LH1",0.0437132571318067,376,38,338,0.619215860928358,0.0106284318460962,377,39,0.0386059093116271,377,39,"1400"
"LH119",0.0363640344255973,327,26,301,0.641844522024447,0.00950716106049738,335,34,0.0307851040832185,327,26,"1400"
"LH128",0.026252454815807,124,16,108,0.706933126282643,0.00607582210761397,123,15,0.0241816100480594,125,17,"1400"
"LH143 (Maintainer)",0.108354176399189,323,187,136,0.699098346302326,0.0211095133909695,283,147,0.0757610306710692,287,151,"1400"
"LH146Ht",0.107287653056286,253,183,70,0.720744278257452,0.0185791005924543,191,121,0.0771745479827087,227,157,"1400"
"LH149",0.111833743145034,362,196,166,0.692499261698122,0.0230326753131823,340,174,0.0733005393667672,307,141,"1400"
"LH165",0.0767786653993065,432,107,325,0.626857918011881,0.0187166071378987,448,123,0.0716401554909636,457,132,"1400"
"LH166",0.094068607409637,408,153,255,0.661835226236919,0.0180978777725555,371,116,0.0723211343182094,393,138,"1400"
"LH181",0.168999462774453,611,300,311,0.637063334871002,0.0374853192665932,604,293,0.150696798948598,627,316,"1400"
"LH184",0.116305338246349,412,206,206,0.679593407523923,0.0217291958193611,365,159,0.0771488124357733,361,155,"1400"
"LH190",0.153220878004562,506,283,223,0.675398713753446,0.0296592810627829,465,242,0.107308015652979,473,250,"1400"
"LH192",0.253642662250943,627,353,274,0.652680969304697,0.0708464157313613,632,358,0.213021420856849,630,356,"1400"
"LH194",0.215981805546315,660,339,321,0.629474922247776,0.0438002778524004,643,322,0.142413489091213,629,308,"1400"
"LH195",0.0669480033561477,260,82,178,0.687465261532119,0.0122768746999289,230,52,0.0492927455500633,236,58,"1400"
"LH197",0.221095820842027,436,343,93,0.712927573514876,0.053992436686909,440,347,0.193143838844509,443,350,"1400"
"LH198",0.134677098849943,285,246,39,0.737687403756215,0.0327696328512443,306,267,0.124705705792144,323,284,"1400"
"LH202",0.0649533638115115,295,78,217,0.676211774317394,0.0121596925281493,267,50,0.0506213045327996,283,66,"1400"
"LH204",0.241803081795925,648,352,296,0.643593300717861,0.062804110167712,651,355,0.206641294950686,650,354,"1400"
"LH205",0.152668017041714,619,278,341,0.612796464011241,0.0336690165524207,613,272,0.133390893659589,636,295,"1400"
"LH206",0.0758750402137713,344,105,239,0.667528976456408,0.0174774960916122,346,107,0.0618141219761471,341,102,"1400"
"LH208",0.0787380315124283,238,114,124,0.70340016789637,0.014244192761568,197,73,0.0570589189791455,211,87,"1400"
"LH209",0.0897945161762954,322,141,181,0.686012091511127,0.0199011221107073,320,139,0.0829733984787497,354,173,"1400"
"LH214",0.088725753226482,428,137,291,0.646285236975085,0.0184150799373284,410,119,0.0771707802045735,447,156,"1400"
"LH215",0.258041368641097,649,354,295,0.644240345298425,0.0550041464114593,644,349,0.212613941547781,650,355,"1400"
"LH222",0.187194680557127,534,315,219,0.676022426597015,0.0458272849640005,551,332,0.162870568882818,548,329,"1400"
"LH223",0.068241559766457,137,86,51,0.728210985808513,0.0179054593747321,163,112,0.0588076487845642,142,91,"1400"
"LH224",0.103583435421682,331,177,154,0.694235039706618,0.0270540024097108,371,217,0.0870208555439638,337,183,"1400"
"LH295",0.0927119340724994,461,149,312,0.636651486788856,0.0178833877308343,423,111,0.0743355547019359,459,147,"1400"
"LH60",0.0325778432195514,194,22,172,0.691233445508852,0.00722877034432214,194,22,0.029968020654556,196,24,"1400"
"LH74",0.0140582652920635,241,5,236,0.66905602607578,0.00368298007408238,241,5,0.0114695090498957,240,4,"1400"
"LH82",0.139184479984724,364,258,106,0.708780617093438,0.0299891623424297,352,246,0.11433962745398,371,265,"1400"
"LH93",0.155583234954099,645,288,357,0.552883890955893,0.0457963002580508,688,331,0.141249940202892,664,307,"1400"
"LIBC 4",0.0984767383245347,231,166,65,0.722081760675352,0.0286786057153101,294,229,0.088750081487415,253,188,"1400"
"LP1 NR HT",0.11243846521539,246,197,49,0.730187361419878,0.0179676850431336,163,114,0.0750474811688113,197,148,"1400"
"LP5",0.0914718866738285,386,146,240,0.666970061073229,0.0189384359540842,365,125,0.0756275495366352,390,150,"1400"
"M14",0.138381488238888,437,257,180,0.687026680085294,0.0293403476289414,417,237,0.111888254365315,439,259,"1400"
"MBPM",0.0980894315469947,269,164,105,0.708915074838074,0.0251335582594936,305,200,0.076516072559625,259,154,"1400"
"MBWZ",0.137472300214734,417,255,162,0.692895407843916,0.0341496751280371,438,276,0.105050575663755,404,242,"1400"
"MM501D",0.0232611699721386,359,10,349,0.598545825213091,0.00490507263408514,357,8,0.0187108669235682,358,9,"1400"
"Mo17",0.097119495555131,380,159,221,0.675530585160293,0.0215368936114776,377,156,0.0899810192944176,414,193,"1400"
"Mo1W",0.148246098424572,439,271,168,0.692291718805252,0.0366113088105715,458,290,0.151021523417038,485,317,"1400"
"Mo46",0.186115621011861,597,314,283,0.649380069664071,0.0306001132220432,533,250,0.128101740316567,572,289,"1400"
"Mo47",0.053771924667788,146,54,92,0.713430454547272,0.0131657592360241,153,61,0.0505128257729628,157,65,"1400"
"Mo5",0.134941908065635,321,248,73,0.719942421417381,0.0224585185361216,240,167,0.094167733311256,278,205,"1400"
"MQ305",0.126943722042973,560,229,331,0.624439878692785,0.0274653154517576,550,219,0.110266605137412,588,257,"1400"
"MS116",0.0857239295129246,430,130,300,0.641873353860401,0.0221507788686377,462,162,0.0898744032100682,492,192,"1400"
"MS132",0.163408760272632,573,292,281,0.650482700401905,0.0337287391949592,554,273,0.114500037173754,548,267,"1400"
"MS200",0.0625638506513367,397,70,327,0.626503349404258,0.0151739767066122,408,81,0.0562604402475417,412,85,"1400"
"MS211",0.124067140248252,423,225,198,0.68012006312719,0.0254397329429911,403,205,0.0953345423492188,406,208,"1400"
"MS221",0.163653349131387,377,293,84,0.715265943068352,0.0365586367641316,373,289,0.153440037985207,403,319,"1400"
"MS224",0.155112682821274,347,287,60,0.724183566220977,0.0358153215901549,345,285,0.115522746333082,330,270,"1400"
"MS225",0.0744039284176679,129,101,28,0.743167757839904,0.0176750597720261,136,108,0.0560761631600041,111,83,"1400"
"MS226",0.100509302785563,465,171,294,0.645231644877552,0.0199821624513066,435,141,0.0755624699433378,443,149,"1400"
"MS24A",0.0816594190619673,482,124,358,0.530779634053334,0.0156083379841561,444,86,0.0655634979888181,473,115,"1400"
"MS67",0.0908019155725744,490,143,347,0.604348878514838,0.0252191494384358,549,202,0.0795254163495607,510,163,"1400"
"MS71",0.149555892863286,422,274,148,0.695771514414056,0.0317996868810429,404,256,0.133335065528379,442,294,"1400"
"MS72",0.220201886822694,567,341,226,0.674493571736489,0.0571818349146333,577,351,0.188175118532139,572,346,"1400"
"N192",0.233347091956299,415,348,67,0.721794972103343,0.0436732957592408,387,320,0.161458129504,395,328,"1400"
"N193",0.0893106272322947,348,139,209,0.677667984378957,0.0186261547094338,331,122,0.0589411255365312,302,93,"1400"
"N200",0.110665189604061,368,192,176,0.689279956742261,0.0305830638046337,425,249,0.0919987897386081,375,199,"1400"
"N201",0.0640413921083509,130,72,58,0.725029850570369,0.0189418288669945,184,126,0.0573681925441608,146,88,"1400"
"N209",0.100302749251843,407,170,237,0.668027469322912,0.0275366430076422,458,221,0.0873359948588676,424,187,"1400"
"N211",0.099096643053844,184,168,16,0.75441920672846,0.0222710134266305,179,163,0.0935424035196488,220,204,"1400"
"N217",0.0400859798472353,55,33,22,0.747224803805822,0.010859953039562,62,40,0.0377464158521681,59,37,"1400"
"N218",0.183588418469187,564,311,253,0.66257422308421,0.0480821858426283,592,339,0.149862534361044,568,315,"1400"
"N28Ht",0.0681093243416555,214,85,129,0.701709048551719,0.0143777084732706,204,75,0.0551877720452737,208,79,"1400"
"N501",0.0496051540526966,291,47,244,0.665579641851329,0.0128122475298089,301,57,0.0423598111743851,288,44,"1400"
"N523",0.0893522613108937,151,140,11,0.762813579794484,0.0245015252688867,202,191,0.0737736378544384,156,145,"1400"
"N527",0.113690896217235,319,200,119,0.70436742040271,0.0226826672045558,289,170,0.0776763213937074,278,159,"1400"
"N534",0.0755940890031452,120,103,17,0.753472852637641,0.0198226324365879,153,136,0.064977124602536,127,110,"1400"
"N542",0.164145653425716,422,295,127,0.702045693285881,0.0332541199778156,397,270,0.122501764261135,407,280,"1400"
"NC250",0.331574673218678,679,359,320,0.631830604062305,0.0593989089826653,674,354,0.243652550306178,678,358,"1400"
"NC262",0.164080020213307,461,294,167,0.692329566147424,0.0431055062042225,485,318,0.140546280444352,473,306,"1400"
"NC294",0.0931838230230795,330,151,179,0.68726152739752,0.0179361555894067,292,113,0.0691578820902642,304,125,"1400"
"NC310",0.0807556670761013,381,121,260,0.660427104734335,0.0165057388121405,355,95,0.0628006948463247,366,106,"1400"
"NC326",0.152730650468598,601,279,322,0.628367723046201,0.0400888972608564,625,303,0.131816871832912,613,291,"1400"
"NC328",0.232288905637209,592,346,246,0.665374066448574,0.043737882439214,567,321,0.156939123215307,569,323,"1400"
"NC342",0.114950341379284,301,202,99,0.711782942248057,0.0315630637417115,354,255,0.100097818188944,321,222,"1400"
"NC412",0.135832157045868,463,250,213,0.676585322349915,0.0359787068683341,499,286,0.10985956425732,468,255,"1400"
"ND259",0.210169026479172,669,334,335,0.619693541906085,0.046401899519462,669,334,0.185771289552798,678,343,"1400"
"ND265",0.16528352956846,549,298,251,0.663892125620242,0.042086314704102,565,314,0.147719222117334,564,313,"1400"
"NK740",0.215612175801641,543,338,205,0.679614166295569,0.058387499460807,557,352,0.17632546082493,544,339,"1400"
"NK778",0.202618196536598,527,328,199,0.679972493153037,0.044956953941683,525,326,0.181281335483775,540,341,"1400"
"NK807",0.0565071546522274,288,59,229,0.672737894341301,0.0137947051579087,297,68,0.0493937002455015,290,61,"1400"
"NKS8326",0.137162141553392,459,251,208,0.678202050681642,0.0332454891622757,477,269,0.102498129822382,442,234,"1400"
"NORTH 7",0.0692644807202238,338,88,250,0.664002609333757,0.0173657770618936,354,104,0.0691148933215906,373,123,"1400"
"NQ508",0.0706421988279126,186,92,94,0.712889285211205,0.0141908997893616,165,71,0.0561291708975467,178,84,"1400"
"NS501",0.00751575649602928,280,2,278,0.651303005422657,0.00197871483764562,280,2,0.00644128312528967,280,2,"1400"
"NS701",0.298353835477487,631,358,273,0.652786284039749,0.0783913466239334,632,359,0.25852196952037,632,359,"1400"
"NY6371",0.0928831235975748,157,150,7,0.784041413458753,0.0211210779609966,155,148,0.0722684276826272,144,137,"1400"
"Ny821",0.0737958824695095,237,98,139,0.698558039843754,0.016854846538754,238,99,0.0517789460759721,208,69,"1400"
"OH33",0.0736086881931655,142,97,45,0.733445762103607,0.0163652559726241,139,94,0.0618784836455447,148,103,"1400"
"Oh40B",0.0795881062117229,203,117,86,0.71467131560137,0.017867539234816,196,110,0.0624945897842552,191,105,"1400"
"Oh43",0.217338807250822,605,340,265,0.655287898583657,0.0443730254201908,588,323,0.145473566394489,576,311,"1400"
"Oh7",0.0252915370426717,114,12,102,0.710321433610021,0.00660484995085382,118,16,0.0212211546106067,114,12,"1400"
"OQ403",0.128989134107144,428,234,194,0.681825806581411,0.0298943787874678,438,244,0.115052792972778,462,268,"1400"
"OQ603",0.0467688053155813,102,43,59,0.724506106273409,0.0114593482295183,104,45,0.0473688444737565,112,53,"1400"
"Os420",0.17078111746527,339,301,38,0.73802632151585,0.0347130290997339,317,279,0.117862357079741,315,277,"1400"
"OS602",0.143249232307531,380,264,116,0.704752462683487,0.0296146797914067,356,240,0.115517913735833,385,269,"1400"
"Pa392",0.110886033313106,437,194,243,0.666339888369848,0.0261991096635031,455,212,0.108210461422232,497,254,"1400"
"Pa405",0.0857267068652562,441,131,310,0.63720232202555,0.0226947845280567,481,171,0.0835186296342301,485,175,"1400"
"Pa875",0.145789216466662,348,267,81,0.715797036988715,0.0282540855244739,309,228,0.101217116077819,311,230,"1400"
"Pa880",0.0260322912423817,15,14,1,0.813598835250107,0.00587073825543769,15,14,0.0246597929211244,21,20,"1400"
"Pa91",0.0620150566770515,93,66,27,0.743817261007584,0.0160417327832987,117,90,0.0653288696365167,139,112,"1400"
"PH207",0.0174324329980304,103,7,96,0.71226943354477,0.00405402669274735,103,7,0.0154718388819451,103,7,"1400"
"PHB09",0.130404870244846,366,238,128,0.701800502354896,0.0250898223425344,325,197,0.0848099431790343,306,178,"1400"
"PHB47",0.0920240242297978,320,147,173,0.690858026234349,0.0241014723967571,360,187,0.0786596935606347,333,160,"1400"
"PHBA6",0.0454781155465573,61,40,21,0.74832228923569,0.0110615832980847,62,41,0.042037263345195,64,43,"1400"
"PHBB3",0.193347930788398,531,321,210,0.677205365105388,0.0454522148947328,540,330,0.138519392209104,511,301,"1400"
"PHEG9",0.0644862654262317,125,75,50,0.728628879959379,0.0147139555551406,127,77,0.0608792921360386,147,97,"1400"
"PHG29",0.157545275598718,571,289,282,0.650141305967784,0.0323674468079456,544,262,0.105708442143451,529,247,"1400"
"PHG47",0.235011590543336,705,349,356,0.553206729227808,0.0405028677830207,663,307,0.169919861564792,692,336,"1400"
"PHG71",0.107128855470877,197,182,15,0.756449079487156,0.0281147123032685,240,225,0.0871849884354337,199,184,"1400"
"PHG80",0.12082104087831,409,220,189,0.682750430356574,0.0327165423900968,455,266,0.116790960146891,464,275,"1400"
"PHG83",0.0740446914686743,386,100,286,0.648906431030885,0.0174712756285876,392,106,0.0678883627120848,406,120,"1400"
"PHG86",0.212294181032127,373,336,37,0.738704906005357,0.051260106168476,379,342,0.160154839721792,362,325,"1400"
"PHH93",0.152935665348162,623,281,342,0.611862039065826,0.03922980170125,642,300,0.124067537987505,624,282,"1400"
"PHHH9",0.0648026909366166,239,76,163,0.69284707524332,0.0166048296512787,260,97,0.0553061338809676,244,81,"1400"
"PHHV4",0.117106735388733,486,209,277,0.652062539108409,0.0243568806346455,465,188,0.08883376762252,466,189,"1400"
"PHJ70",0.259155053625839,703,355,348,0.600904120550057,0.0586865277226345,701,353,0.202494021451638,701,353,"1400"
"PHJ89",0.128270986349557,565,232,333,0.622983127119598,0.0239349616258187,519,186,0.0863101771671601,515,182,"1400"
"PHJ90",0.0550124631788187,188,57,131,0.700788960609889,0.0134819634971935,196,65,0.0516903165877455,199,68,"1400"
"PHJR5",0.130603800686469,315,240,75,0.717582376713125,0.0236376717388195,257,182,0.0954125302788734,284,209,"1400"
"PHK35",0.152813560339576,480,280,200,0.679901525430858,0.031828552282903,457,257,0.101095658192282,429,229,"1400"
"PHK42",0.073539684624853,251,96,155,0.693702458750436,0.0211299610204601,304,149,0.0656940879208292,271,116,"1400"
"PHK56",0.158458736197902,481,290,191,0.682187591291269,0.0280206359232354,415,224,0.11344411565802,453,262,"1400"
"PHK74",0.0400265071996679,117,32,85,0.714671952856683,0.00854533954016396,115,30,0.0310556882235485,112,27,"1400"
"PHKE6",0.0658829618726122,310,80,230,0.672401043932396,0.0128832738922203,288,58,0.0493400386724978,289,59,"1400"
"PHM10",0.0265119074030091,244,17,227,0.674097557173549,0.00661682908355551,244,17,0.0227191106567633,241,14,"1400"
"PHN11",0.0508778589489076,298,49,249,0.664013955780993,0.0140940364946363,319,70,0.0423896305918589,294,45,"1400"
"PHN29",0.139306199724977,294,259,35,0.73918689834624,0.0247911098835579,229,194,0.103242438927082,273,238,"1400"
"PHN66",0.137304589981491,296,254,42,0.736832565887497,0.0253227997553258,245,203,0.101464689108394,274,232,"1400"
"PHN82",0.0540978007249168,214,56,158,0.693324241710021,0.0145725276780764,234,76,0.0440944657246672,205,47,"1400"
"PHP02",0.129994249437312,484,236,248,0.664099598161818,0.036183142360279,536,288,0.113981869951903,511,263,"1400"
"PHP55",0.154013675330232,469,284,185,0.684315333581862,0.0352582537591998,466,281,0.114418172355695,451,266,"1400"
"PHP76",0.0394808312022981,121,31,90,0.713641012827135,0.00759620423476111,116,26,0.0318849617406511,119,29,"1400"
"PHP85",0.107422612736497,484,185,299,0.64204513207116,0.0234501322700132,478,179,0.0964650847081028,514,215,"1400"
"PHPR5",0.115877935919914,374,205,169,0.692149929433033,0.0245777279147697,361,192,0.0819273500014293,341,172,"1400"
"PHR03",0.130832828496549,517,241,276,0.652202739317872,0.037116719345108,567,291,0.111675274482822,534,258,"1400"
"PHR30",0.113540912638424,406,199,207,0.678458219849572,0.0237991353762791,392,185,0.0919311803656661,405,198,"1400"
"PHR31",0.179441712472637,365,308,57,0.725817734727087,0.0448837043816612,381,324,0.153644237180904,377,320,"1400"
"PHR36",0.0803565680695191,423,120,303,0.640421516699236,0.0133031280271928,365,62,0.0554352373938209,385,82,"1400"
"PHR47",0.238401906817441,508,351,157,0.693549337256175,0.0569886782982776,507,350,0.190046150783492,504,347,"1400"
"PHR63",0.0605684493123885,259,63,196,0.681482520729836,0.0136009491325805,262,66,0.0528100322045238,270,74,"1400"
"PHT10",0.13470227512372,518,247,271,0.653262615238207,0.0251681785802411,472,201,0.10040165192536,496,225,"1400"
"PHT47",0.165029215046256,629,297,332,0.623583650626767,0.046008552708308,665,333,0.144825554380061,641,309,"1400"
"PHT55",0.118003335813138,500,212,288,0.64840738579641,0.0291574256100476,522,234,0.114324097979026,552,264,"1400"
"PHTM9",0.164592403781518,548,296,252,0.663072236089019,0.0409191786108297,562,310,0.168150554492562,586,334,"1400"
"PHV37",0.117236132781401,422,210,212,0.6767354084584,0.0308392373211004,463,251,0.100453806891007,438,226,"1400"
"PHV57",0.0388034509829302,101,29,72,0.720387901787513,0.00934951855521724,105,33,0.0362206186564271,107,35,"1400"
"PHV63",0.101029402222894,198,172,26,0.743936399481957,0.0230560785095051,202,176,0.0789892331738242,187,161,"1400"
"PHVA9",0.0739270662722707,242,99,143,0.697369181602266,0.0183629162262566,261,118,0.063492456719435,250,107,"1400"
"PHVJ4",0.127394225446441,383,230,153,0.694238702471734,0.0361739700871224,440,287,0.112974371493345,414,261,"1400"
"PHW03",0.0436273434021792,179,37,142,0.697773381012392,0.0115877323377811,188,46,0.0391298180583146,182,40,"1400"
"PHW17",0.0771625717374202,449,109,340,0.614915423545144,0.0192736969346358,470,130,0.0661028910046284,457,117,"1400"
"PHW20",0.113495916744897,485,198,287,0.648593839233695,0.029778367294928,530,243,0.0977910949064499,505,218,"1400"
"PHW30",0.0952738840121399,429,154,275,0.652309076791692,0.0214195558238776,430,155,0.0761822989902566,427,152,"1400"
"PHW43",0.0620459859242772,168,67,101,0.71050379580676,0.0140317487532153,170,69,0.0577129235480453,190,89,"1400"
"PHW52",0.119566896714583,403,216,187,0.68327900532425,0.0320890089807398,446,259,0.110157657828553,443,256,"1400"
"PHW53",0.235819393358343,666,350,316,0.634865163454898,0.0537334473927554,662,346,0.186338521391216,660,344,"1400"
"PHW80",0.14583684317389,623,268,355,0.587975098564928,0.0321780800532706,616,261,0.101737095546735,588,233,"1400"
"PHWG5",0.0749252051354639,295,102,193,0.681838573931086,0.019248214589718,322,129,0.0719125332586151,328,135,"1400"
"PHZ51",0.115525542406245,318,204,114,0.705036147453886,0.0337582845255951,388,274,0.104355392087381,355,241,"1400"
"Q381",0.206471797102576,410,331,79,0.716890582517055,0.0517601302630827,422,343,0.155871635835454,401,322,"1400"
"R168",0.118021287897376,401,213,188,0.682769485860551,0.0226195189043954,357,169,0.0894484100574277,378,190,"1400"
"R177",0.209200387090662,652,333,319,0.632045450384701,0.0532988262198711,663,344,0.178545336598167,659,340,"1400"
"R181B",0.178958272554415,312,307,5,0.791316585782422,0.0342235221185553,282,277,0.116640092073773,279,274,"1400"
"R226",0.142472163980428,369,262,107,0.708053305429249,0.0244213285612611,297,190,0.100964965921239,334,227,"1400"
"R229",0.00186403137396402,262,1,261,0.65931255283592,0.000474404801805415,262,1,0.0015909595142472,262,1,"1400"
"R71",0.0800940343404978,121,119,2,0.800976599315625,0.0163248288064782,94,92,0.0635094505250512,110,108,"1400"
"R78",0.0512202107832944,137,50,87,0.713881472865531,0.00841891962293274,116,29,0.0350472343742077,120,33,"1400"
"SD101",0.0841673263869741,171,128,43,0.736344343318868,0.0148450329480368,123,80,0.0613886059982487,144,101,"1400"
"SD102",0.130299421332594,317,237,80,0.716050755370838,0.0350924045562317,360,280,0.106193593083993,328,248,"1400"
"SD107",0.105564988097798,392,178,214,0.676477614435545,0.0191118039891635,341,127,0.0791488738108692,376,162,"1400"
"SD40",0.135111281876928,362,249,113,0.705213937373513,0.0338700815726763,388,275,0.105378174583486,358,245,"1400"
"SD44",0.195977648054302,407,325,82,0.715658074956918,0.0384603763371107,378,296,0.132998501433284,375,293,"1400"
"SG 30A",0.0847105834732958,315,129,186,0.684303505296589,0.0211087597518713,332,146,0.0726401235943222,326,140,"1400"
"Tr",0.0978244722346308,204,163,41,0.737259206486893,0.0256122312431603,248,207,0.0799045533575453,205,164,"1400"
"TZU-CHIAO-HSI-WU 105",0.116654816329722,236,207,29,0.742639707642268,0.0258839083005949,240,211,0.107756683903889,282,253,"1400"
"Va26",0.118845500166958,482,214,268,0.654818882945368,0.0309490572358611,521,253,0.102833319540187,504,236,"1400"
"Va35",0.113915921794068,509,201,308,0.637378727451,0.0291159603739165,541,233,0.0923536539963231,508,200,"1400"
"Va52",0.0624899284146526,92,69,23,0.746624034532345,0.0120046151597262,72,49,0.0472506736474644,75,52,"1400"
"Va99",0.052881175446168,223,52,171,0.691332749747505,0.0123168253359568,224,53,0.0490918652627363,228,57,"1400"
"W182E",0.0470713323035838,362,45,317,0.634657894462303,0.0117927592746245,364,47,0.0402829257537347,358,41,"1400"
"W22",0.11083451801668,282,193,89,0.713689317948615,0.0220170241790158,249,160,0.0724231510988039,228,139,"1400"
"W23",0.132454691775962,365,243,122,0.703580353012904,0.0251042537338789,321,199,0.0908841843507542,317,195,"1400"
"W24",0.0775754910323085,237,112,125,0.70288331668076,0.0167818418040366,223,98,0.0527143063245591,198,73,"1400"
"W32",0.0872249462262857,431,134,297,0.643341573644876,0.0194290332686118,430,133,0.0814747528489113,468,171,"1400"
"W37A",0.150226127834551,629,276,353,0.591092101112409,0.0390170292145848,651,298,0.120506921900922,632,279,"1400"
"W552",0.106980116019683,535,181,354,0.588209759336622,0.0250889989516464,550,196,0.0872296451865228,540,186,"1400"
"W603S",0.0572607678565392,397,61,336,0.619629934064309,0.0131640024983294,396,60,0.0551959371807483,416,80,"1400"
"W604S",0.119467566499387,473,215,258,0.661010208473271,0.0197127137477216,393,135,0.0804403342042429,424,166,"1400"
"W605S",0.14899163596386,326,272,54,0.726890440540284,0.0282007531851353,280,226,0.0994160672207505,275,221,"1400"
"W607S",0.0770918617546439,398,108,290,0.646860638845459,0.0169964626741674,390,100,0.0654766969532936,404,114,"1400"
"W610S",0.0679696507657145,418,84,334,0.621115828307881,0.0198247607550633,471,137,0.0613199309787683,433,99,"1400"
"W611S",0.0641714947795606,271,74,197,0.680238430174071,0.0174504895604571,302,105,0.0609257753692336,295,98,"1400"
"W612S",0.194812657762524,629,323,306,0.638823889883157,0.0451313262351831,634,328,0.175574884694258,644,338,"1400"
"W614S",0.0283075184683328,233,18,215,0.676303870034171,0.00744254491080315,240,25,0.0269412864302678,236,21,"1400"
"W64A",0.077201064513265,243,110,133,0.700691911033598,0.0193946130627437,265,132,0.0607886851393092,229,96,"1400"
"W701BC",0.0859311576715391,135,132,3,0.800483904823969,0.0230512221376256,178,175,0.0700581632554179,133,130,"1400"
"W803G",0.154569875578932,442,286,156,0.693584997652475,0.0408794265891696,465,309,0.13691942801822,455,299,"1400"
"W809G",0.186021248098647,326,313,13,0.757657195605975,0.0398385571779996,315,302,0.167217395037014,344,331,"1400"
"W810G",0.0911075025147776,157,145,12,0.761418542328232,0.0192992616752799,143,131,0.0809280426830277,180,168,"1400"
"W811G",0.0284961576310189,328,19,309,0.637223423775254,0.00707395268218657,330,21,0.024482131829586,328,19,"1400"
"W813G",0.17775737872256,410,306,104,0.708933669915706,0.0434613816880225,423,319,0.167545651606332,436,332,"1400"
"W8304",0.103555747996933,411,176,235,0.66907198942484,0.023491537322785,416,181,0.0718654660506974,369,134,"1400"
"W9",0.18962475652268,622,318,304,0.640082303133924,0.0354918694480265,588,284,0.135010240627527,602,298,"1400"
"WIL900",0.0435705962224483,379,36,343,0.611442020224988,0.0113756489406053,386,43,0.0360062070357041,377,34,"1400"
"WU-TAN-TZAO",0.0538994969311444,384,55,329,0.626038730048943,0.0113885286956446,373,44,0.0475928499422311,383,54,"1400"
"YE 4",0.222722139490281,695,344,351,0.596657557442372,0.0470528781287604,688,337,0.169495508096867,686,335,"1400"
"YING-55",0.124856924723493,294,226,68,0.721586381476876,0.0207223829636849,211,143,0.0838511680700004,244,176,"1400"
"Yu796 NS",0.0346080862530679,169,24,145,0.696390433518716,0.00584047921670189,158,13,0.0242672048079679,163,18,"1400"
"ZS365",0.202404381621758,642,327,315,0.635082237469056,0.0469632988963986,650,335,0.186566568392055,660,345,"1400"
"ZS635",0.0565252110432862,224,60,164,0.692731564989152,0.0160052282096144,253,89,0.0481486765036989,220,56,"1400"
"1538",0.074757670289041,187,100,87,0.72265995215923,0.0210914120932469,238,151,0.067289424047541,199,112,"1450"
"29MIBZ2",0.059364749427303,92,67,25,0.75183026155454,0.015864906867447,116,91,0.0477831399960133,89,64,"1450"
"2FACC",0.0982674903401486,195,164,31,0.74903940876288,0.0202109859895344,171,140,0.0735405144759212,175,144,"1450"
"2MA22",0.0734785111635831,396,99,297,0.652759933063335,0.0170350228241263,395,98,0.0717265786627647,431,134,"1450"
"3IJI1",0.172490845291113,541,305,236,0.677243859721191,0.0439302101207126,553,317,0.159817365635907,559,323,"1450"
"4226",0.152257134162083,495,282,213,0.684402895934031,0.0396226082966046,512,299,0.127000531624294,501,288,"1450"
"4N506",0.182280718013697,415,311,104,0.718178527873457,0.039120799348852,400,296,0.120860111079375,387,283,"1450"
"6M502",0.206906029280208,471,332,139,0.707800816441691,0.0394156206990877,437,298,0.132722741126811,435,296,"1450"
"6M502A",0.215708606932524,455,343,112,0.715331331452934,0.0418622647023416,423,311,0.139810013356325,413,301,"1450"
"764",0.124064850835648,564,228,336,0.631201445449645,0.0294319148919287,581,245,0.102124069912354,574,238,"1450"
"78010",0.101098531668061,481,173,308,0.64728680166073,0.0274110818904611,536,228,0.0818263745171463,476,168,"1450"
"793",0.100266714743992,434,171,263,0.665337455054272,0.0242597719837016,455,192,0.0893570296925286,456,193,"1450"
"87916W",0.0934059004444779,219,142,77,0.726508764894028,0.0263404795062655,292,215,0.0837372199720423,254,177,"1450"
"911",0.0628148185842074,318,79,239,0.676550830408284,0.0168715306473595,336,97,0.0553910471242242,322,83,"1450"
"912",0.150103887509167,606,279,327,0.636429691303463,0.0423626007537933,640,313,0.126807076735882,614,287,"1450"
"91IFC2",0.0887476587316083,359,133,226,0.68073673858734,0.0226327777543045,398,172,0.0774846890760374,385,159,"1450"
"A",0.0408531619908271,164,38,126,0.711863467996393,0.007551416861929,148,22,0.0294031859010893,157,31,"1450"
"A208",0.127012790895101,519,240,279,0.660578321845303,0.0291842914469015,522,243,0.122556069985594,563,284,"1450"
"A239",0.0432498579457909,102,47,55,0.734446604741467,0.0106827227318334,102,47,0.0356969892454329,95,40,"1450"
"A272",0.0288377035595356,217,16,201,0.688710571305455,0.00847515000811695,233,32,0.0265487526667543,219,18,"1450"
"A305",0.104219332084827,524,187,337,0.629398090150275,0.0252141378539941,539,202,0.0780458601432248,498,161,"1450"
"A322",0.0454475889071017,320,49,271,0.663808332985752,0.0127513778108032,333,62,0.0381024950561021,316,45,"1450"
"A334",0.0988438353716396,473,166,307,0.6490842455438,0.0279460834250837,541,234,0.0972504312042175,526,219,"1450"
"A340",0.0968302699302934,167,157,10,0.771739462861588,0.0263378553195041,224,214,0.084705852038823,189,179,"1450"
"A374",0.18913028211737,363,315,48,0.739317390857329,0.0442637377962628,366,318,0.16139507255606,372,324,"1450"
"A385",0.136626638343073,531,256,275,0.662531976777291,0.0352408206168245,559,284,0.146501935771844,586,311,"1450"
"A401",0.0974047373557058,202,161,41,0.744500005972715,0.0273487800485604,267,226,0.0916144939540073,241,200,"1450"
"A427",0.147724892206561,453,278,175,0.696500679358041,0.0337011271241868,449,274,0.115759262491681,449,274,"1450"
"A548",0.0952318048767545,464,152,312,0.646261018469002,0.0225391633989074,481,169,0.0950606816847903,522,210,"1450"
"A572",0.0364990578603483,308,27,281,0.658366049373234,0.00878992389081813,314,33,0.0271457624892647,302,21,"1450"
"A619",0.0862696387612494,448,129,319,0.6425961941719,0.0251346782758867,520,201,0.07613686875448,471,152,"1450"
"A627",0.076705903524093,437,106,331,0.633678826845459,0.0191038418093666,449,118,0.0671284583880839,442,111,"1450"
"A632",0.173635298349141,342,307,35,0.747694849349169,0.0416854918550866,344,309,0.131298584716417,327,292,"1450"
"A635",0.113968493410548,413,209,204,0.688406132925454,0.0287533881903261,445,241,0.106690913871828,457,253,"1450"
"A641",0.117858459499925,558,217,341,0.625726305133716,0.0315807709143277,603,262,0.094691482330137,548,207,"1450"
"A648",0.274064217821059,553,354,199,0.688915174329442,0.0565626049666619,549,350,0.216575917955996,553,354,"1450"
"A663",0.09389699098841,246,145,101,0.719000831011949,0.0204787687634253,247,146,0.086306808443185,286,185,"1450"
"A672",0.198380263700569,598,325,273,0.663630359830125,0.0325724412634977,538,265,0.137382938293498,572,299,"1450"
"A674",0.0223283516454305,161,8,153,0.704522984824889,0.00623385293197311,165,12,0.0199965275383654,160,7,"1450"
"A679",0.103355377845774,394,183,211,0.685038387589593,0.0223538159417605,376,165,0.0823276269392554,382,171,"1450"
"A680",0.028604382789903,192,15,177,0.696220897524141,0.00699787159316931,193,16,0.0252252238646438,192,15,"1450"
"A682",0.0947171533868402,223,151,72,0.727288543262197,0.0223458154035984,236,164,0.0830245899628164,247,175,"1450"
"A71",0.0275430077220443,116,13,103,0.718244864619053,0.00663627546528618,117,14,0.0254680106715723,119,16,"1450"
"A73",0.0935697741671589,363,144,219,0.682926162680071,0.0210619084198448,369,150,0.0701704855518948,346,127,"1450"
"A797NW",0.0598364460654,217,69,148,0.705252215094565,0.0168467628409739,244,96,0.0503912328221511,218,70,"1450"
"AQA3",0.068098056750171,342,85,257,0.667043119843236,0.014530613261363,335,78,0.0598459731510532,350,93,"1450"
"AS6103",0.170748962689616,526,303,223,0.681273892783736,0.0366191494817199,512,289,0.14366771447374,529,306,"1450"
"AusTRCF 306238",0.0819555889058877,433,119,314,0.64543509321966,0.0174899279357411,416,102,0.0548061533656971,394,80,"1450"
"B-18 INBR.FR.SUPERGOLD",0.0934649998901165,401,143,258,0.666990591944836,0.0213597219501002,411,153,0.0882900369944594,447,189,"1450"
"B-28",0.117371774255199,275,215,60,0.732766245178048,0.0313944209921215,316,256,0.0974381028639088,281,221,"1450"
"B103",0.1084646044399,317,196,121,0.713319553873842,0.0177077744855363,227,106,0.0730449784659153,264,143,"1450"
"B104",0.106043526855395,334,192,142,0.707478639598487,0.0207805791482039,289,147,0.0876559304888628,329,187,"1450"
"B105",0.0596644452314164,226,68,158,0.703188485037422,0.0179756872835232,266,108,0.0552508279173903,239,81,"1450"
"B108",0.0429960143641937,193,46,147,0.705519753355173,0.00893901883329618,181,34,0.0310667356566452,181,34,"1450"
"B109",0.266334718143668,664,353,311,0.646465173718968,0.0711705232585455,667,356,0.220120194342592,666,355,"1450"
"B110",0.114732825457023,262,212,50,0.738267897223092,0.0250453618676256,250,200,0.105555788991206,300,250,"1450"
"B111",0.0607211211557371,170,73,97,0.720532212343042,0.0117754925356319,153,56,0.0479811199870549,162,65,"1450"
"B115",0.132720637625601,302,249,53,0.735861929849496,0.0245742261318679,248,195,0.0952334625267946,264,211,"1450"
"B119",0.133349361087546,349,254,95,0.721028834888207,0.0400382670638463,395,300,0.124421652151731,381,286,"1450"
"B120",0.171185729232426,406,304,102,0.718507918049616,0.0471915371148453,434,332,0.159080666751205,424,322,"1450"
"B121",0.124412928289233,419,229,190,0.693011502350051,0.0278363525579467,422,232,0.0987248079792578,414,224,"1450"
"B14A",0.183701118557021,363,312,51,0.736423909169778,0.044814839727908,371,320,0.182857284192814,392,341,"1450"
"B164",0.11460019171465,225,211,14,0.767045837077818,0.0333569154635846,285,271,0.101003438653235,243,229,"1450"
"B2",0.0943757597776347,229,148,81,0.725447554945215,0.0167584978811718,176,95,0.0682363862978629,197,116,"1450"
"B37",0.141913027513619,495,265,230,0.679899298413456,0.0272321410006784,454,224,0.113670314222571,499,269,"1450"
"B47",0.0750949819029382,392,102,290,0.655672987555045,0.0160207384085414,383,93,0.0646047817445139,393,103,"1450"
"B57",0.0393443851419395,255,35,220,0.682299054695812,0.00897870351149336,255,35,0.0365129876511996,262,42,"1450"
"B66",0.130538114719049,540,247,293,0.654768845831213,0.0228243040825956,469,176,0.0957114786622316,506,213,"1450"
"B68",0.0766662343526187,169,105,64,0.73085389273682,0.0137044203808095,133,69,0.0553666736350427,146,82,"1450"
"B73",0.156556197533602,454,289,165,0.699860943606571,0.0391103360213009,460,295,0.120040940955048,446,281,"1450"
"B75",0.172521453110594,654,306,348,0.611394225910319,0.0461930567289886,673,325,0.151979909425469,665,317,"1450"
"B76",0.212162935345972,351,339,12,0.768224635416013,0.0418210604682135,322,310,0.150926729956739,327,315,"1450"
"B77",0.0292361787772575,70,18,52,0.736019357602394,0.00565012547028627,61,9,0.0225450566014973,62,10,"1450"
"B79",0.0205379238914533,135,5,130,0.710511496276294,0.00504188599262638,137,7,0.0156209775210488,136,6,"1450"
"B87",0.0229518851038005,142,9,133,0.70941398990984,0.00522686679823887,141,8,0.0218046242833282,142,9,"1450"
"B88",0.081268587107763,344,116,228,0.680363556418453,0.0201164235764983,366,138,0.082068162590787,397,169,"1450"
"B91",0.145325921950335,315,271,44,0.741968895359791,0.0326263510444864,310,266,0.107615832473478,299,255,"1450"
"B97",0.0610675999916857,174,74,100,0.719841053193733,0.0145029233839891,176,76,0.0563429850131672,184,84,"1450"
"BEI 10 = NORTH 10",0.0991238191652088,436,167,269,0.664245500287799,0.0184408354087932,382,113,0.0687569698767797,392,123,"1450"
"BO9",0.143975383573773,492,268,224,0.681249081263956,0.0328614425660591,491,267,0.10763949789276,480,256,"1450"
"CA-4",0.0327193726485202,95,25,70,0.727747283070975,0.00820788025262762,99,29,0.0266769655109957,89,19,"1450"
"CG102",0.0708780068878701,219,92,127,0.711671920317199,0.0138718741471234,198,71,0.0524985130994327,203,76,"1450"
"CH701-30",0.0979646962732232,290,162,128,0.711317880090348,0.0182746878196124,239,111,0.0769558308136188,283,155,"1450"
"CH711-10",0.238598384402867,687,348,339,0.626241023805878,0.0437257742349511,654,315,0.172629554092492,674,335,"1450"
"CH753-4",0.211544923308887,594,338,256,0.667250179274203,0.0495579510335091,595,339,0.206718256704137,607,351,"1450"
"CH9",0.0900487807737469,368,136,232,0.678751556512181,0.0199815542307222,368,136,0.0828091875085348,405,173,"1450"
"CI 40H",0.0723844503069704,114,96,18,0.758727904359626,0.0199082202462339,152,134,0.065072041608664,122,104,"1450"
"CR 22 INBRED",0.0849538540882003,280,125,155,0.704411973675265,0.0238032464801204,341,186,0.0755370125308286,305,150,"1450"
"DE2",0.0812013024925613,380,115,265,0.665177193056452,0.0227765417140266,438,173,0.0680533818993713,378,113,"1450"
"DE3",0.165451657512196,658,300,358,0.479546166651327,0.0442913490359006,677,319,0.132977224047182,655,297,"1450"
"DE4",0.145676676299444,527,272,255,0.667777047607496,0.0331538142423135,524,269,0.138171788688307,555,300,"1450"
"DE811",0.0659106693391667,219,81,138,0.708077788470946,0.0175649858457537,242,104,0.0565407370023415,223,85,"1450"
"DJ7",0.150316815039665,486,280,206,0.687460674667184,0.0402398585848204,508,302,0.120186917482049,488,282,"1450"
"DK3IIH6",0.0606197872239228,206,72,134,0.709264954644221,0.0149966759378189,218,84,0.0481397488700943,200,66,"1450"
"DK4676A",0.0938978509395888,349,146,203,0.688430141022441,0.0154850810586262,291,88,0.0625282552252005,303,100,"1450"
"DK78002A",0.0997677677053206,184,169,15,0.76227704557074,0.0183239934813959,127,112,0.0699274720858879,141,126,"1450"
"DK78010",0.026196144297808,155,12,143,0.706257803149491,0.00742687496493887,164,21,0.0236372770334439,156,13,"1450"
"DK78371A",0.0777576392377152,245,109,136,0.708184092330101,0.0179863239827394,245,109,0.0684091026890254,254,118,"1450"
"DKFAPW",0.111023672780024,377,199,178,0.696033600841052,0.0300583499567806,426,248,0.0959151310538007,392,214,"1450"
"DKFBHJ",0.102392653744911,195,179,16,0.761880307692787,0.0204676544709607,161,145,0.0863003183313673,200,184,"1450"
"DKMBNA",0.195717742944577,607,321,286,0.6571130956897,0.0332250936917455,556,270,0.13982888184191,588,302,"1450"
"DKPB80",0.0768598694203186,316,107,209,0.685484493655966,0.0197410661358595,339,130,0.0651498031391908,314,105,"1450"
"E8501",0.200590723456368,674,328,346,0.615068145997322,0.0409356462438588,651,305,0.15665170371504,667,321,"1450"
"EAST 028",0.118088801536678,316,218,98,0.720415421063957,0.0274783161754858,327,229,0.0947122975707958,306,208,"1450"
"F118",0.140241873061693,280,263,17,0.761845753617263,0.0250000902829832,216,199,0.105425144811209,265,248,"1450"
"F2834T",0.0719226438262554,224,93,131,0.71001743274142,0.0173161195265411,232,101,0.0683107322960394,248,117,"1450"
"FBLA",0.096873563186622,219,158,61,0.732488909174245,0.0214077883464021,215,154,0.0718910375609086,196,135,"1450"
"FR19",0.498747604897534,715,358,357,0.48550482088471,0.11359890609536,715,358,0.473998348694004,715,358,"1450"
"H105W",0.0659767620023919,245,82,163,0.700013278120969,0.0190706532811062,280,117,0.0656851057696284,271,108,"1450"
"H110",0.105032379913055,297,190,107,0.71648841862659,0.0252991261795266,311,204,0.0999161129145951,333,226,"1450"
"H113",0.039533602276662,236,36,200,0.688761317612763,0.0075754547151485,224,24,0.0309165797081993,233,33,"1450"
"H121",0.0734349223058256,374,97,277,0.661845289356277,0.0133782704124822,342,65,0.0511468109369381,349,72,"1450"
"H122w",0.021171570923252,340,6,334,0.632027281477319,0.00488677506748857,340,6,0.0205541363047461,342,8,"1450"
"H5",0.0416131449577445,255,41,214,0.684230704232695,0.0101429808295589,258,44,0.040823204147095,264,50,"1450"
"H71",0.0385990967840036,73,33,40,0.745021529988324,0.00708870067358388,57,17,0.0291656880286773,69,29,"1450"
"H84",0.0814340498157595,255,118,137,0.708089156023502,0.0177777218074704,244,107,0.0696575925855938,262,125,"1450"
"H91",0.0251892995879383,202,11,191,0.692330053712388,0.00605590268123533,202,11,0.0226953853240208,202,11,"1450"
"H95",0.203391453110355,508,329,179,0.695962903297575,0.0479489729974551,515,336,0.162805558838392,504,325,"1450"
"H96",0.176267481725872,337,308,29,0.750894382042924,0.0340934264224283,309,280,0.143767328959815,336,307,"1450"
"H99",0.0540287198720575,197,62,135,0.709060918337991,0.0122903688323185,195,60,0.0503424429832687,204,69,"1450"
"HP301",0.102922398465526,210,182,28,0.750971992349991,0.0279167206180612,261,233,0.0893695320950448,222,194,"1450"
"HUOBAI",0.187234017020106,637,313,324,0.638818652178587,0.0539290428237102,672,348,0.185144457655106,668,344,"1450"
"Hy",0.138059910869059,286,260,26,0.751828716160182,0.037765779609984,318,292,0.112357524821866,293,267,"1450"
"I29",0.125567065590101,348,235,113,0.715325970142421,0.0334424157623772,386,273,0.101028262402773,343,230,"1450"
"Ia 453",0.118868066622971,227,221,6,0.79276804634369,0.0266444444140842,223,217,0.0971866059819833,224,218,"1450"
"IA2132",0.0440937186243071,51,48,3,0.805181995527982,0.010014704375529,45,42,0.0414930158264859,55,52,"1450"
"IBB15",0.0501369305973603,87,53,34,0.747829812336851,0.013390727366843,100,66,0.0413251168648007,85,51,"1450"
"IBC2",0.0957962866416877,298,154,144,0.706096298613131,0.0218181502732296,301,157,0.0910307854927798,342,198,"1450"
"ICI 193",0.104099638577211,194,186,8,0.776876461614779,0.026028104648274,219,211,0.0847407043510379,188,180,"1450"
"ICI 740",0.0882465751458577,408,132,276,0.661976459560374,0.0176820518924528,381,105,0.066793672659542,386,110,"1450"
"ICI 893",0.102606914862258,402,181,221,0.68177914400461,0.0233064574852449,401,180,0.0966204187143129,437,216,"1450"
"ICI 986",0.133266148023246,376,252,124,0.712798576408628,0.0248849754181028,322,198,0.104489643170511,367,243,"1450"
"IDS28",0.13554801898535,331,255,76,0.726934796316744,0.0227784616932962,250,174,0.094910594529844,285,209,"1450"
"IDS69",0.159566874768831,573,293,280,0.659838648400969,0.0295034893057572,526,246,0.104873677176111,525,245,"1450"
"IDS91",0.0304679194118643,261,21,240,0.676508830663478,0.00712176285739571,259,19,0.02808725522071,266,26,"1450"
"INB 101LFY/LFY (A632 X M16 S5)",0.287312846976306,648,356,292,0.654887863027282,0.06328483929668,646,354,0.206702121943065,642,350,"1450"
"INBRED 141",0.118309690148427,242,220,22,0.754281953613771,0.0289498238040275,264,242,0.116994708964518,299,277,"1450"
"INBRED 2-687",0.126693411266566,300,238,62,0.732468925614072,0.0275671345729557,292,230,0.112257871972739,328,266,"1450"
"INBRED 305",0.095996660785706,502,155,347,0.612687327494283,0.0194818577859256,471,124,0.0685544102833152,468,121,"1450"
"INBRED 321",0.125320502521383,393,234,159,0.702182812360135,0.0340378328050276,436,277,0.109211791053128,418,259,"1450"
"K150",0.154547913558517,345,287,58,0.733081000536593,0.0276910372967175,289,231,0.110430380726504,319,261,"1450"
"K41",0.178723912190255,459,310,149,0.704897083742581,0.0468537597969817,480,331,0.167438132050724,479,330,"1450"
"K47",0.0761215978335448,197,103,94,0.721042935173919,0.0203912236167024,238,144,0.0635804519531121,195,101,"1450"
"KUNG-70",0.0955642817770884,457,153,304,0.649527339252063,0.0235416881760429,485,181,0.0957013392344986,516,212,"1450"
"L 127",0.204003855642113,584,331,253,0.668573940847979,0.0384885936605488,546,293,0.140426697455905,557,304,"1450"
"L 289",0.0220544844087869,232,7,225,0.680893873536978,0.00364665852383322,229,4,0.0153240504057548,229,4,"1450"
"LH1",0.0410230820027611,378,40,338,0.628380481595334,0.00987591572626448,379,41,0.0368812409511042,381,43,"1450"
"LH119",0.0314326389159154,320,24,296,0.653411304967734,0.00841787202502618,327,31,0.0301237235113962,328,32,"1450"
"LH128",0.029399879325918,127,19,108,0.716462501451282,0.00678999798249634,123,15,0.0271369722834312,128,20,"1450"
"LH143 (Maintainer)",0.0945660767536372,291,150,141,0.7075559716875,0.0187887683390158,255,114,0.0684980618890545,261,120,"1450"
"LH146Ht",0.0901381517144308,216,137,79,0.725865977159111,0.0148010321755946,160,81,0.0621002847872587,177,98,"1450"
"LH149",0.112767043722109,355,204,151,0.704755526415463,0.0218228407902172,309,158,0.0721827950006519,288,137,"1450"
"LH165",0.0589073468567423,387,65,322,0.641226929307921,0.0144532511952004,397,75,0.0585571083414377,411,89,"1450"
"LH166",0.0780007767436994,357,110,247,0.674483839162985,0.014888915594818,330,83,0.0620527984601698,344,97,"1450"
"LH181",0.16236312821,605,295,310,0.646832758357014,0.0366830836702738,600,290,0.146479581207113,620,310,"1450"
"LH184",0.101107451506532,362,174,188,0.693696383892709,0.0189860497285977,304,116,0.072162039626007,324,136,"1450"
"LH190",0.150814414093955,486,281,205,0.688218579170877,0.0281420397622818,441,236,0.106968993910271,459,254,"1450"
"LH192",0.243541103715144,631,349,282,0.657400621760194,0.0675018290554015,637,355,0.201112203575785,631,349,"1450"
"LH194",0.191684821873548,644,318,326,0.636977468658772,0.039232753220763,623,297,0.128008418887205,615,289,"1450"
"LH195",0.0620509069274403,269,76,193,0.692198235042632,0.0118990170088766,250,57,0.0487015118351341,260,67,"1450"
"LH197",0.196054192565078,397,322,75,0.727012661526702,0.0472094337467995,408,333,0.176164824823562,412,337,"1450"
"LH198",0.129435455382291,280,244,36,0.746946319078579,0.0312355217938646,290,254,0.123871357582069,321,285,"1450"
"LH202",0.0371243121543538,264,29,235,0.677493305239459,0.00755889973197922,258,23,0.0281607162585975,262,27,"1450"
"LH204",0.246554193031391,610,350,260,0.666360593026983,0.0618293430730021,613,353,0.215476273690885,613,353,"1450"
"LH205",0.152700959040784,623,283,340,0.626171172253077,0.0340551021653414,618,278,0.129569678392199,631,291,"1450"
"LH206",0.0686558374582464,334,86,248,0.674110083902992,0.0152996976555798,334,86,0.0570686173766458,334,86,"1450"
"LH208",0.0749330997515319,226,101,125,0.712580207713326,0.0140373874780504,198,73,0.0572278820547724,212,87,"1450"
"LH209",0.0807983474943882,306,114,192,0.692246296584301,0.0189216370507686,307,115,0.0744836700199015,338,146,"1450"
"LH214",0.0898387447088888,407,135,272,0.663766718102174,0.0220225133156751,432,160,0.092624308858178,474,202,"1450"
"LH215",0.254193192126406,640,352,288,0.656785630397997,0.0529087298639091,635,347,0.211074532356678,640,352,"1450"
"LH222",0.187878556397448,524,314,210,0.685394354064752,0.0455763874744138,533,323,0.166899388340605,538,328,"1450"
"LH223",0.0622494816934151,143,78,65,0.729921030674079,0.017496983917804,168,103,0.0586797297840565,155,90,"1450"
"LH224",0.104708250156237,285,189,96,0.720869308451777,0.0247716295508116,293,197,0.0965702474641825,311,215,"1450"
"LH295",0.0722197041456163,397,94,303,0.650474718262441,0.0147144655168069,383,80,0.0618636544670942,399,96,"1450"
"LH60",0.0289465622730408,169,17,152,0.704587857043409,0.0065753334468642,165,13,0.0272665431048948,175,23,"1450"
"LH74",0.0299539193320537,235,20,215,0.683462454329832,0.00909049107662651,251,36,0.0280327671710051,240,25,"1450"
"LH82",0.098087300832833,277,163,114,0.715108742638313,0.0191252126207899,233,119,0.0772827490162875,272,158,"1450"
"LH93",0.163429477070772,652,297,355,0.563114829604661,0.0474124442656413,689,334,0.149317275904941,668,313,"1450"
"LIBC 4",0.0849860108802533,199,126,73,0.727221327341197,0.025772497346328,282,209,0.0798182632305621,236,163,"1450"
"LP1 NR HT",0.14752801426811,324,275,49,0.738904726325865,0.0237537589407153,234,185,0.10005099344397,276,227,"1450"
"LP5",0.0602696760811086,288,71,217,0.683085758762271,0.0105403977413557,262,45,0.043415394316441,274,57,"1450"
"M14",0.145028169513537,445,269,176,0.696466633792767,0.0315051575368213,435,259,0.117941392037532,455,279,"1450"
"MBPM",0.0960358299172248,255,156,99,0.719890137426946,0.0254031944724422,305,206,0.0757952481418892,250,151,"1450"
"MBWZ",0.137913888195811,416,259,157,0.70371176281912,0.0344805167688774,438,281,0.104486398650079,399,242,"1450"
"MM501D",0.0513683403520157,401,56,345,0.616585754959103,0.0100325051105612,388,43,0.0396421270608805,392,47,"1450"
"Mo17",0.0814243884338587,312,117,195,0.691298331869731,0.019492121223056,320,125,0.0752059785765243,343,148,"1450"
"Mo1W",0.158918568926665,465,292,173,0.696598917161676,0.0409785212499846,479,306,0.170947600188982,506,333,"1450"
"Mo46",0.133041771905951,512,250,262,0.66550851616074,0.0232450055471413,441,179,0.0906561179241827,459,197,"1450"
"Mo47",0.0534915935336653,171,61,110,0.715574464388537,0.0145231064458706,187,77,0.0465684529145071,171,61,"1450"
"Mo5",0.10843643400839,278,195,83,0.725339549569686,0.0203069129103333,224,141,0.0848005323103758,264,181,"1450"
"MQ305",0.118914313566188,552,222,330,0.634196244707992,0.0269351123223478,549,219,0.105544772936734,579,249,"1450"
"MS116",0.0706256419736765,381,90,291,0.655194000245086,0.0172150175405823,391,100,0.0724661204522923,429,138,"1450"
"MS132",0.125720794261264,490,236,254,0.668432846707335,0.0257015342361164,462,208,0.0884653480057911,445,191,"1450"
"MS200",0.0582951964540861,392,64,328,0.634645938228054,0.0139762445993308,400,72,0.0541938128423646,406,78,"1450"
"MS211",0.13836142230444,455,261,194,0.691589600314783,0.0283983174475839,432,238,0.110751800445499,457,263,"1450"
"MS221",0.156623718317679,376,290,86,0.723820059606461,0.035581046315492,373,287,0.146472438808564,395,309,"1450"
"MS224",0.133112695381217,297,251,46,0.741246142424635,0.0329288157046004,314,268,0.110566887614833,308,262,"1450"
"MS225",0.0924707021708713,179,140,39,0.746037759336221,0.0223071387110008,202,163,0.0728173096331063,180,141,"1450"
"MS226",0.0943347715114207,442,147,295,0.654259273841049,0.0180628310386571,405,110,0.0702246263054683,423,128,"1450"
"MS24A",0.122639145442163,583,227,356,0.552935274812331,0.025604971724712,563,207,0.101950019325841,593,237,"1450"
"MS67",0.103803413737747,527,185,342,0.62060570462538,0.0283928626268895,579,237,0.0921420225643061,543,201,"1450"
"MS71",0.145957408908496,418,273,145,0.70608199865913,0.031514576698518,405,260,0.13173143806021,439,294,"1450"
"MS72",0.214860062496175,647,342,305,0.649343082540358,0.0596158986071086,657,352,0.177653941062496,643,338,"1450"
"N192",0.230495660497349,414,346,68,0.728014796232696,0.0451754727836761,389,321,0.168699261992149,399,331,"1450"
"N193",0.0833194962109127,318,122,196,0.690912535044927,0.0163716288823887,290,94,0.0542837952528044,275,79,"1450"
"N200",0.112822271451221,372,205,167,0.698705763197102,0.0314401695793783,424,257,0.0937797405849312,371,204,"1450"
"N201",0.0662003142205298,141,84,57,0.7341241535221,0.0195554488348825,184,127,0.0595845876731823,148,91,"1450"
"N209",0.0987266913299923,396,165,231,0.679048020182913,0.0273366096724637,456,225,0.0880858643472098,419,188,"1450"
"N217",0.0456860365076343,77,50,27,0.75100417132654,0.0117016904567272,81,54,0.0429953392141012,82,55,"1450"
"N218",0.189664583474894,559,316,243,0.67587219471904,0.0507277025554388,587,344,0.152529681324725,561,318,"1450"
"N28Ht",0.0524832116508435,188,59,129,0.710930448233368,0.0106013126916745,175,46,0.042560253750338,183,54,"1450"
"N501",0.0388205650614442,271,34,237,0.677240995163813,0.00986435336794466,277,40,0.0338930539096808,274,37,"1450"
"N523",0.0847153392817086,133,124,9,0.77504862069737,0.0230110453570228,187,178,0.068494792288556,128,119,"1450"
"N527",0.101927616805919,293,178,115,0.714970426497838,0.019902483978218,248,133,0.070627817530863,244,129,"1450"
"N534",0.0853779223125509,146,127,19,0.758037979000428,0.0228187987247844,194,175,0.0687134231234092,141,122,"1450"
"N542",0.157775276932673,402,291,111,0.715543524887865,0.0302355691361133,360,249,0.116451923209038,386,275,"1450"
"NC250",0.324053370941552,678,357,321,0.6418080168788,0.0594339770697242,672,351,0.242563163898659,677,356,"1450"
"NC262",0.193316535376107,504,320,184,0.69478672001109,0.0497636748809207,526,342,0.168877079586294,516,332,"1450"
"NC294",0.0770650335253724,254,108,146,0.705725758914341,0.0156083241391117,235,89,0.059589939026122,238,92,"1450"
"NC310",0.084385673055309,384,123,261,0.666047319973812,0.0192252590999178,382,121,0.0707839600094489,391,130,"1450"
"NC326",0.129761426371996,566,246,320,0.642488834409446,0.0351085898674338,603,283,0.111899586674585,585,265,"1450"
"NC328",0.252369328619878,593,351,242,0.676285187563126,0.0468406413109123,572,330,0.16643036535927,569,327,"1450"
"NC342",0.113877557804191,300,208,92,0.721772719445722,0.0313319231978639,347,255,0.101326979852915,325,233,"1450"
"NC412",0.137595175016179,474,258,216,0.683223330416328,0.0354951832082245,502,286,0.106664142958473,468,252,"1450"
"ND259",0.209849398138711,668,336,332,0.632959261016725,0.0458085250289373,656,324,0.185163282189925,677,345,"1450"
"ND265",0.192469810058494,593,319,274,0.663203775894571,0.046279032291866,601,327,0.145640750293606,582,308,"1450"
"NK740",0.189822030673992,551,317,234,0.677854265566868,0.0507194247977101,577,343,0.152829579291928,553,319,"1450"
"NK778",0.207072101487797,505,333,172,0.696709877616005,0.0462209315590519,498,326,0.188788266235986,519,347,"1450"
"NK807",0.0305978301690332,263,22,241,0.676431025542719,0.00734216286992635,261,20,0.0286312126617246,269,28,"1450"
"NKS8326",0.119563423079634,422,224,198,0.689609871043245,0.0305089753419581,448,250,0.0939014986791894,403,205,"1450"
"NORTH 7",0.0790376288023516,362,111,251,0.672345815791988,0.0192042976958547,371,120,0.0769969936643504,407,156,"1450"
"NQ508",0.114196693870263,281,210,71,0.727361937832824,0.0211253638068777,223,152,0.0762635189211206,224,153,"1450"
"NS501",0.011354396095872,272,2,270,0.664194681847158,0.00292274266848279,272,2,0.00991891435848534,272,2,"1450"
"NS701",0.280612171272591,649,355,294,0.654732557812755,0.0773551393346616,651,357,0.253608331424946,651,357,"1450"
"NY6371",0.107709551887289,200,193,7,0.787824425143185,0.0203855461861822,149,142,0.0752863113108771,156,149,"1450"
"Ny821",0.0515302032232125,179,57,122,0.713158682068433,0.0128897257336134,185,63,0.0432428193809526,178,56,"1450"
"OH33",0.0734670818922555,143,98,45,0.741737320696253,0.0159060257399499,137,92,0.0624914631939113,144,99,"1450"
"Oh40B",0.0828084972510964,203,121,82,0.725377064736454,0.0201475346209862,221,139,0.064377209708632,184,102,"1450"
"Oh43",0.213384511830311,591,341,250,0.672790141386202,0.040512168133819,553,303,0.140228625766317,553,303,"1450"
"Oh7",0.0286025652118619,107,14,93,0.721728059426398,0.00772420206218641,119,26,0.0230284918464029,105,12,"1450"
"OQ403",0.118181548997163,401,219,182,0.695085317134291,0.0280510009691698,417,235,0.107692623871219,439,257,"1450"
"OQ603",0.0428048410250113,107,44,63,0.732452192052962,0.0108190297184354,111,48,0.045300030863165,122,59,"1450"
"Os420",0.162826609096852,329,296,33,0.748296760412835,0.0333867624172153,305,272,0.115490708882505,306,273,"1450"
"OS602",0.11131675452234,316,200,116,0.714635681895244,0.0224323867254277,283,167,0.0902721491885585,312,196,"1450"
"Pa392",0.11764114184854,468,216,252,0.671552773409386,0.0244966151429698,446,194,0.102872819490812,491,239,"1450"
"Pa405",0.0855987043467999,429,128,301,0.650856530386705,0.0240958083374473,490,189,0.0809367006749491,467,166,"1450"
"Pa875",0.147529749623888,354,276,78,0.726038718208382,0.0292097165576929,322,244,0.105087188494381,324,246,"1450"
"Pa880",0.0251889402346302,11,10,1,0.822794487853246,0.00572858317957116,11,10,0.0238432781720552,15,14,"1450"
"Pa91",0.050611081709413,86,54,32,0.748943057064806,0.0117131825337446,87,55,0.0493004466903834,100,68,"1450"
"PH207",0.0178804468230594,92,4,88,0.722504834593293,0.00385224412111887,93,5,0.015525822255335,93,5,"1450"
"PHB09",0.112272541576356,322,203,119,0.713566780018765,0.0215756145995768,275,156,0.0726721396991292,259,140,"1450"
"PHB47",0.101420658373763,359,176,183,0.694985374335471,0.0270466555488295,403,220,0.0823801404662335,355,172,"1450"
"PHBA6",0.0616522555929098,99,75,24,0.753641681864026,0.0148244691223386,106,82,0.058272835122585,112,88,"1450"
"PHBB3",0.196179800811463,545,323,222,0.681370057264086,0.0436486082043197,536,314,0.134610748768601,520,298,"1450"
"PHEG9",0.0722704796905068,149,95,54,0.734782704925861,0.0150028912173393,139,85,0.0612530983941351,149,95,"1450"
"PHG29",0.120883785967141,492,225,267,0.664796831838481,0.0235467789899606,449,182,0.0778638016631659,427,160,"1450"
"PHG47",0.207185189050495,688,334,354,0.569691946634991,0.0354838476480998,639,285,0.148422644172195,666,312,"1450"
"PHG71",0.100866447790073,185,172,13,0.767763384982698,0.0269048548980706,231,218,0.0816474187275334,180,167,"1450"
"PHG80",0.128060771065162,423,243,180,0.695217149931766,0.0340930409588256,459,279,0.115351225507771,452,272,"1450"
"PHG83",0.0766486829071058,388,104,284,0.657256545239802,0.0196351198303605,413,129,0.0711396102176662,415,131,"1450"
"PHG86",0.203442943155496,372,330,42,0.744442737969606,0.0488968594049681,380,338,0.151834384474427,358,316,"1450"
"PHH93",0.153221280133646,615,286,329,0.634460365087681,0.0386618157010388,623,294,0.116698032663402,605,276,"1450"
"PHHH9",0.0972376093070548,345,160,185,0.694756541956167,0.0240412308441865,372,187,0.0852894964095323,367,182,"1450"
"PHHV4",0.113546723785703,456,207,249,0.673818087549404,0.0244234923826061,442,193,0.101468116835026,483,234,"1450"
"PHJ70",0.216408165096111,695,344,351,0.604865196568797,0.0487345725325099,688,337,0.173720305043444,687,336,"1450"
"PHJ89",0.126702961016637,574,239,335,0.631217882031369,0.0247033156353446,531,196,0.0893918648539281,530,195,"1450"
"PHJ90",0.0598756610142766,188,70,118,0.71432047612686,0.0153728838438648,205,87,0.0506625726926414,189,71,"1450"
"PHJR5",0.143167154641577,334,267,67,0.728367136663067,0.0253482340816843,272,205,0.105253776962306,314,247,"1450"
"PHK35",0.142754655185387,510,266,244,0.675791621595421,0.0270805119030805,465,221,0.0927490882772622,447,203,"1450"
"PHK42",0.0660522723603642,244,83,161,0.700875671728934,0.0195018419594094,287,126,0.0609800002164705,255,94,"1450"
"PHK56",0.147591145292282,484,277,207,0.686439595591199,0.0262238335593998,419,212,0.110017054505835,467,260,"1450"
"PHK74",0.0423187879678448,122,42,80,0.725509019776242,0.00932212040779751,117,37,0.0357114841845718,121,41,"1450"
"PHKE6",0.0708230263344086,299,91,208,0.685574221829539,0.0138149974783354,278,70,0.051827755527193,281,73,"1450"
"PHM10",0.0311615087776918,235,23,212,0.684589724181934,0.00772670479983387,239,27,0.0273049103658633,236,24,"1450"
"PHN11",0.0408543767062877,277,39,238,0.676941842633941,0.0111685330470424,287,49,0.0332276280276784,274,36,"1450"
"PHN29",0.133345098006759,291,253,38,0.746128547771646,0.0235590515001704,221,183,0.0984582170701293,260,222,"1450"
"PHN66",0.145192224298052,317,270,47,0.740016227095758,0.0285602240663023,286,239,0.110792973853045,311,264,"1450"
"PHN82",0.0429555390141056,211,45,166,0.69936807419966,0.0114597935756249,219,53,0.0347319959135575,205,39,"1450"
"PHP02",0.112950031769945,439,206,233,0.678256523300957,0.0315027979180158,491,258,0.101106998488348,464,231,"1450"
"PHP55",0.117253096153765,385,214,171,0.697103756623374,0.0315632709958812,432,261,0.104568647771586,415,244,"1450"
"PHP76",0.0382549056957508,117,32,85,0.724081748297212,0.00829851488537673,115,30,0.0341730463076423,123,38,"1450"
"PHP85",0.105131120114949,497,191,306,0.649331479197318,0.0228708256710206,483,177,0.0940160279900085,512,206,"1450"
"PHPR5",0.119255861634767,385,223,162,0.700648401397006,0.0241696747394236,353,191,0.0836889402991831,338,176,"1450"
"PHR03",0.122308261767004,504,226,278,0.660651101452636,0.0339777575611063,554,276,0.10127833183976,510,232,"1450"
"PHR30",0.129570449898009,463,245,218,0.683048592068509,0.0258986310208785,428,210,0.0891898771408233,410,192,"1450"
"PHR31",0.161080368517641,353,294,59,0.732996388833842,0.0401478832423253,360,301,0.140942235969205,364,305,"1450"
"PHR36",0.102604011769756,469,180,289,0.655838407200813,0.0201073022018689,426,137,0.07863616333477,451,162,"1450"
"PHR47",0.22249563002359,509,345,164,0.699917718182761,0.0527982446237467,510,346,0.18043591260486,503,339,"1450"
"PHR63",0.0620513576772158,274,77,197,0.689622996020251,0.0136131518169866,264,67,0.0537964983416732,274,77,"1450"
"PHT10",0.128036954716684,510,242,268,0.664311222383034,0.0241298662682217,458,190,0.0985394542623477,491,223,"1450"
"PHT47",0.169424434470501,634,301,333,0.632379646610011,0.0465120378868785,661,328,0.150613995422527,647,314,"1450"
"PHT55",0.100212369903721,455,170,285,0.657189060482283,0.0252720800836112,488,203,0.104185391780209,526,241,"1450"
"PHTM9",0.1782484699775,573,309,264,0.665260586475553,0.0438837151564225,580,316,0.183330398110607,606,342,"1450"
"PHV37",0.0798547530176255,282,112,170,0.697560033871603,0.0222921602937726,332,162,0.0715115339488762,303,133,"1450"
"PHV57",0.042696913125233,109,43,66,0.729352131524473,0.00969615980942807,105,39,0.0400442223831528,114,48,"1450"
"PHV63",0.112247122916402,232,202,30,0.750689869405282,0.0262637943156425,243,213,0.0883865699441947,220,190,"1450"
"PHVA9",0.0366403029448156,196,28,168,0.697920001586635,0.00941311281094468,206,38,0.0320025302355046,203,35,"1450"
"PHVJ4",0.132515406680122,408,248,160,0.702115574654219,0.0364150970545443,448,288,0.117850436554302,438,278,"1450"
"PHW03",0.0460735154905687,207,51,156,0.704014076137779,0.012286965677247,215,59,0.0373993218506653,200,44,"1450"
"PHW17",0.0593523263262106,409,66,343,0.618979264255656,0.0146858883355956,422,79,0.0520442639273414,417,74,"1450"
"PHW20",0.101261765247217,474,175,299,0.652401522054478,0.0286957605177725,539,240,0.0970418877559774,516,217,"1450"
"PHW30",0.103561264144943,443,184,259,0.666752813134417,0.0198449385377099,391,132,0.0745386511367864,406,147,"1450"
"PHW43",0.0700198233396592,193,88,105,0.717186934227189,0.0157730996280094,195,90,0.0656818965940536,212,107,"1450"
"PHW52",0.110534597255051,379,198,181,0.69516754887317,0.0306901339323394,432,251,0.101519801755358,416,235,"1450"
"PHW53",0.237479495066152,660,347,313,0.645470597036844,0.0557489007173364,662,349,0.187710182835554,659,346,"1450"
"PHW80",0.140480704097845,617,264,353,0.599372161012636,0.0308405496723988,605,252,0.0997363174295897,578,225,"1450"
"PHWG5",0.0697614944058433,276,87,189,0.693413517204548,0.0199627023861977,324,135,0.0681359169917859,303,114,"1450"
"PHZ51",0.111414767624368,307,201,106,0.716766052419297,0.0323840954195896,370,264,0.101905423249538,342,236,"1450"
"Q381",0.21011273756391,421,337,84,0.724289224475199,0.0510557583226388,429,345,0.152956922947274,404,320,"1450"
"R168",0.10793956459199,396,194,202,0.688569120779473,0.01933151481997,324,122,0.0800156925675738,366,164,"1450"
"R177",0.19686937504593,639,324,315,0.644970930189135,0.0495862221247365,655,340,0.171960547276185,649,334,"1450"
"R181B",0.165061303040623,303,299,4,0.800210056139777,0.0310415080627094,257,253,0.106427622476922,255,251,"1450"
"R226",0.124474988772207,319,230,89,0.722425546721287,0.0218512431112972,248,159,0.0911581740865692,288,199,"1450"
"R229",0.0126063497467333,269,3,266,0.664967678177929,0.00315254074264004,269,3,0.012942261960588,269,3,"1450"
"R71",0.124542518942899,236,231,5,0.800169763412007,0.026405319544137,221,216,0.103722532134124,245,240,"1450"
"R78",0.0375911157106477,121,31,90,0.722330176139623,0.00710316026285372,108,18,0.026521160350916,107,17,"1450"
"SD101",0.0646856385626284,117,80,37,0.746793854981031,0.0112450579877945,88,51,0.0472018603056198,100,63,"1450"
"SD102",0.125207595060922,324,233,91,0.722263602934195,0.0337395592307181,366,275,0.100691647832045,319,228,"1450"
"SD107",0.152735909023837,458,284,174,0.696535053480346,0.0271865750058195,397,223,0.114263394093409,444,270,"1450"
"SD40",0.137314741721867,374,257,117,0.714561120765028,0.0370616090134837,408,291,0.112837860283216,385,268,"1450"
"SD44",0.164123748775561,421,298,123,0.712969505269837,0.0419535058380127,435,312,0.131481286192273,416,293,"1450"
"SG 30A",0.0913311162144191,325,139,186,0.694078708223362,0.0223671043588514,352,166,0.0804866402657705,351,165,"1450"
"Tr",0.101686628714856,220,177,43,0.743918395596394,0.0271387624352504,265,222,0.0820821097066644,213,170,"1450"
"TZU-CHIAO-HSI-WU 105",0.127936787627559,264,241,23,0.754216643331427,0.0273773620837924,250,227,0.114966033906317,294,271,"1450"
"Va26",0.15490848419894,534,288,246,0.675178906967749,0.0408585308082038,550,304,0.128273218284506,536,290,"1450"
"Va35",0.124975457922081,534,232,302,0.650521528173273,0.0322486239561009,565,263,0.0973747798972755,522,220,"1450"
"Va52",0.0703515825931092,109,89,20,0.755029245607356,0.0132459361938854,84,64,0.0521984457676838,95,75,"1450"
"Va99",0.0800162674455816,300,113,187,0.693888122373218,0.0170665743862813,286,99,0.0688250474173011,311,124,"1450"
"W182E",0.0518614066099916,375,58,317,0.643708928491464,0.0126974269908189,378,61,0.0457114913746404,377,60,"1450"
"W22",0.0993837150500717,237,168,69,0.727820911192513,0.0209306099024124,218,149,0.0656221993807483,175,106,"1450"
"W24",0.104219666007921,308,188,120,0.713334174801178,0.0208555392762522,268,148,0.0712509687034088,252,132,"1450"
"W32",0.0868464348694325,430,130,300,0.651927596528645,0.0198216780285739,431,131,0.0828941138649205,474,174,"1450"
"W37A",0.139512042700138,614,262,352,0.604390268477303,0.0346156154319071,634,282,0.108626652416629,610,258,"1450"
"W552",0.0561275078636611,412,63,349,0.609633976302553,0.0121073219307326,407,58,0.0439918207668607,407,58,"1450"
"W603S",0.0403329948723978,360,37,323,0.63973890109215,0.0114418459230473,375,52,0.0387340029936124,369,46,"1450"
"W604S",0.125869704125938,482,237,245,0.675348543616125,0.021572532323718,400,155,0.0842080118991363,423,178,"1450"
"W605S",0.11619471233039,269,213,56,0.73436216944106,0.0240836284722535,244,188,0.0867865127733709,242,186,"1450"
"W607S",0.093378688146948,424,141,283,0.65731877578391,0.0194060150064743,406,123,0.0726592615630258,422,139,"1450"
"W610S",0.0882230267194536,449,131,318,0.64277873660799,0.0225973655861718,489,171,0.0770401702518872,475,157,"1450"
"W611S",0.0826475987045522,289,120,169,0.697690065040608,0.022092407834128,330,161,0.0665037398799277,278,109,"1450"
"W612S",0.198772462532454,642,326,316,0.644767372661987,0.0466152950818727,645,329,0.181118345868588,656,340,"1450"
"W614S",0.0333272623324878,253,26,227,0.680730417983433,0.0076306392453908,252,25,0.0293602904719687,257,30,"1450"
"W64A",0.0912812696326714,278,138,140,0.707701319738157,0.0225429604553877,310,170,0.0739905892659968,285,145,"1450"
"W701BC",0.089171627805938,136,134,2,0.808799635497871,0.02357076384197,186,184,0.0729010540975438,144,142,"1450"
"W803G",0.152743411853719,435,285,150,0.704891410293441,0.0414202704996072,458,308,0.132544023076376,445,295,"1450"
"W809G",0.208509836473107,356,335,21,0.754511564458677,0.0454934673394532,343,322,0.19170403906972,369,348,"1450"
"W810G",0.0944460910982211,160,149,11,0.769743646272362,0.0203865951196271,154,143,0.0854744477533565,194,183,"1450"
"W811G",0.00585860004935808,299,1,298,0.652451175413077,0.0013672385609596,299,1,0.00576256268873927,299,1,"1450"
"W813G",0.169651344094858,411,302,109,0.715783624513384,0.0411747127009022,416,307,0.164833708858798,435,326,"1450"
"W8304",0.096896603036946,388,159,229,0.680121130309162,0.0225011009751396,397,168,0.0682201563459616,344,115,"1450"
"W9",0.145968987502618,561,274,287,0.656936747163407,0.0296614447329311,534,247,0.119988442441416,567,280,"1450"
"WIL900",0.0490263245077855,396,52,344,0.618049986302474,0.0136292786803958,412,68,0.0406312083992446,393,49,"1450"
"WU-TAN-TZAO",0.0524890873658853,385,60,325,0.63713710490179,0.0111749948573859,375,50,0.0468843119156912,387,62,"1450"
"YE 4",0.212373340866369,690,340,350,0.607412684594468,0.0495998779747645,691,341,0.167316398413213,679,329,"1450"
"YING-55",0.109716369446026,271,197,74,0.727123378683067,0.0196140147822466,202,128,0.0765941229330357,228,154,"1450"
"Yu796 NS",0.0372159410101827,162,30,132,0.709523860328726,0.00790406588290875,160,28,0.0271458322396116,154,22,"1450"
"ZS365",0.198963472759842,636,327,309,0.646942061048354,0.047575948229866,644,335,0.183736529582535,652,343,"1450"
"ZS635",0.0513248005181365,209,55,154,0.704454883087035,0.0142338734954553,228,74,0.042412551903713,207,53,"1450"
"1538",0.0866118130347406,286,178,108,0.721255473493052,0.0340054972381585,311,203,0.0780107141545083,311,203,"1500"
"29MIBZ2",0.0572218017844339,132,105,27,0.759605573682851,0.0207364412792889,135,108,0.0475681072566548,135,108,"1500"
"2FACC",0.0571124690070062,162,104,58,0.739513620980105,0.0208757072493467,167,109,0.0478871606151306,167,109,"1500"
"2MA22",0.111714726970905,520,241,279,0.654443038119418,0.0366237918302796,506,227,0.0840005573186669,506,227,"1500"
"3IJI1",0.14327877668432,475,280,195,0.692268896025352,0.04967888019162,472,277,0.113952205377578,472,277,"1500"
"4226",0.140790054165512,512,276,236,0.67746741626949,0.054835113515483,526,290,0.125794960334881,526,290,"1500"
"4N506",0.124157596742056,380,261,119,0.717306624232775,0.0466068039557034,384,265,0.106920247581689,384,265,"1500"
"6M502",0.116910591578459,307,250,57,0.739559239370802,0.0433436453081482,313,256,0.099434094613869,313,256,"1500"
"6M502A",0.130047250246187,315,264,51,0.74374994514623,0.0467451048475253,317,266,0.107236043620458,317,266,"1500"
"764",0.0897538026927914,504,188,316,0.623764350834608,0.0319681093814896,505,189,0.0733353442959466,505,189,"1500"
"78010",0.102400486172043,513,224,289,0.651690335036426,0.042358742217479,540,251,0.0971745274984071,540,251,"1500"
"793",0.0915053416813713,437,194,243,0.673998056373915,0.0305949676408198,422,179,0.0701809036614574,422,179,"1500"
"87916W",0.101319478420428,278,218,60,0.737063753330097,0.0399245114366358,300,240,0.0915893555520374,300,240,"1500"
"911",0.0427859300037627,290,64,226,0.681971968561485,0.0168664110255362,311,85,0.0386931124093069,311,85,"1500"
"912",0.14931393117173,585,283,302,0.641406601609444,0.0580071178040081,597,295,0.133073769719336,597,295,"1500"
"91IFC2",0.0922269138030038,415,195,220,0.684805105653063,0.0328532680203531,415,195,0.0753653171182891,415,195,"1500"
"A",0.019017939795319,131,11,120,0.717116853687949,0.00779909996175611,139,19,0.0178917285211301,139,19,"1500"
"A208",0.117951369658993,510,254,256,0.667566634096315,0.0360784365178262,474,218,0.0827487110856717,474,218,"1500"
"A239",0.0279065179824158,73,27,46,0.746103344943986,0.0104875515498328,77,31,0.0240588660727919,77,31,"1500"
"A272",0.0516902587133142,282,93,189,0.693466809836636,0.0179038851516424,284,95,0.0410708257733842,284,95,"1500"
"A305",0.0933833334993512,505,201,304,0.639927302972453,0.0360628901689932,521,217,0.082731656552744,521,217,"1500"
"A322",0.0437223011190467,322,68,254,0.668503891796201,0.0167510754133493,337,83,0.0384285366863372,337,83,"1500"
"A334",0.0955811837732275,498,204,294,0.649845329914792,0.0362899805577329,517,223,0.083243912325684,517,223,"1500"
"A340",0.0877813942275256,197,183,14,0.778459870279601,0.03140599973643,198,184,0.072044702597811,198,184,"1500"
"A385",0.153043571915812,539,286,253,0.669042084519923,0.0518855409923015,536,283,0.119006013707652,536,283,"1500"
"A401",0.0823367785337157,201,170,31,0.757519591116415,0.0300736005219319,206,175,0.0689864206622426,206,175,"1500"
"A548",0.10232019567463,506,223,283,0.653442390023159,0.0322372125625108,474,191,0.0739388118832596,474,191,"1500"
"A572",0.0359358044496806,324,46,278,0.655553649646421,0.0139197068633457,336,58,0.0319325887127626,336,58,"1500"
"A619",0.0885825546326986,480,185,295,0.648394006416142,0.036370733661042,519,224,0.0834372408271744,519,224,"1500"
"A627",0.0803260130251722,438,164,274,0.657626462286317,0.0268591922970623,427,153,0.0616115287818088,427,153,"1500"
"A632",0.154568657931365,338,288,50,0.743848910110258,0.0554362656790536,341,291,0.127173825100536,341,291,"1500"
"A635",0.0972998166277021,389,207,182,0.696377998536337,0.0344850282626225,391,209,0.0791015734366038,391,209,"1500"
"A641",0.108669666937869,545,233,312,0.629570664300868,0.039601779919004,550,238,0.0908495197701568,550,238,"1500"
"A648",0.128528093307062,553,263,290,0.651561791142604,0.0461792224828885,554,264,0.105933409287356,554,264,"1500"
"A663",0.0697287745068153,248,139,109,0.72113792702223,0.0226857648726071,235,126,0.0520321151976619,235,126,"1500"
"A672",0.0171169389829293,196,10,186,0.694897944300742,0.00580179247188321,193,7,0.0133088419751508,193,7,"1500"
"A674",0.037707340023441,195,51,144,0.70804494243731,0.0142934023800288,203,59,0.0327897123497498,203,59,"1500"
"A679",0.0790969610091456,347,159,188,0.693968544603971,0.0267513959723146,340,152,0.0613653807194204,340,152,"1500"
"A680",0.0291644575676732,172,29,143,0.708162103350081,0.00985238121414634,169,26,0.0226004756889679,169,26,"1500"
"A71",0.0260441114409645,139,25,114,0.718721865359261,0.00928678258679261,138,24,0.0213038650326157,138,24,"1500"
"A73",0.065034232316829,318,128,190,0.693273888445214,0.023201445369812,319,129,0.0532239908572393,319,129,"1500"
"A797NW",0.0691877851858662,265,136,129,0.713718966052068,0.0268830946798934,283,154,0.0616713650071748,283,154,"1500"
"AQA3",0.0582015272343059,378,109,269,0.659974444994613,0.0177245341490593,362,93,0.0406532421787166,362,93,"1500"
"AS6103",0.146452431533051,448,282,166,0.700644458290013,0.0490683790303657,440,274,0.112551352858125,440,274,"1500"
"AusTRCF 306238",0.0619250379319512,382,120,262,0.664120820262934,0.0246376022611321,399,137,0.0565203059858749,399,137,"1500"
"B-28",0.114157976468074,306,245,61,0.737047309287271,0.0406875617261393,306,245,0.0933373807384177,306,245,"1500"
"B103",0.0798399389331661,240,162,78,0.729992131624243,0.0243174047214761,210,132,0.0557738914934207,210,132,"1500"
"B104",0.0505684123137915,173,90,83,0.728359327875442,0.0176825369169597,175,92,0.0405574483493707,175,92,"1500"
"B105",0.058867652807254,245,112,133,0.712469820299296,0.0226116154869456,257,124,0.0518731672462421,257,124,"1500"
"B108",0.0473074729471904,194,82,112,0.719222201698365,0.0158763680481872,186,74,0.036418609864616,186,74,"1500"
"B109",0.250198729045507,596,324,272,0.658949446839597,0.0891312800728468,596,324,0.204468000932971,596,324,"1500"
"B111",0.0585602792821898,192,111,81,0.729145288694188,0.0196107636951109,183,102,0.0449825354158584,183,102,"1500"
"B115",0.0570168262457416,127,103,24,0.762882670130576,0.0214031555021496,137,113,0.0490996869122209,137,113,"1500"
"B119",0.157275666124607,357,289,68,0.734507775112051,0.0624410426207433,375,307,0.143243877213318,375,307,"1500"
"B120",0.174453548110494,371,302,69,0.734221950056613,0.0639215775116908,377,308,0.146630533589791,377,308,"1500"
"B121",0.105388719598808,448,229,219,0.68521750538078,0.0375465772826634,448,229,0.0861317622241842,448,229,"1500"
"B14A",0.167584532308943,340,299,41,0.747490760092581,0.0572094130284763,335,294,0.131221971505598,335,294,"1500"
"B164",0.110676662224774,254,238,16,0.774455884968217,0.0435217253696408,273,257,0.0998428877950842,273,257,"1500"
"B2",0.0524771991873944,180,96,84,0.728078912181732,0.0174892482261787,175,91,0.0401176626805562,175,91,"1500"
"B37",0.1016029914405,413,219,194,0.692697216307563,0.0308448977423041,375,181,0.0707460363143079,375,181,"1500"
"B57",0.0221564195165248,227,15,212,0.688216158168478,0.00693475602225133,223,11,0.0159059857005829,223,11,"1500"
"B66",0.0386474056581898,292,54,238,0.676930421972869,0.0127204443077945,286,48,0.0291757191174657,286,48,"1500"
"B68",0.0284530207219318,128,28,100,0.724370282423391,0.0103156882984876,129,29,0.0236643373980765,129,29,"1500"
"B73",0.130127626300533,440,265,175,0.698124696869285,0.0483401507508842,445,270,0.110896550834007,445,270,"1500"
"B75",0.153435646586684,602,287,315,0.624808996548137,0.0565241236714187,607,292,0.129667870779407,607,292,"1500"
"B76",0.132083885782142,277,269,8,0.787718027884755,0.0492957420376927,283,275,0.113078499259216,283,275,"1500"
"B77",0.015734312501231,39,5,34,0.756125292646122,0.00593275666147474,42,8,0.0136089357067832,42,8,"1500"
"B79",0.0433749632048863,165,66,99,0.725345832585421,0.0158240590970396,172,73,0.0363007017442582,172,73,"1500"
"B87",0.0334713477360294,174,38,136,0.712071337946153,0.010287379527695,164,28,0.0235949085756792,164,28,"1500"
"B88",0.0783112144629568,337,158,179,0.696726532904979,0.0263562063845886,327,148,0.0604545114749665,327,148,"1500"
"B91",0.112241063123234,275,242,33,0.756129665289552,0.0456029742396005,296,263,0.10461724680049,296,263,"1500"
"B97",0.0481669845774549,157,84,73,0.732713221408908,0.0162983710649296,152,79,0.0373844341546993,152,79,"1500"
"BEI 10 = NORTH 10",0.0804836172042838,413,167,246,0.671608257887691,0.0278607844571848,406,160,0.0639115452967706,406,160,"1500"
"BO9",0.112270424200827,434,243,191,0.693200504000144,0.0441370578453156,451,260,0.101253163672451,451,260,"1500"
"CG102",0.0445458729859286,175,73,102,0.72336954098533,0.0152534012386499,167,65,0.0349904119800333,167,65,"1500"
"CH701-30",0.0989295712762755,305,210,95,0.726193855998947,0.03376486992548,297,202,0.077444109973557,297,202,"1500"
"CH711-10",0.17985864595052,586,311,275,0.656605774046077,0.0545179241330232,564,289,0.125042338137087,564,289,"1500"
"CH753-4",0.198001326735585,570,318,252,0.669060160098831,0.069878700188722,569,317,0.160277260670167,569,317,"1500"
"CH9",0.0995873743024758,448,213,235,0.67766128851817,0.0336121827028177,435,200,0.0770976051804253,435,200,"1500"
"CI 40H",0.0706001665079719,160,141,19,0.767033596889017,0.0252977959634617,163,144,0.0580324473474729,162,143,"1500"
"CR 22 INBRED",0.075245940311908,302,152,150,0.706512232821093,0.0295808539111228,322,172,0.0678603236501725,322,172,"1500"
"DE2",0.0910506457710814,436,192,244,0.673337087386286,0.0364196890955532,469,225,0.0835500798636061,469,225,"1500"
"DE3",0.166666270961683,623,297,326,0.496036235510655,0.059590030517129,628,302,0.136702274457368,628,302,"1500"
"DE4",0.117245497301297,472,251,221,0.684643323544645,0.035726286052784,436,215,0.0819410568793227,436,215,"1500"
"DE811",0.0481932779196048,206,85,121,0.716544522989593,0.0171775512857982,210,89,0.0394018558062992,210,89,"1500"
"DJ7",0.158309309105022,463,291,172,0.699172552020239,0.056908032174556,465,293,0.130550409788645,465,293,"1500"
"DK3IIH6",0.0791736158062813,286,160,126,0.714806955350358,0.0291184534233426,295,169,0.0667984853098695,295,169,"1500"
"DK4676A",0.0544290998740562,241,100,141,0.708361392438963,0.0164880160795557,221,80,0.0378166706550358,221,80,"1500"
"DK78002A",0.065553420713457,152,130,22,0.764399287333673,0.0240213866736878,152,130,0.0551056159330731,152,130,"1500"
"DK78010",0.0737208898587438,301,149,152,0.706225271066928,0.0254762466987679,298,146,0.0584414394534907,298,146,"1500"
"DKFAPW",0.111435115471417,399,240,159,0.703069396324681,0.0398918747692195,398,239,0.0915110193889474,398,239,"1500"
"DKFBHJ",0.0520899976880931,107,95,12,0.782082549298592,0.0166373642816221,93,81,0.0381593291626759,93,81,"1500"
"DKMBNA",0.0370360670640356,229,49,180,0.69662943763835,0.0128753606014904,230,50,0.029531994844342,230,50,"1500"
"DKPB80",0.0722638470388352,354,145,209,0.688692274339203,0.0272611710471777,366,157,0.062538286753269,366,157,"1500"
"E8501",0.157297521929873,608,290,318,0.618368094452793,0.0525252397386074,603,285,0.120485712612578,603,285,"1500"
"F118",0.0211025769735145,19,14,5,0.792885855563647,0.00751400342622424,20,15,0.0172345335816842,20,15,"1500"
"F2834T",0.085972671047087,286,176,110,0.721070791092326,0.0286618492265881,275,165,0.0657444190404869,275,165,"1500"
"FBLA",0.0581694581169841,155,108,47,0.745376062110763,0.0243735488063885,180,133,0.0559148982151237,180,133,"1500"
"FR19",0.471173253272156,651,326,325,0.504689869281778,0.14375332294323,651,326,0.329709534393789,651,326,"1500"
"H105W",0.0725278544492263,300,146,154,0.705424488002162,0.0264840264452597,303,149,0.0607522412072036,303,149,"1500"
"H113",0.0252139586566734,226,24,202,0.690889497556475,0.00842390075292342,225,23,0.0193233032203974,225,23,"1500"
"H121",0.0381029659151456,315,52,263,0.663333583071572,0.0135763621354664,319,56,0.0311442625845834,319,56,"1500"
"H122w",0.0337849395613328,337,40,297,0.64726415880153,0.0103631462283501,327,30,0.0237686841211741,327,30,"1500"
"H5",0.026663652517947,209,26,183,0.696324372709245,0.0111042425916851,219,36,0.0254740510084392,219,36,"1500"
"H71",0.0226205336179853,42,17,25,0.76247120198593,0.00760458879417188,41,16,0.0174430435486279,41,16,"1500"
"H91",0.0170194307346094,176,9,167,0.700302575341317,0.00624287173888624,177,10,0.014320590531846,177,10,"1500"
"H95",0.177651674999804,524,309,215,0.687300346296122,0.064686782088881,524,309,0.148392644832654,524,309,"1500"
"H96",0.0907083191070838,199,190,9,0.78733987562279,0.028745311028543,176,167,0.0659299118440379,176,167,"1500"
"H99",0.0402034565816841,195,57,138,0.71138639598592,0.0125937829602809,184,46,0.0288858953149825,184,46,"1500"
"HP301",0.0915052146714971,222,193,29,0.758781497849256,0.0329020039282808,225,196,0.0754758837974198,225,196,"1500"
"HUOBAI",0.175491095357768,596,303,293,0.650252696578644,0.0659144620269136,604,311,0.151199181606671,604,311,"1500"
"Hy",0.140484632530999,303,275,28,0.759229980227187,0.0517203524611664,309,281,0.118650817580883,309,281,"1500"
"I29",0.115547406044112,352,247,105,0.722357403019779,0.0419737071685648,353,248,0.0962907786265237,353,248,"1500"
"Ia 453",0.0956946672040102,215,205,10,0.785572496139099,0.0320638280379204,200,190,0.0735461814888171,200,190,"1500"
"IA2132",0.0245702425356996,26,22,4,0.805189407098695,0.00743735562268033,18,14,0.0170582515944103,18,14,"1500"
"IBB15",0.0354723693411876,70,44,26,0.760739838834893,0.0127358580494591,75,49,0.0292156134759646,75,49,"1500"
"IBC2",0.0931362902901829,334,197,137,0.711400160221019,0.0307120075725536,317,180,0.070441354061069,317,180,"1500"
"ICI 740",0.0437549858004152,302,69,233,0.679346015036794,0.0153067113045979,299,66,0.0351132290191607,299,66,"1500"
"ICI 893",0.0870882028076586,351,181,170,0.699868504868919,0.0270648195372491,325,155,0.0620772578049122,325,155,"1500"
"ICI 986",0.0606235152868858,170,116,54,0.741709667911291,0.0207124987455247,161,107,0.0475068160463295,161,107,"1500"
"IDS28",0.0693294157191899,175,137,38,0.753623350626287,0.0215032491743049,152,114,0.0493208882341943,152,114,"1500"
"IDS69",0.0858377077227358,467,175,292,0.650465452073308,0.0324941600221593,486,194,0.0745446102627228,486,194,"1500"
"IDS91",0.0196382460593338,223,12,211,0.688517378645397,0.00739628801392509,223,12,0.0169659089608681,223,12,"1500"
"INB 101LFY/LFY (A632 X M16 S5)",0.204464804435197,627,319,308,0.635650054644824,0.084508772458433,630,322,0.193870268463965,630,322,"1500"
"INBRED 141",0.109523480741424,255,235,20,0.766270953418114,0.038098259312296,253,233,0.0873852953569688,253,233,"1500"
"INBRED 2-687",0.101818400560169,308,220,88,0.727664419723402,0.0315286943960775,274,186,0.0723156503368887,274,186,"1500"
"INBRED 305",0.0360299112709023,366,47,319,0.611756182541888,0.0133174507355964,373,54,0.0305506246935993,373,54,"1500"
"INBRED 321",0.103401987380197,352,227,125,0.714954785167725,0.0389537757029801,362,237,0.0893547073288674,362,237,"1500"
"K150",0.0879546577466879,220,184,36,0.75458856282287,0.0294860313078796,206,170,0.0676375233244314,206,170,"1500"
"K41",0.167144469642571,430,298,132,0.712558603495493,0.058636904459562,429,297,0.134500508444749,429,297,"1500"
"K47",0.0649609305303501,207,127,80,0.729567439633252,0.0242406519599528,211,131,0.055610221547758,211,131,"1500"
"KUNG-70",0.101009290673201,489,216,273,0.657650328953732,0.0342002654262958,477,204,0.0784462218356343,477,204,"1500"
"L 127",0.121113945243563,457,258,199,0.691675111880508,0.0446344586430357,461,262,0.102392669787157,461,262,"1500"
"L 289",0.0316216597974924,263,34,229,0.68039954120574,0.0105370516789493,261,32,0.0241698943380448,261,32,"1500"
"LH1",0.0316682229260137,340,35,305,0.639546469180232,0.0107561201097734,339,34,0.0246715686183262,339,34,"1500"
"LH119",0.033655055813807,297,39,258,0.664546226355936,0.0106652491697494,291,33,0.0244626584714975,291,33,"1500"
"LH128",0.0438299125675857,164,70,94,0.72621303475005,0.0133056131601813,146,52,0.0305178303230243,146,52,"1500"
"LH143 (Maintainer)",0.0403393285909738,214,58,156,0.705284748264482,0.0150111191331856,218,62,0.0344329929802761,218,62,"1500"
"LH146Ht",0.0450827241461173,138,74,64,0.736722031077604,0.0136505573039566,121,57,0.0313088497937247,121,57,"1500"
"LH149",0.0622936528852732,292,121,171,0.699414020009089,0.0222326150358863,291,120,0.0510024801378784,291,120,"1500"
"LH165",0.0476867436522997,367,83,284,0.653434190167778,0.0160379850755766,360,76,0.0367871435211596,360,76,"1500"
"LH166",0.0338754606223819,249,41,208,0.689033662752199,0.0114446033355218,246,38,0.0262496134329252,246,38,"1500"
"LH184",0.0433662645391873,266,65,201,0.691164649364428,0.0151074474516248,264,63,0.0346531585068705,264,63,"1500"
"LH190",0.0704105082717417,381,140,241,0.674735406960025,0.0254575068122873,386,145,0.0584012623487087,386,145,"1500"
"LH192",0.231794301535454,588,322,266,0.661750462321009,0.086701975819814,589,323,0.198902139972148,589,323,"1500"
"LH194",0.119135107923109,537,255,282,0.653447109846074,0.0425007282296201,534,252,0.0974964533800912,534,252,"1500"
"LH195",0.0490192605229457,285,88,197,0.691886126898054,0.0168529047956411,281,84,0.0386555064647918,281,84,"1500"
"LH197",0.176269926644742,363,304,59,0.737276492416212,0.0593311191019233,358,299,0.136099578130239,358,299,"1500"
"LH198",0.121834124246617,298,259,39,0.752963293211947,0.0405700898870223,283,244,0.0930601176178533,283,244,"1500"
"LH202",0.0251518565911992,257,23,234,0.678749724344981,0.0093911987648445,259,25,0.0215442507955166,259,25,"1500"
"LH204",0.239602666850346,533,323,210,0.688657247316471,0.0837073439308457,531,321,0.192022489437438,531,321,"1500"
"LH205",0.103364952945595,511,225,286,0.652272612942336,0.0355511119241039,499,213,0.081546013073142,499,213,"1500"
"LH206",0.0510608118394125,309,91,218,0.685568324574102,0.0171026516701926,306,88,0.0392314255089499,306,88,"1500"
"LH208",0.0444388153195533,190,72,118,0.717313027838247,0.0154117020193774,186,68,0.0353496102070311,186,68,"1500"
"LH209",0.0659772628328166,305,132,173,0.698968688645436,0.0217763837604849,288,115,0.0499490857533516,288,115,"1500"
"LH214",0.0934923044907136,434,202,232,0.679433000070749,0.031524205308684,417,185,0.072304628024454,417,185,"1500"
"LH215",0.152269762049059,429,284,145,0.70800435532325,0.0507363361289973,424,279,0.116381273078868,424,279,"1500"
"LH222",0.177575060905007,484,308,176,0.697898770005986,0.0611795353855288,480,304,0.140342971387221,480,304,"1500"
"LH223",0.0566902363270657,187,102,85,0.727898708452466,0.0213773334318905,197,112,0.0490366885290449,197,112,"1500"
"LH224",0.141723390858914,340,277,63,0.736763128327498,0.0437137391320877,321,258,0.100260897808643,321,258,"1500"
"LH295",0.0394389743705621,314,55,259,0.664484453924175,0.013354989218075,314,55,0.0306327538965078,314,55,"1500"
"LH60",0.0241145833694832,148,20,128,0.713856529595565,0.00785522848173614,149,21,0.0180167729634389,149,21,"1500"
"LH74",0.0411458360260986,236,59,177,0.697603887397927,0.0170408384118372,264,87,0.0390931158002472,264,87,"1500"
"LH82",0.0411902655119964,149,60,89,0.727217192176043,0.0145955234910688,149,60,0.0334770532451862,149,60,"1500"
"LH93",0.177372642855754,629,305,324,0.575412709962957,0.0673595309539514,638,314,0.154525882768993,638,314,"1500"
"LIBC 4",0.079834364882629,238,161,77,0.730353304804847,0.0330540050994701,275,198,0.0758286686435108,275,198,"1500"
"LP1 NR HT",0.0902678209586919,290,189,101,0.724223328226563,0.0288821099951112,269,168,0.0662438083044956,269,168,"1500"
"LP5",0.0315562734702592,218,33,185,0.695184308878639,0.0114656813842553,225,40,0.0263014865411808,225,40,"1500"
"M14",0.0745337057012151,391,151,240,0.6747422053913,0.0278652136865341,401,161,0.0639253055415098,401,161,"1500"
"MBPM",0.0907932532473394,277,191,86,0.727798172084447,0.0334700409118361,285,199,0.0767830987974894,285,199,"1500"
"MBWZ",0.121929490497935,411,260,151,0.706433830909234,0.0444526573503477,412,261,0.101977820409099,412,261,"1500"
"Mo17",0.0573814536120602,267,106,161,0.702746046368281,0.0205511811569639,267,106,0.0471403664311373,267,106,"1500"
"Mo1W",0.178252850055002,470,310,160,0.703062712875678,0.0617694186355549,466,306,0.141679743381435,466,306,"1500"
"Mo47",0.0614692388051852,245,118,127,0.714017210151369,0.0218947909164081,243,116,0.0502270963643589,243,116,"1500"
"Mo5",0.0603102935897363,156,114,42,0.746845813184651,0.0202151731352403,145,103,0.0463712396070298,145,103,"1500"
"MQ305",0.0625531436264716,433,122,311,0.63295440118339,0.021348043513417,422,111,0.0489673101958737,422,111,"1500"
"MS116",0.0496679381801831,353,89,264,0.66231909108882,0.0158072537274253,336,72,0.0362553661317827,336,72,"1500"
"MS132",0.0605945733375776,320,115,205,0.690409638975862,0.0246751328835437,343,138,0.0566069209917796,343,138,"1500"
"MS200",0.0457408910134133,384,77,307,0.636239508113395,0.0153261856586248,374,67,0.0351564506846458,374,67,"1500"
"MS211",0.0803467478535561,404,165,239,0.675729483484221,0.0286631522667706,405,166,0.0657532455960378,405,166,"1500"
"MS221",0.133212251226007,340,270,70,0.734111480285281,0.0403623103279106,313,243,0.0925749451932042,313,243,"1500"
"MS224",0.117724260269156,293,253,40,0.75014567481383,0.041873097009225,287,247,0.0960484103292652,287,247,"1500"
"MS225",0.0800010270442178,208,163,45,0.746535900058126,0.0322879952353846,237,192,0.0740709705372158,237,192,"1500"
"MS226",0.0425403394156127,362,63,299,0.644831915095631,0.0156783853613944,369,70,0.0359675373805366,369,70,"1500"
"MS67",0.100648814355423,521,215,306,0.63940576501568,0.0400496462423689,547,241,0.0918765666579903,547,241,"1500"
"MS71",0.112484487600618,320,244,76,0.730376639380728,0.0342784024378087,282,206,0.0786202204491431,282,206,"1500"
"MS72",0.214033381340057,601,320,281,0.654203411228042,0.0804597962665213,601,320,0.184582117131298,601,320,"1500"
"N192",0.177542652687976,410,307,103,0.723145956533569,0.0598471310548339,406,303,0.137283541299227,406,303,"1500"
"N200",0.115860439501221,396,248,148,0.706899067909893,0.0440731355673328,407,259,0.101107878631293,407,259,"1500"
"N201",0.0657886604991426,184,131,53,0.742107487307408,0.0265517861089268,203,150,0.0609121733952797,203,150,"1500"
"N209",0.0922662935808879,402,196,206,0.689675632758337,0.036102076567888,425,219,0.0828203469324305,425,219,"1500"
"N217",0.0414717479832357,91,61,30,0.757663860278078,0.0126019418553643,77,47,0.0289035682989254,77,47,"1500"
"N218",0.189763590975202,528,315,213,0.688142864868116,0.0682666706540562,528,315,0.156607896580129,528,315,"1500"
"N28Ht",0.023453394855621,115,19,96,0.726052802695862,0.00780878135028627,116,20,0.0179120271958549,116,20,"1500"
"N501",0.0326118044573588,252,36,216,0.687299541596099,0.0116880298591565,258,42,0.0268123846509633,258,42,"1500"
"N523",0.0840652324221249,185,174,11,0.783199522712984,0.0301890935350584,187,176,0.0692555164534381,187,176,"1500"
"N527",0.043494826415708,141,67,74,0.731697380457723,0.0182051438298348,170,96,0.0417640826701562,170,96,"1500"
"N534",0.0932475989072589,221,198,23,0.763584012766883,0.0344152937230851,230,207,0.078951609074852,230,207,"1500"
"N542",0.0539953907204684,267,99,168,0.700028841088851,0.0213227686550602,278,110,0.0489164065650226,278,110,"1500"
"NC250",0.103714759877776,549,228,321,0.60976453958474,0.0362368196126144,543,222,0.0831263344842012,543,222,"1500"
"NC262",0.214442610045733,499,321,178,0.697254846140945,0.0772379221796209,497,319,0.177184450964248,497,319,"1500"
"NC294",0.0472572611908604,160,81,79,0.729645018215775,0.0173569253729414,169,90,0.0398172182872349,169,90,"1500"
"NC310",0.0464957146357459,282,78,204,0.690775567273498,0.0190636920529179,304,100,0.0437337558115204,304,100,"1500"
"NC326",0.108441154576742,519,232,287,0.651906284643941,0.0388626668223892,523,236,0.0891498658011635,523,236,"1500"
"NC328",0.136200020660927,389,272,117,0.717531048584371,0.0489281421051475,390,273,0.112244005066125,390,273,"1500"
"NC342",0.108983550645737,331,234,97,0.725879549812442,0.0428104201912849,351,254,0.0982097605405773,351,254,"1500"
"NC412",0.138849736886916,473,273,200,0.69142145575307,0.0495401081397194,476,276,0.113646846690682,476,276,"1500"
"ND259",0.160000091123486,606,292,314,0.625258907835976,0.048690542846503,585,271,0.111677231383073,585,271,"1500"
"ND265",0.186228304336568,590,314,276,0.65649819965596,0.0666223575496489,589,313,0.152834880948872,589,313,"1500"
"NK740",0.165491197992632,526,295,231,0.680189026108538,0.0590658017315141,529,298,0.135496459345732,529,298,"1500"
"NK778",0.125128731830863,479,262,217,0.68564282180759,0.0378764981403272,448,231,0.0868732121864868,448,231,"1500"
"NK807",0.0109540662466458,231,1,230,0.68021481193227,0.0038498133698262,231,1,0.00883019812608326,231,1,"1500"
"NKS8326",0.105884244476149,426,230,196,0.691910585196734,0.0378999687487535,428,232,0.0869416546268289,428,232,"1500"
"NORTH 7",0.0890109538856762,423,186,237,0.67734888432775,0.0297887471452213,411,174,0.0683285557204728,411,174,"1500"
"NS501",0.0299848610941593,277,30,247,0.67126523311011,0.0101158116764854,274,27,0.0232047211177724,274,27,"1500"
"NS701",0.265742411073583,595,325,270,0.659759691432965,0.099796243889685,595,325,0.228919596916927,595,325,"1500"
"NY6371",0.0727910761119885,160,147,13,0.780342928851124,0.0224215013397289,136,123,0.0514267791875195,136,123,"1500"
"Ny821",0.0536282289421116,203,97,106,0.722020385154806,0.0167110450098842,188,82,0.0383293781218697,188,82,"1500"
"OH33",0.0453620020776425,143,76,67,0.734652660701302,0.0155311255421124,136,69,0.0356274919248102,136,69,"1500"
"Oh40B",0.0711000622469482,230,143,87,0.727674639481536,0.0277525256230073,245,158,0.063665944038513,245,158,"1500"
"Oh43",0.0973185095374245,476,208,268,0.660303808530106,0.0370044727672329,496,228,0.0848917060513552,496,228,"1500"
"Oh7",0.0198896071069929,88,13,75,0.731193314658877,0.00765689742201504,92,17,0.0175653304410793,92,17,"1500"
"OQ403",0.102053236259855,361,221,140,0.708951156882562,0.0316025633124577,328,188,0.0724850813072095,328,188,"1500"
"OQ603",0.0366619276948936,104,48,56,0.740486346634004,0.0130249779595413,107,51,0.0298748381572228,107,51,"1500"
"Os420",0.0892744688646301,205,187,18,0.770429867943388,0.0350916319828567,230,212,0.0805034703723592,230,212,"1500"
"Pa392",0.0832746272734854,394,172,222,0.684390122265709,0.0284871918343988,385,163,0.065341325423051,386,164,"1500"
"Pa405",0.0932637350288815,470,199,271,0.659014735428838,0.0336178055112304,472,201,0.0771176444116184,472,201,"1500"
"Pa875",0.0719700115186349,267,144,123,0.715691519181416,0.0295039074656972,294,171,0.0676842050987401,294,171,"1500"
"Pa880",0.0244499382627403,22,21,1,0.83039717216038,0.0074191477870331,14,13,0.0170164234802508,14,13,"1500"
"Pa91",0.0376819831901016,82,50,32,0.757247407053472,0.012037824767987,76,44,0.0276110311880645,76,44,"1500"
"PH207",0.015915717094813,79,7,72,0.732777928957544,0.00481952298052873,75,3,0.0110539936056233,75,3,"1500"
"PHB09",0.0513778925716551,207,92,115,0.718490984738613,0.0192236685385985,216,101,0.0441008283316673,216,101,"1500"
"PHB47",0.119502832491254,441,257,184,0.69628707783964,0.0425999431875645,437,253,0.0977256041408784,437,253,"1500"
"PHBA6",0.0650520769109767,166,129,37,0.753840571747919,0.0220003400488625,154,117,0.0504629359448421,154,117,"1500"
"PHBB3",0.142756183122831,444,279,165,0.700735890929492,0.0538842944389413,451,286,0.123615533049759,451,286,"1500"
"PHG29",0.0585459164668364,367,110,257,0.666025892783215,0.0223198329065564,378,121,0.051203780610506,378,121,"1500"
"PHG71",0.0873236732105091,197,182,15,0.777814263199961,0.0312866143012804,198,183,0.0717731257045696,198,183,"1500"
"PHG83",0.0778199532424483,405,155,250,0.669756372935862,0.0265993954289686,401,151,0.0610126954618118,401,151,"1500"
"PHG86",0.172103839998645,366,301,65,0.736309201760458,0.0614378263176401,370,305,0.140940820970191,370,305,"1500"
"PHH93",0.130691517472699,567,267,300,0.644484862533822,0.0482937503995098,568,268,0.110789996766612,568,268,"1500"
"PHHH9",0.119375527811357,437,256,181,0.696472121753557,0.0402240342563443,423,242,0.092270001723571,423,242,"1500"
"PHHV4",0.110137665914703,435,237,198,0.691762085271447,0.0377506404353623,428,230,0.0865860875291204,428,230,"1500"
"PHJ70",0.152989962701832,605,285,320,0.610522125053769,0.0539848785042329,607,287,0.12384060747839,607,287,"1500"
"PHJ89",0.0863756069527693,478,177,301,0.641989287574712,0.0304897631968317,479,178,0.0699431320892435,479,178,"1500"
"PHJ90",0.063559946517141,216,125,91,0.72689308828984,0.0226523011291061,216,125,0.0519644575142138,216,125,"1500"
"PHJR5",0.0778018017973219,278,154,124,0.715687081297633,0.0271940453325328,280,156,0.062374323284067,280,156,"1500"
"PHK42",0.0574403902738144,249,107,142,0.708357113292868,0.0231135311531348,270,128,0.0530240722410605,270,128,"1500"
"PHK74",0.0399776806121648,138,56,82,0.728973909576111,0.0133090678511924,135,53,0.0305286915596387,135,53,"1500"
"PHKE6",0.0383248172048353,199,53,146,0.707791526204174,0.0158925309913209,221,75,0.0364587972552104,221,75,"1500"
"PHM10",0.0334592193964847,229,37,192,0.693080102044646,0.011164601793297,229,37,0.025610011331147,229,37,"1500"
"PHN11",0.0301158725825946,238,31,207,0.689457555560733,0.011612302682238,248,41,0.0266397127248415,248,41,"1500"
"PHN29",0.0137782956825711,68,2,66,0.735455009659247,0.00458712743057262,68,2,0.010522083572237,68,2,"1500"
"PHN66",0.0637352247239004,147,126,21,0.765533871189033,0.025297364416755,164,143,0.0580338229921867,165,144,"1500"
"PHN82",0.0303755986286021,189,32,157,0.704316636663617,0.010886542575456,192,35,0.024973420172941,192,35,"1500"
"PHP02",0.111366574365359,442,239,203,0.690820790912684,0.0411470984911221,449,246,0.0943926456398931,449,246,"1500"
"PHP55",0.0947888997323247,338,203,135,0.712262525219481,0.0360123172016812,351,216,0.0826067468199455,351,216,"1500"
"PHP76",0.0452097669991168,146,75,71,0.732880116700563,0.0160427106926261,148,77,0.0367964108496317,148,77,"1500"
"PHPR5",0.0770146885811537,266,153,113,0.719085095606116,0.0296356401341522,286,173,0.0679857305793784,286,173,"1500"
"PHR03",0.115238961539374,495,246,249,0.670740130586424,0.0420490291436511,498,249,0.0964637414618966,498,249,"1500"
"PHR30",0.0990875819927999,439,211,228,0.680870500982211,0.0355579664710417,442,214,0.0815719648337865,442,214,"1500"
"PHR31",0.142415244639028,333,278,55,0.74094898305801,0.048729563279982,327,272,0.111782701973932,327,272,"1500"
"PHR36",0.0416352368932158,287,62,225,0.682444100473286,0.0151154933604946,289,64,0.0346751769292659,289,64,"1500"
"PHR47",0.185496361260999,428,312,116,0.718021469969335,0.0693350120061203,432,316,0.159057081280384,432,316,"1500"
"PHR63",0.0488332600166116,251,87,164,0.700927214011363,0.0148063714607874,225,61,0.0339596440340321,225,61,"1500"
"PHT10",0.0742442132143417,343,150,193,0.692825771006335,0.0247168891261918,332,139,0.0566962583261402,332,139,"1500"
"PHT47",0.177391951170136,609,306,303,0.641385249545161,0.0661759791393677,615,312,0.151810060203433,615,312,"1500"
"PHT55",0.0806843593421583,423,168,255,0.66775570017434,0.0284875438364706,419,164,0.0653408525262378,418,163,"1500"
"PHTM9",0.170207393782473,551,300,251,0.669586927086607,0.059567532226333,552,301,0.136628512341685,552,301,"1500"
"PHV37",0.0634643097438055,258,124,134,0.712276071581478,0.02462067821182,270,136,0.0564821464155755,270,136,"1500"
"PHV57",0.0519439677358629,156,94,62,0.736974686996683,0.0161175471206439,140,78,0.0369668848831472,140,78,"1500"
"PHV63",0.0867085897210622,197,180,17,0.771792100738745,0.0329896049304058,214,197,0.0756812274650024,214,197,"1500"
"PHVA9",0.013805548113115,172,3,169,0.69998294715533,0.00491724726928096,173,4,0.0112802575250631,173,4,"1500"
"PHVJ4",0.135680614842918,418,271,147,0.70770230268196,0.0483087281207459,416,269,0.11082007997984,416,269,"1500"
"PHW03",0.0487073048249573,217,86,131,0.713156605118628,0.0183518662945041,228,97,0.0421008650340464,228,97,"1500"
"PHW17",0.0442987979430232,388,71,317,0.622819701294732,0.0157741123335042,388,71,0.036185768961059,388,71,"1500"
"PHW20",0.103401200996616,503,226,277,0.655743373549545,0.0365825558509484,503,226,0.0839128166082461,503,226,"1500"
"PHW30",0.0553431482778813,346,101,245,0.672079627618242,0.0204923139836457,350,105,0.0470099979925013,350,105,"1500"
"PHW52",0.095724356218197,364,206,158,0.70313169265316,0.0348846887580108,369,211,0.0800228425014168,369,211,"1500"
"PHW53",0.192587369014608,625,316,309,0.634469274023301,0.0703333107036875,627,318,0.161338977879854,627,318,"1500"
"PHW80",0.0993999650199583,535,212,323,0.599329571364394,0.0383505602981488,557,234,0.0879782677330733,557,234,"1500"
"PHWG5",0.06868657000877,298,135,163,0.70116040112733,0.0249575040393783,303,140,0.0572508000923252,303,140,"1500"
"PHZ51",0.109622932304332,329,236,93,0.726522596040815,0.0431006615188002,348,255,0.0988756075930409,348,255,"1500"
"R168",0.0618981971357402,272,119,153,0.705586065346613,0.0202737273121036,257,104,0.0464999369285419,257,104,"1500"
"R177",0.185591214504676,598,313,285,0.653020030759421,0.0654000227120999,595,310,0.150026693009773,595,310,"1500"
"R181B",0.0866869926077594,186,179,7,0.788636044387404,0.0310140151830942,189,182,0.0711476437171389,189,182,"1500"
"R226",0.0355003027767056,80,45,35,0.755433735936138,0.0118932714894012,78,43,0.0272803796181828,78,43,"1500"
"R229",0.0353518522380725,290,42,248,0.67122546969736,0.0114595595500771,287,39,0.0262836455334045,287,39,"1500"
"R71",0.117654494811548,255,252,3,0.810079835933666,0.0361568603698905,224,221,0.0829305549031553,224,221,"1500"
"R78",0.0223188805847469,108,16,92,0.726864760891576,0.00802967747718096,114,22,0.0184197447703806,114,22,"1500"
"SD101",0.0148155866180162,53,4,49,0.743877147942556,0.00528373776290819,54,5,0.0121210768126523,54,5,"1500"
"SD102",0.11649163313338,339,249,90,0.726997522695326,0.0421966055871296,340,250,0.0968019952546052,340,250,"1500"
"SD107",0.0353856706364894,270,43,227,0.681023840499488,0.0121906259772469,272,45,0.0279608502699138,272,45,"1500"
"SD40",0.13080840368658,375,268,107,0.721871178841194,0.051852233095627,389,282,0.118953803755968,389,282,"1500"
"SG 30A",0.102270416923667,396,222,174,0.698216366416222,0.0342137276595018,379,205,0.0784819748042793,379,205,"1500"
"Tr",0.108402709969665,274,231,43,0.746692359852876,0.0386315891311276,278,235,0.0886219714035554,278,235,"1500"
"TZU-CHIAO-HSI-WU 105",0.10129986993574,265,217,48,0.744315456199374,0.031601707953743,235,187,0.0724811028956611,235,187,"1500"
"Va26",0.14510971229118,495,281,214,0.687509338514289,0.0517121580752241,494,280,0.11862791514236,494,280,"1500"
"Va35",0.13055274537645,527,266,261,0.664307174725223,0.0468219259524012,528,267,0.107412056362164,528,267,"1500"
"Va99",0.0836511072347194,335,173,162,0.701573416559248,0.0278822279036595,324,162,0.0639561829588701,324,162,"1500"
"W182E",0.0630770650342058,421,123,298,0.646392698313617,0.0221349467340184,417,119,0.0507771279559412,417,119,"1500"
"W22",0.0696951199726362,190,138,52,0.743570627891991,0.0251749072370538,194,142,0.0577529280597554,194,142,"1500"
"W24",0.068625736374134,289,134,155,0.70538908625252,0.0278425679887444,314,159,0.0638733154327755,314,159,"1500"
"W32",0.0804135650563133,446,166,280,0.654322439277347,0.0245275892568013,414,134,0.0562559537296196,414,134,"1500"
"W552",0.0158035634612195,316,6,310,0.633352002139101,0.00557379806860887,316,6,0.0127843381990959,316,6,"1500"
"W603S",0.0614614194540489,405,117,288,0.651878011771293,0.022728838890541,415,127,0.052141909743591,415,127,"1500"
"W604S",0.0681788358559017,375,133,242,0.674052671658351,0.022381008078941,364,122,0.0513357965426612,364,122,"1500"
"W605S",0.0782479096432396,201,157,44,0.746568118794311,0.0261524917426289,191,147,0.059987028460112,191,147,"1500"
"W607S",0.0732155374129661,371,148,223,0.683071455178743,0.0250571353503654,364,141,0.0574751468588247,364,141,"1500"
"W610S",0.0998956457679998,481,214,267,0.660749295781706,0.0345680033132476,477,210,0.0792976219252666,477,210,"1500"
"W611S",0.0933829542642752,349,200,149,0.706567000925657,0.0361351953117727,369,220,0.0828975309427204,369,220,"1500"
"W612S",0.193397868712336,613,317,296,0.648231172926505,0.0594594478037974,596,300,0.136378176097997,596,300,"1500"
"W614S",0.0234443455074374,242,18,224,0.682532052050155,0.00767310632884337,242,18,0.0175999425644853,242,18,"1500"
"W64A",0.0973606920563151,348,209,139,0.710069691982244,0.0344586630294512,347,208,0.0790478446376824,347,208,"1500"
"W701BC",0.0780066400570516,158,156,2,0.811658321515225,0.0323345533409224,195,193,0.0741781768852162,195,193,"1500"
"W803G",0.139683268781363,404,274,130,0.713536238037086,0.0500292915865843,408,278,0.11476590909506,408,278,"1500"
"W810G",0.0602717542022153,119,113,6,0.791451070586212,0.0185229517004921,104,98,0.0424838365587089,104,98,"1500"
"W811G",0.0161878521055084,268,8,260,0.66434441714639,0.00623833208502686,269,9,0.0143113195305286,269,9,"1500"
"W813G",0.16074605457536,397,293,104,0.722360055404423,0.0540726140784494,392,288,0.124029074299954,392,288,"1500"
"W8304",0.0828974945948481,358,171,187,0.694380378320411,0.0304448579022257,364,177,0.0698430092967184,364,177,"1500"
"W9",0.0812309762594807,460,169,291,0.65049497586567,0.0245893062376583,426,135,0.0563977724467213,426,135,"1500"
"WIL900",0.0537980270699595,411,98,313,0.62554858206142,0.0190309798222152,412,99,0.0436568753008965,412,99,"1500"
"YE 4",0.161155439595339,616,294,322,0.599876868848741,0.0580785472836508,618,296,0.133229454879447,618,296,"1500"
"YING-55",0.0708147916417575,240,142,98,0.725792314707219,0.0220946897624504,216,118,0.0506776460268446,216,118,"1500"
"Yu796 NS",0.0470297014473874,190,79,111,0.720699430781358,0.0168845932467063,197,86,0.0387333491276199,197,86,"1500"
"ZS365",0.166302767717003,561,296,265,0.661927384572126,0.0523804609373816,549,284,0.120143534027544,549,284,"1500"
"ZS635",0.0470355933224483,202,80,122,0.715850591570984,0.0177565272516005,216,94,0.0407351089728924,216,94,"1500"
"1538",0.0825075965649062,314,181,133,0.717762836573399,0.0353407266643141,343,210,0.0819030365349585,343,210,"1550"
"29MIBZ2",0.0671845361897027,173,138,35,0.757819402929084,0.0251652502717555,181,146,0.0583413357248492,181,146,"1550"
"2FACC",0.0590830128621769,176,112,64,0.740401079397104,0.0219298877199617,187,123,0.0508381773370194,187,123,"1550"
"2MA22",0.135146071220309,548,276,272,0.663989736477172,0.0421551111262129,527,255,0.097807629891873,527,255,"1550"
"3IJI1",0.110174118308212,405,247,158,0.708896262845609,0.0406755364063841,407,249,0.094321858668369,407,249,"1550"
"4226",0.133918307066037,528,275,253,0.67222815569966,0.0539668114608275,544,291,0.125074721031541,544,291,"1550"
"4N506",0.109949858567412,368,246,122,0.722225455500839,0.0449654012333099,388,266,0.104205653124268,388,266,"1550"
"6M502",0.100591186378357,273,221,52,0.745738435954956,0.0389913222407377,291,239,0.0903604797405522,291,239,"1550"
"6M502A",0.111862386182083,302,252,50,0.746600731195324,0.0415885414712851,301,251,0.0963837414457377,301,251,"1550"
"764",0.0991081934002503,528,217,311,0.636449603347174,0.03641957415401,530,219,0.0844221409344364,530,219,"1550"
"78010",0.0949636494412181,484,208,276,0.661539026423149,0.0393234258759621,520,244,0.0911349031193302,520,244,"1550"
"793",0.0759754426576534,397,157,240,0.67941937259312,0.0256660147101134,391,151,0.0595187198130248,391,151,"1550"
"87916W",0.101626623258117,287,225,62,0.74157088900721,0.0421283006825051,316,254,0.0976353304619572,316,254,"1550"
"911",0.0471221565125719,296,78,218,0.689580469840858,0.0175498100874157,302,84,0.0406724841461463,301,83,"1550"
"912",0.14768723394589,596,287,309,0.641653554541222,0.0598964637930613,612,303,0.138807438050896,612,303,"1550"
"91IFC2",0.106819190304842,467,233,234,0.681391840740105,0.0390006144016546,474,240,0.0904015953404694,474,240,"1550"
"A",0.0203271072942646,141,16,125,0.720705924122245,0.0068797249469834,139,14,0.0159548761459261,139,14,"1550"
"A208",0.107256017706407,498,236,262,0.669419000848167,0.0329690146637782,459,197,0.0764935761780969,459,197,"1550"
"A239",0.0243446018687741,71,29,42,0.751295246939357,0.00951069322159877,76,34,0.0220429049042949,76,34,"1550"
"A272",0.057314867054327,300,107,193,0.699811719083842,0.019436581956215,296,103,0.0450677657135685,296,103,"1550"
"A305",0.0893124693171027,500,194,306,0.642605217859517,0.0374606545764698,534,228,0.0868146898871128,534,228,"1550"
"A322",0.0346488840026151,300,45,255,0.671634182261592,0.0128451387393338,311,56,0.0297695502081845,311,56,"1550"
"A334",0.100615085729558,523,222,301,0.645925212898976,0.03762480050343,531,230,0.0872259472121615,531,230,"1550"
"A340",0.0694602137098299,153,142,11,0.783590290258231,0.025564577567677,161,150,0.0592606274205407,161,150,"1550"
"A385",0.172019706348695,574,306,268,0.667868353363449,0.0558650818790044,564,296,0.129612969584297,564,296,"1550"
"A401",0.0613719879575167,144,122,22,0.769244557873167,0.0226179733396061,152,130,0.0524307526909313,152,130,"1550"
"A548",0.113038617116521,540,254,286,0.656898318721515,0.0352040851705654,494,208,0.0816799957535297,494,208,"1550"
"A572",0.0254547239732554,323,31,292,0.65271832501297,0.00981043639811639,329,37,0.022738004041991,329,37,"1550"
"A619",0.101647963798392,526,226,300,0.648867107185734,0.0392383544123998,542,242,0.0909439653971592,542,242,"1550"
"A627",0.0653844993497829,386,135,251,0.672956318778997,0.0221062987097259,376,125,0.0512658508849868,376,125,"1550"
"A632",0.151715692420523,349,292,57,0.743988411098816,0.0568463830955986,354,297,0.131742515057957,354,297,"1550"
"A635",0.081348666269335,355,179,176,0.703598049943554,0.0311931515012155,362,186,0.0723287614621988,362,186,"1550"
"A641",0.0997055538915975,536,219,317,0.631064588963861,0.0392448002238289,560,243,0.0909476814489254,560,243,"1550"
"A648",0.130405132069845,549,274,275,0.662559138006715,0.0481421523669541,548,273,0.111599842566121,548,273,"1550"
"A663",0.0408550719621066,187,63,124,0.7213184288022,0.0146585145843172,189,65,0.0340045849321437,189,65,"1550"
"A672",0.0102842028558813,216,6,210,0.693822806306942,0.00362451310314923,216,6,0.00840228105018318,216,6,"1550"
"A674",0.0492667577192708,240,84,156,0.709099651186436,0.0197922369479071,263,107,0.0458710717034747,263,107,"1550"
"A679",0.0977141123237454,431,212,219,0.689276711122684,0.033264748189577,421,202,0.0771279711740817,421,202,"1550"
"A680",0.04738302936808,224,79,145,0.714198061163399,0.0163797108940514,221,76,0.0379742502942388,221,76,"1550"
"A71",0.0287751604033208,149,38,111,0.725099717973925,0.00882752880739788,140,29,0.020481190027802,140,29,"1550"
"A73",0.0474400099592482,293,81,212,0.692593261662074,0.0174615190003495,293,81,0.040469473102014,293,81,"1550"
"A797NW",0.0826047528058899,300,182,118,0.72330493225524,0.0295697814550789,294,176,0.0685447713684124,294,176,"1550"
"AQA3",0.0600566873393583,412,115,297,0.651227946226611,0.0184734331102924,386,89,0.042858471827398,387,90,"1550"
"AS6103",0.142178352871138,429,283,146,0.713597406913314,0.0489227731002513,422,276,0.113473860213207,422,276,"1550"
"AusTRCF 306238",0.0658100981581072,392,136,256,0.67154034056566,0.0235051917141545,390,134,0.0544869881874747,390,134,"1550"
"B-28",0.103350248000477,296,229,67,0.739187471639021,0.0381561310648375,302,235,0.088450964097336,302,235,"1550"
"B103",0.0890889633953099,288,193,95,0.728948667180973,0.0274020587109022,254,159,0.06357740527695,254,159,"1550"
"B104",0.0439777570921621,152,70,82,0.732745039325948,0.014999885307056,148,66,0.0347894880768567,148,66,"1550"
"B105",0.0631124427756753,249,129,120,0.722557275434641,0.0242640743280665,257,137,0.0562309891643746,257,137,"1550"
"B108",0.0641204662104523,228,134,94,0.729089858996739,0.0216663700864141,213,119,0.0502445763089766,213,119,"1550"
"B109",0.224942172158752,578,324,254,0.671713102712563,0.0822362197203848,575,321,0.190610300104074,575,321,"1550"
"B111",0.0626869894787091,203,126,77,0.736598733642869,0.021390518894157,195,118,0.0496115609471289,195,118,"1550"
"B115",0.0636907472954224,162,132,30,0.765976946518641,0.024315800102096,168,138,0.0563583494362625,168,138,"1550"
"B119",0.150146095967806,367,291,76,0.736622467555429,0.061363919029104,383,307,0.142216742102461,383,307,"1550"
"B120",0.176586025791699,360,311,49,0.747807614370624,0.0654028081725696,362,313,0.151615682296032,362,313,"1550"
"B121",0.103487648156869,451,230,221,0.68840497561598,0.0381862195516883,457,236,0.0885118815128109,457,236,"1550"
"B14A",0.148467046730298,328,289,39,0.754766865108744,0.051402556207738,323,284,0.119229212332312,323,284,"1550"
"B164",0.108421841260474,257,241,16,0.776766044995261,0.0433726475554162,274,258,0.100513874033344,274,258,"1550"
"B2",0.0477176546075355,150,82,68,0.738978917671242,0.0161262129238673,142,74,0.0373945920524279,142,74,"1550"
"B37",0.0896305240985022,381,195,186,0.701373303777745,0.0275462683032073,347,161,0.063907875005791,348,162,"1550"
"B57",0.00736749156878642,218,2,216,0.689843874824367,0.00276100312659015,220,4,0.00639954822343994,220,4,"1550"
"B66",0.0617624755377458,366,125,241,0.67939767399369,0.0219110906743663,363,122,0.0508303350987483,363,122,"1550"
"B68",0.0260805631790475,121,33,88,0.731190448347219,0.0090890081619638,119,31,0.0210708944338584,119,31,"1550"
"B73",0.126310172613459,441,267,174,0.704100067173909,0.0482822360219226,448,274,0.111892465640746,448,274,"1550"
"B75",0.143087806615244,601,285,316,0.63252366779562,0.052808873425196,604,288,0.122405698879525,604,288,"1550"
"B76",0.127407555185924,282,268,14,0.781815120300507,0.0484777220788828,289,275,0.112395105076081,289,275,"1550"
"B77",0.0243355134765931,51,28,23,0.769028071728474,0.00773742864283772,42,19,0.0179484350447863,42,19,"1550"
"B79",0.0595122413238869,210,114,96,0.728894613820902,0.0209004247938306,211,115,0.0484516077739931,211,115,"1550"
"B87",0.0390227231363162,208,59,149,0.713168791995452,0.0122651299707643,200,51,0.0284524264862893,200,51,"1550"
"B88",0.057426424180449,263,108,155,0.709156706483339,0.0195809224823022,261,106,0.0454142541539158,261,106,"1550"
"B91",0.114676374333852,294,258,36,0.756765886436314,0.0462376781460704,304,268,0.107153620411569,304,268,"1550"
"B97",0.0355254032965173,111,48,63,0.740889113371497,0.0122625076356985,113,50,0.0284390798158984,113,50,"1550"
"BEI 10 = NORTH 10",0.0783751312492951,424,161,263,0.669030822179296,0.0279121666832221,429,166,0.0647032776880792,429,166,"1550"
"BO9",0.129631112116489,494,271,223,0.687700861164315,0.05125284012305,506,283,0.118786965442794,506,283,"1550"
"CG102",0.0235501414515686,117,24,93,0.729294669015914,0.00961649348525207,128,35,0.0222871572542506,128,35,"1550"
"CH701-30",0.108979032613843,358,242,116,0.723463145188581,0.0376585419157054,347,231,0.0873650394796641,347,231,"1550"
"CH711-10",0.161711548743684,576,302,274,0.662958214736165,0.0495481481899243,551,277,0.114956103145371,551,277,"1550"
"CH753-4",0.207177901602924,575,318,257,0.670896294712492,0.0718965183389934,574,317,0.166793680221566,574,317,"1550"
"CH9",0.109181526499566,480,244,236,0.680305845356647,0.036902694479249,458,222,0.0855787749600132,458,222,"1550"
"CI 40H",0.0690563380927,159,140,19,0.772138258814511,0.0252540392882778,166,147,0.0585334084265174,166,147,"1550"
"CR 22 INBRED",0.0614611879185798,307,123,184,0.702080475204052,0.0246182027353732,324,140,0.0570560296744434,324,140,"1550"
"DE2",0.092947570069876,440,205,235,0.681025815788372,0.0391107143040569,476,241,0.0906388439058425,476,241,"1550"
"DE3",0.173483001671183,633,307,326,0.509383898674504,0.063434182419643,635,309,0.147027464641108,635,309,"1550"
"DE4",0.0799267084958927,359,171,188,0.701121708160657,0.0247054393168296,329,141,0.0573211252431543,330,142,"1550"
"DE811",0.0389852820404066,168,58,110,0.725169978394169,0.0127686581165999,165,55,0.0296167187012613,165,55,"1550"
"DJ7",0.163064589777321,472,303,169,0.706367123769676,0.0596372699006683,471,302,0.138226024814968,471,302,"1550"
"DK3IIH6",0.0842166546969547,315,186,129,0.719558499431717,0.0309776905744195,314,185,0.0718036843920436,314,185,"1550"
"DK4676A",0.0503778338319581,229,88,141,0.715863832278791,0.0167418330340913,218,77,0.0388417799959034,218,77,"1550"
"DK78002A",0.0494005021116649,111,85,26,0.768695489829795,0.0199411865638553,135,109,0.0462160824170274,135,109,"1550"
"DK78010",0.0725068357370343,286,150,136,0.716575838239248,0.0251635573033392,281,145,0.05833733936965,281,145,"1550"
"DKFAPW",0.107742413473726,396,239,157,0.708972753361556,0.039770897389251,405,248,0.0921940913147384,405,248,"1550"
"DKFBHJ",0.0452601212624966,85,75,10,0.784876978645496,0.0140777276535082,72,62,0.0326629398318268,72,62,"1550"
"DKMBNA",0.0321929396625735,233,44,189,0.700597091691969,0.0110052163365511,230,41,0.025525013227479,230,41,"1550"
"DKPB80",0.0812901669366357,394,177,217,0.689606855598831,0.031361412270535,404,187,0.0726873852529218,404,187,"1550"
"E8501",0.139448203920468,599,281,318,0.625973430222109,0.0473967435205069,589,271,0.109896290870455,589,271,"1550"
"F118",0.0212112736050009,24,19,5,0.796262862536124,0.00816732330570218,29,24,0.0189297248976796,29,24,"1550"
"F2834T",0.079506201582727,281,167,114,0.723511529400363,0.0270257490078641,272,158,0.0626793924179793,272,158,"1550"
"FBLA",0.0535550819952049,158,99,59,0.74355350517928,0.0208020976092682,173,114,0.0482132939043926,173,114,"1550"
"FR19",0.434956809769916,651,326,325,0.524270772421915,0.133916129402194,651,326,0.310708592066996,651,326,"1550"
"H105W",0.0790801775621064,337,165,172,0.704561117324011,0.0290637609958572,343,171,0.0673711364873517,343,171,"1550"
"H113",0.0235861116786491,223,25,198,0.697802312997184,0.00842135622996927,224,26,0.0195214228249582,224,26,"1550"
"H121",0.0350378519550533,313,46,267,0.668558705256998,0.0130028005058044,324,57,0.0301348531739928,324,57,"1550"
"H122w",0.0529282825358028,376,95,281,0.659956777789987,0.0170288967938229,360,79,0.0395092620300866,360,79,"1550"
"H5",0.0540893718631969,267,101,166,0.706932432484807,0.0201071936739084,276,110,0.0466132058457479,276,110,"1550"
"H71",0.00860798395014422,26,5,21,0.770028292651569,0.00263846084834701,24,3,0.00612142602129752,24,3,"1550"
"H91",0.0111213064485047,167,7,160,0.708635007738256,0.00415962997410583,168,8,0.0096433212555774,168,8,"1550"
"H95",0.154339827852403,518,294,224,0.687602984657477,0.059448082484902,524,300,0.137785085368828,524,300,"1550"
"H96",0.0965241676132575,217,210,7,0.792342751800553,0.0316145483976063,197,190,0.0733484199473143,197,190,"1550"
"H99",0.0385664077413227,195,56,139,0.716223957555115,0.0121790831177901,186,47,0.0282575353480279,186,47,"1550"
"HP301",0.0797008692957001,202,169,33,0.760501141294862,0.029162565566548,206,173,0.0675962989270333,206,173,"1550"
"HUOBAI",0.158950785567601,583,301,282,0.659888805660134,0.060435466983655,587,305,0.140118605084551,586,304,"1550"
"Hy",0.142474577960879,316,284,32,0.762594793786623,0.05349921600006,322,290,0.123984964183532,322,290,"1550"
"I29",0.0976015230410051,314,211,103,0.72702069369105,0.0374174983703381,330,227,0.0867136396986526,330,227,"1550"
"Ia 453",0.100924387767028,238,223,15,0.780018524330076,0.0327398225099532,209,194,0.0759415801979054,210,195,"1550"
"IA2132",0.000314277140576676,5,1,4,0.797557366984355,0.000112278195330137,5,1,0.000260269995621606,5,1,"1550"
"IBB15",0.0262325891449151,62,34,28,0.766749985775963,0.00981536966343737,66,38,0.0227473513070665,66,38,"1550"
"IBC2",0.0797369854948204,305,170,135,0.716734175811214,0.0286766217213699,304,169,0.0665239231768814,305,170,"1550"
"ICI 740",0.0443666919893448,310,71,239,0.679451755703013,0.0150060445069231,306,67,0.0347962103023025,306,67,"1550"
"ICI 893",0.0745690332842946,304,156,148,0.713257865814753,0.0253006262721214,296,148,0.0586792284957756,296,148,"1550"
"ICI 986",0.0712465913308943,192,147,45,0.74950786949764,0.0223546987396189,173,128,0.0518668986031537,173,128,"1550"
"IDS28",0.0900731878655205,234,196,38,0.755144783448168,0.0296970316167403,216,178,0.0688806164758182,216,178,"1550"
"IDS69",0.0779371014336899,430,159,271,0.66626737097822,0.0296507497772287,448,177,0.0687148677774187,448,177,"1550"
"IDS91",0.0118478163585266,216,9,207,0.69555909245074,0.00441017746073688,216,9,0.0102239068253823,216,9,"1550"
"INB 101LFY/LFY (A632 X M16 S5)",0.216107518897882,630,322,308,0.642197211983855,0.086365933296896,631,323,0.200148562481645,631,323,"1550"
"INBRED 141",0.10771845366666,256,238,18,0.77529181418567,0.0375010210262527,247,229,0.0869987432246081,247,229,"1550"
"INBRED 2-687",0.113592905727655,330,255,75,0.737041402153664,0.0359117486725321,289,214,0.0833057082613711,290,215,"1550"
"INBRED 305",0.0431534534569504,388,67,321,0.621827271923961,0.0145781585856842,385,64,0.0338056761248564,385,64,"1550"
"INBRED 321",0.101365286060183,328,224,104,0.726866322815081,0.0356937102869055,315,211,0.0827769913280839,315,211,"1550"
"K150",0.073117396186744,186,152,34,0.75874549812343,0.0257515331916329,187,153,0.059696885337881,187,153,"1550"
"K41",0.157118013236536,432,298,134,0.717258999051013,0.0544733615788251,427,293,0.126332840615061,427,293,"1550"
"K47",0.0502108741855291,153,87,66,0.739607344052245,0.0192203319984131,165,99,0.044548075086402,165,99,"1550"
"KUNG-70",0.107914238088492,518,240,278,0.661316481433929,0.0369055758593699,501,223,0.0855974038091883,501,223,"1550"
"L 127",0.111029480051039,465,251,214,0.690864750662836,0.0437383245427014,475,261,0.101371225949192,475,261,"1550"
"L 289",0.0373612782133729,282,52,230,0.685234467703861,0.0127124878650527,284,54,0.029483683775744,284,54,"1550"
"LH1",0.0388174449950725,352,57,295,0.651656799396382,0.0121105992316523,340,45,0.028098821437002,340,45,"1550"
"LH119",0.0309308381981775,299,41,258,0.669900503120892,0.010555904385258,297,39,0.0244817652655911,297,39,"1550"
"LH128",0.0630371458079298,210,127,83,0.732694939009483,0.0193112202183143,184,101,0.0448039535950546,184,101,"1550"
"LH143 (Maintainer)",0.0228738078734134,187,23,164,0.707222407341545,0.00794815394049153,186,22,0.0184330106591587,186,22,"1550"
"LH146Ht",0.0383025547284925,123,54,69,0.738674044832728,0.0118151791791362,113,44,0.0274133263871178,113,44,"1550"
"LH149",0.0507541630300131,280,90,190,0.700115123448738,0.0191577785784713,286,96,0.0444156303437926,286,96,"1550"
"LH165",0.0479429623173101,363,83,280,0.660433126054076,0.016304462234952,355,75,0.0378040624501496,355,75,"1550"
"LH166",0.0246089703195549,252,30,222,0.688058888646188,0.00856474416039428,249,27,0.0198693864532136,249,27,"1550"
"LH184",0.0413025822848941,274,65,209,0.694547144565748,0.0150095576738552,277,68,0.0348064150318346,277,68,"1550"
"LH190",0.0923490417994831,440,203,237,0.679651996940079,0.0337680577359376,442,205,0.0782674000157393,442,205,"1550"
"LH192",0.224619948493319,592,323,269,0.666999502715825,0.0872693030012985,593,324,0.202242204221069,593,324,"1550"
"LH194",0.111979057644099,540,253,287,0.656690643313487,0.0410846134914351,537,250,0.0952211749752186,537,250,"1550"
"LH195",0.0451680258708629,274,74,200,0.697104528730627,0.0155117380850701,272,72,0.0359863828867957,272,72,"1550"
"LH197",0.175455577678267,380,310,70,0.738614825461225,0.0609631978777886,376,306,0.141331826937637,376,306,"1550"
"LH198",0.10913343364693,280,243,37,0.755643538025995,0.0371299864674466,261,224,0.0860904433158722,261,224,"1550"
"LH202",0.0185722753232737,257,13,244,0.678541955450712,0.00668505462156275,256,12,0.0154961792896017,256,12,"1550"
"LH204",0.209671362984465,499,319,180,0.702744153988168,0.0764591697415403,499,319,0.17722925954721,499,319,"1550"
"LH205",0.0813087098951066,451,178,273,0.663025769662347,0.0308247012730761,456,183,0.0714757191669136,457,184,"1550"
"LH206",0.0532205273292609,329,96,233,0.68155830978746,0.0181756517233795,319,86,0.0421555074820194,319,86,"1550"
"LH208",0.0439754297478074,176,69,107,0.726151825842101,0.0141372454732181,170,63,0.0328002804653211,170,63,"1550"
"LH209",0.0577238005856961,274,109,165,0.707104404159571,0.0188028887807414,258,93,0.0436136884940808,258,93,"1550"
"LH214",0.0880640484564739,410,190,220,0.688585284174312,0.0276863743504433,383,163,0.0642372674054787,384,164,"1550"
"LH215",0.148806879027727,428,290,138,0.716516500742322,0.050282371807451,419,281,0.116605476828742,419,281,"1550"
"LH222",0.155656427373836,464,296,168,0.706502011402995,0.0575299907515896,467,299,0.133348397998901,467,299,"1550"
"LH223",0.0542809406851063,228,102,126,0.720357942133848,0.020496121812482,239,113,0.0475185342109831,239,113,"1550"
"LH224",0.158873357203649,379,300,79,0.734998189786193,0.049695443103049,357,278,0.11530248155823,357,278,"1550"
"LH295",0.0314163071933339,306,42,264,0.668840676391372,0.0122088841765346,312,48,0.0282966734083765,312,48,"1550"
"LH60",0.0361812260162669,178,50,128,0.719991667593855,0.0122480394405868,177,49,0.0284047216327418,177,49,"1550"
"LH74",0.0445182167425815,242,72,170,0.705437112255547,0.017382582536268,250,80,0.0402832157904261,250,80,"1550"
"LH82",0.053520158073589,200,98,102,0.727045163235832,0.0175330787271457,185,83,0.0406782121893622,186,84,"1550"
"LH93",0.15875542599945,623,299,324,0.593862344824647,0.0595124316666906,625,301,0.137939893732371,625,301,"1550"
"LIBC 4",0.0785514244514499,252,163,89,0.730616973019204,0.0336339065553381,293,204,0.077947171385493,293,204,"1550"
"LP1 NR HT",0.088840363719269,298,192,106,0.726217829227389,0.0280893680723194,273,167,0.0651720324766493,273,167,"1550"
"LP5",0.0223949141919812,215,21,194,0.699395914430122,0.00865408933267206,222,28,0.0200655609732124,222,28,"1550"
"M14",0.0710861234512663,398,146,252,0.672500912571866,0.0300401693490684,431,179,0.0696180771968957,431,179,"1550"
"MBPM",0.0830353040718762,268,183,85,0.7326009794533,0.0306257730676909,267,182,0.0709787631619916,267,182,"1550"
"MBWZ",0.116863505769062,408,261,147,0.713524087645143,0.0435353363082994,407,260,0.100895063653673,407,260,"1550"
"Mo17",0.0410432505734713,242,64,178,0.703328533871854,0.0133194361611078,238,60,0.0308950342255755,238,60,"1550"
"Mo1W",0.183547361819513,465,315,150,0.712357889784543,0.0631873664499971,458,308,0.146560222289931,458,308,"1550"
"Mo47",0.0588706580789374,262,111,151,0.711663956128007,0.021765856552443,271,120,0.0504566498480611,271,120,"1550"
"Mo5",0.0633555245297189,172,131,41,0.753198925586462,0.0223329044267873,168,127,0.0517717028802336,168,127,"1550"
"MQ305",0.0290702794572541,343,39,304,0.645054761138547,0.0111584845817974,346,42,0.0258716948844571,346,42,"1550"
"MS116",0.0321283721747762,326,43,283,0.659750188038137,0.0114019381229653,326,43,0.0264507174006829,326,43,"1550"
"MS132",0.069596240677843,356,143,213,0.690908941360531,0.027534678537247,373,160,0.0638101168139601,373,160,"1550"
"MS200",0.0236186001251678,341,26,315,0.632769622908069,0.00901774491008806,345,30,0.0209010258047935,345,30,"1550"
"MS211",0.0886187171416749,429,191,238,0.679608106589617,0.0333872777470122,441,203,0.0773854939730938,441,203,"1550"
"MS221",0.10704656442155,293,235,58,0.743905124142014,0.0327998075664167,254,196,0.0760984224780842,254,196,"1550"
"MS224",0.123288790732509,303,263,40,0.754342827701306,0.0439374172075153,302,262,0.101892459281822,302,262,"1550"
"MS225",0.0784118014546264,227,162,65,0.739859295734153,0.0313784894232921,253,188,0.0727180356754254,253,188,"1550"
"MS226",0.0616771274694448,429,124,305,0.645013891757049,0.0226310808392603,436,131,0.0524516703873136,436,131,"1550"
"MS67",0.0916796422762765,491,201,290,0.656217923220423,0.0378805405660887,522,232,0.0877871235612366,522,232,"1550"
"MS71",0.107542620996695,315,237,78,0.736236321616504,0.033100336833714,277,199,0.0767984696071712,277,199,"1550"
"MS72",0.215334831678738,612,321,291,0.653130525555233,0.0831578835496252,613,322,0.192714572325344,613,322,"1550"
"N192",0.177240665208367,412,312,100,0.728436918695173,0.0604339585190041,404,304,0.140120783722728,405,305,"1550"
"N200",0.116229353313291,403,260,143,0.714732015338282,0.0446862727038738,408,265,0.103558588481071,408,265,"1550"
"N201",0.0607696597014057,173,118,55,0.745173908979527,0.024716514102959,197,142,0.05727949455218,196,141,"1550"
"N209",0.0792923997794336,370,166,204,0.696234130487093,0.0325230638584784,397,193,0.0753750954166136,397,193,"1550"
"N217",0.0206079635003795,45,18,27,0.768421091125794,0.00718699650463214,44,17,0.0166708771095784,44,17,"1550"
"N218",0.182553755608116,516,314,202,0.696576506456711,0.0673180729415583,516,314,0.156017531339509,516,314,"1550"
"N28Ht",0.0226512371050329,96,22,74,0.737339066641228,0.00807981123566597,97,23,0.0187297451946277,97,23,"1550"
"N501",0.0286697200821197,248,37,211,0.693691661531015,0.0109646868332523,251,40,0.0254135211694984,251,40,"1550"
"N523",0.0906107401489859,206,197,9,0.784920361881444,0.0332266113892456,210,201,0.0770091514146979,210,201,"1550"
"N527",0.0459609707782069,177,76,101,0.727772653540376,0.0192344852391356,201,100,0.044575673391626,201,100,"1550"
"N534",0.0983099836607297,240,215,25,0.768699141853751,0.0379934528242452,258,233,0.0880480553981602,258,233,"1550"
"N542",0.0567625266303593,283,106,177,0.703569697066449,0.0219904586288743,301,124,0.0509618195284488,301,124,"1550"
"NC250",0.0959279625860497,523,209,314,0.634143214484232,0.0352438312200973,523,209,0.0816924410824392,523,209,"1550"
"NC262",0.212375554321261,501,320,181,0.702541878417159,0.080363996126028,501,320,0.186267475832717,501,320,"1550"
"NC294",0.0448929688077653,153,73,80,0.734787233074406,0.0180100347052882,165,85,0.0417406410567056,165,85,"1550"
"NC310",0.0532261452091345,282,97,185,0.701901460253796,0.0191794463590346,282,97,0.0444584690786142,282,97,"1550"
"NC326",0.0906452599401575,486,198,288,0.656482307865602,0.0331429939665628,488,200,0.0768209061135543,488,200,"1550"
"NC328",0.127723516537455,386,269,117,0.723403968188644,0.0472057043221722,387,270,0.109403774596696,387,270,"1550"
"NC342",0.0980442105950345,319,214,105,0.726259121203638,0.041948035933286,358,253,0.0972152664673572,358,253,"1550"
"NC412",0.15562931697475,494,295,199,0.697449547699561,0.056960154346728,497,298,0.13201910481168,497,298,"1550"
"ND259",0.147770782769285,600,288,312,0.635579000194917,0.0456845007693313,579,267,0.105985338248227,579,267,"1550"
"ND265",0.188875456528946,601,316,285,0.658036125840168,0.0695765820317998,600,315,0.161252657334625,600,315,"1550"
"NK740",0.146894376220457,514,286,228,0.686582050714157,0.0544070031258233,520,292,0.126125411200425,520,292,"1550"
"NK778",0.07959717001673,371,168,203,0.696425948370908,0.0244779556076297,342,139,0.0567929698237202,342,139,"1550"
"NK807",0.00785823939202886,235,4,231,0.684408516558608,0.00280729810400464,236,5,0.00651243611668099,236,5,"1550"
"NKS8326",0.10623966249755,427,232,195,0.699188740616732,0.0388703335984168,433,238,0.0900979226836442,433,238,"1550"
"NORTH 7",0.0930773897352317,455,206,249,0.674881936095542,0.0315241064271383,438,189,0.0731089185001857,438,189,"1550"
"NS501",0.0366929692981293,312,51,261,0.669493410765115,0.0124214395084116,313,52,0.0288024761586963,313,52,"1550"
"NS701",0.259806929400103,590,325,265,0.66882881615301,0.100992861349774,590,325,0.234171122147033,590,325,"1550"
"NY6371",0.0632590159703983,142,130,12,0.783483374409267,0.0193878043422875,114,102,0.0449823162349075,114,102,"1550"
"Ny821",0.0495151705383139,218,86,132,0.718396651030411,0.0169842627578498,210,78,0.0393902735956721,210,78,"1550"
"OH33",0.0419114408688346,147,66,81,0.732917667093349,0.0157223594698294,154,73,0.0364417639092806,154,73,"1550"
"Oh40B",0.0854769000644788,272,188,84,0.732610307283937,0.0301306924130524,265,181,0.0698483829070724,265,181,"1550"
"Oh43",0.0801340109844458,442,172,270,0.666564269330614,0.0318664738277936,461,191,0.0738488459057607,461,191,"1550"
"Oh7",0.0241075755916255,100,27,73,0.737612092681635,0.00779532439574544,93,20,0.0180860733154123,93,20,"1550"
"OQ403",0.0806950967043842,312,175,137,0.716571157775461,0.0257168251592707,289,152,0.059654608009979,289,152,"1550"
"OQ603",0.035046523877171,98,47,51,0.745965486231189,0.0121354395685008,97,46,0.0281484005318068,97,46,"1550"
"Os420",0.0926899309387529,233,204,29,0.766047307086286,0.03592186576198,244,215,0.0832471694946897,243,214,"1550"
"Pa392",0.0691960460619236,368,141,227,0.686668031501441,0.0238962229275781,363,136,0.0554006051093777,363,136,"1550"
"Pa405",0.0978277130413174,492,213,279,0.660680142679369,0.0358730675770588,492,213,0.083153435383725,492,213,"1550"
"Pa875",0.066642267527153,264,137,127,0.720053869859804,0.0268533073582559,284,157,0.0622358465211996,284,157,"1550"
"Pa880",0.022055529186231,21,20,1,0.834544489792891,0.00675937063669776,14,13,0.0156826433322484,14,13,"1550"
"Pa91",0.038522176969458,75,55,20,0.77078828833883,0.0131735568322071,78,58,0.0305526096231036,78,58,"1550"
"PH207",0.0116442676778747,79,8,71,0.737972085991858,0.00393606962794483,78,7,0.00912892649749052,78,7,"1550"
"PHB09",0.0535722623491626,190,100,90,0.730517066436467,0.0192000359563589,188,98,0.0445068444261546,188,98,"1550"
"PHB47",0.136815186276158,478,277,201,0.696658734962613,0.050145412063561,480,279,0.116235891321249,480,279,"1550"
"PHBA6",0.0582291421147555,153,110,43,0.751163236377536,0.0195682934050505,148,105,0.0453986503519664,148,105,"1550"
"PHBB3",0.138126883218868,442,279,163,0.70797438626095,0.0532542099500758,452,289,0.123414266783568,452,289,"1550"
"PHG29",0.0376061101065683,299,53,246,0.677295311309158,0.0154057767971349,317,71,0.035702340929566,317,71,"1550"
"PHG71",0.0729401421196436,164,151,13,0.782712563689321,0.0275505218271417,175,162,0.0638481035478386,174,161,"1550"
"PHG83",0.0835286566833683,429,184,245,0.677750735075238,0.0276884259059475,409,164,0.0642208638708528,408,163,"1550"
"PHG86",0.175040446076936,370,309,61,0.742306543204798,0.0639928685706744,372,311,0.14832521250327,372,311,"1550"
"PHH93",0.109292175276961,541,245,296,0.651411902072506,0.0424953722714173,553,257,0.0984808608477857,553,257,"1550"
"PHHH9",0.106938166696964,416,234,182,0.702481270331142,0.0361424718048317,398,216,0.0838094542880857,398,216,"1550"
"PHHV4",0.102258330286934,406,227,179,0.702924548362252,0.0357259463027244,391,212,0.0828700573624518,391,212,"1550"
"PHJ70",0.124483194570294,584,264,320,0.625444880092982,0.0475808622906685,592,272,0.110281147719452,592,272,"1550"
"PHJ89",0.0722956676642032,459,149,310,0.639469073234546,0.0266676597375163,465,155,0.0618130402579559,465,155,"1550"
"PHJ90",0.063966856937644,220,133,87,0.731271323950522,0.0234113926322345,220,133,0.0542658545653859,220,133,"1550"
"PHJR5",0.0603078349316985,238,117,121,0.722251628392079,0.0194887257544393,225,104,0.0452161760636268,225,104,"1550"
"PHK42",0.0525639301662307,238,94,144,0.714487942678498,0.0202621774699238,255,111,0.0469623719417098,255,111,"1550"
"PHK74",0.0393538736967479,151,60,91,0.730208909348118,0.0132941631476831,150,59,0.0308285754997114,150,59,"1550"
"PHKE6",0.0473905834873205,220,80,140,0.71611782503188,0.0188257807023919,234,94,0.0436277334470933,234,94,"1550"
"PHM10",0.0359744165037889,245,49,196,0.69857598998447,0.0124400337339437,249,53,0.0288547356310273,249,53,"1550"
"PHN11",0.0201872036977722,206,14,192,0.699972713671528,0.00794338570984402,213,21,0.0184102103284404,213,21,"1550"
"PHN29",0.00764867040552023,49,3,46,0.748993083452015,0.00238359001335949,48,2,0.00552959087956502,48,2,"1550"
"PHN66",0.0510500094795684,115,91,24,0.768806640506026,0.0203378208517873,136,112,0.0471359094009957,136,112,"1550"
"PHN82",0.0203945742286165,171,17,154,0.709789684649279,0.00754136168673884,172,18,0.0174778029442237,172,18,"1550"
"PHP02",0.110479098260735,436,249,187,0.701171135567573,0.0397646581852453,434,247,0.092175814944396,434,247,"1550"
"PHP55",0.0859945430624742,319,189,130,0.719517804622388,0.032276894870054,322,192,0.0748292150443637,322,192,"1550"
"PHP76",0.0630793803940178,200,128,72,0.73783291820464,0.0212256037029371,188,116,0.04924354662395,188,116,"1550"
"PHPR5",0.0808877674885866,295,176,119,0.722750487953564,0.0327499673759434,314,195,0.0759017632691611,313,194,"1550"
"PHR03",0.113627303118485,488,256,232,0.684220856376895,0.0422634363857668,488,256,0.0979477400437657,488,256,"1550"
"PHR30",0.0993338485790247,426,218,208,0.695277187412749,0.0367882687973688,429,221,0.0852597714361373,429,221,"1550"
"PHR31",0.129828015379466,320,272,48,0.747979631524059,0.0440847692285897,311,263,0.102218070891083,311,263,"1550"
"PHR36",0.0517116858467428,307,92,215,0.690250021066307,0.0174986780088964,297,82,0.0405813122592875,297,82,"1550"
"PHR47",0.166452847080155,413,304,109,0.725605812958374,0.07003161633278,425,316,0.162301682163054,425,316,"1550"
"PHR63",0.0291967440196362,192,40,152,0.71027012320597,0.00910141509579839,184,32,0.0211169642714922,184,32,"1550"
"PHT10",0.0677639980061667,310,139,171,0.705127566743795,0.0238526215767155,306,135,0.0552949637240204,306,135,"1550"
"PHT47",0.169279258864884,599,305,294,0.651736478197305,0.0641149302341752,606,312,0.148605217323494,606,312,"1550"
"PHT55",0.0705056808924306,386,144,242,0.678807871293276,0.0249711614094276,386,144,0.0579257610159262,386,144,"1550"
"PHTM9",0.156858744852215,557,297,260,0.669801825594479,0.0545837043225221,554,294,0.126610665456365,554,294,"1550"
"PHV37",0.0763853349797894,300,158,142,0.715351284598671,0.0291005874339554,314,172,0.0674398037495198,314,172,"1550"
"PHV57",0.060267896215704,176,116,60,0.742528557002199,0.0186976428877061,152,92,0.0433819975886367,152,92,"1550"
"PHV63",0.0915591431584641,217,200,17,0.77630274645325,0.0361751405017361,234,217,0.0838339124595267,234,217,"1550"
"PHVA9",0.0185596563456966,179,12,167,0.706646947829101,0.00689308628693303,182,15,0.0159797102150384,182,15,"1550"
"PHVJ4",0.13038576743363,426,273,153,0.710045440771268,0.0446203563380686,417,264,0.103452805820327,417,264,"1550"
"PHW03",0.0504497281000169,212,89,123,0.721500171008272,0.0212999181261932,240,117,0.0493625238057118,240,117,"1550"
"PHW17",0.0397916659853186,381,62,319,0.625504025927048,0.0152894658747436,388,69,0.0354370940803612,388,69,"1550"
"PHW20",0.0985301794247863,493,216,277,0.661468230183332,0.0366308318167311,497,220,0.0849416304237299,497,220,"1550"
"PHW30",0.0565465527133873,333,104,229,0.685544479395791,0.0221618528692638,355,126,0.0513588974365625,355,126,"1550"
"PHW52",0.0740340496618827,327,154,173,0.704246744688228,0.0278248910979601,338,165,0.0645083102297731,338,165,"1550"
"PHW53",0.197109742519365,619,317,302,0.645781662730073,0.0737699589989373,620,318,0.171022344913673,620,318,"1550"
"PHW80",0.102823226467744,550,228,322,0.608952936542698,0.0373405961870739,548,226,0.0865548238847197,548,226,"1550"
"PHWG5",0.0611097762556406,304,121,183,0.702093158883866,0.0225467751817867,312,129,0.0522661623773335,312,129,"1550"
"PHZ51",0.110584940024678,336,250,86,0.7325532167943,0.0433899732563966,345,259,0.100564306476773,345,259,"1550"
"R168",0.0815607708354921,342,180,162,0.708400333641489,0.0253914487787187,311,149,0.0589128658473219,311,149,"1550"
"R177",0.174660266334739,597,308,289,0.656444986163414,0.0635922896971767,599,310,0.147404881366036,599,310,"1550"
"R181B",0.080677978595382,182,174,8,0.788299267954169,0.0295002805526787,183,175,0.0683755879763617,183,175,"1550"
"R226",0.0264127279352282,66,35,31,0.765032487614089,0.0091982752323197,64,33,0.0213360994311427,64,33,"1550"
"R229",0.0594674308460395,361,113,248,0.67699827767065,0.0182336912164607,335,87,0.0423047696074737,335,87,"1550"
"R71",0.121839580608224,265,262,3,0.811507690816802,0.0380079220200491,237,234,0.0881726270035653,237,234,"1550"
"R78",0.0201949973234387,107,15,92,0.72969135971744,0.00717550452708002,108,16,0.0166403528269244,108,16,"1550"
"SD101",0.0159944972187887,66,10,56,0.744109253667399,0.00613710819486837,66,10,0.0142242835223732,66,10,"1550"
"SD102",0.105795172998872,329,231,98,0.728672157479994,0.0395300933249606,344,246,0.0916121642335729,344,246,"1550"
"SD107",0.0436880748455624,293,68,225,0.6870238326191,0.0138211800598357,286,61,0.0320674355638539,286,61,"1550"
"SD40",0.126013296125972,363,266,97,0.72885478231352,0.0509499544597927,379,282,0.118074185742215,379,282,"1550"
"SG 30A",0.110180333194155,454,248,206,0.695734783482208,0.0372402523466221,431,225,0.0863615820211051,431,225,"1550"
"Tr",0.114173464449469,310,257,53,0.745294578976595,0.0418532543756277,305,252,0.0970150573917287,305,252,"1550"
"TZU-CHIAO-HSI-WU 105",0.115497890215412,313,259,54,0.74519740595204,0.0363382907373849,272,218,0.0843111998408215,272,218,"1550"
"Va26",0.137160490067526,483,278,205,0.695844738870737,0.0501794413263934,485,280,0.116304000532794,485,280,"1550"
"Va35",0.140156262070566,532,282,250,0.6739024965466,0.0515702394709588,535,285,0.119521344464482,535,285,"1550"
"Va99",0.0790555833106042,325,164,161,0.708409079953352,0.0267207067198298,317,156,0.061961510796743,317,156,"1550"
"W182E",0.078283561585197,467,160,307,0.642411000163501,0.0293416281442159,481,174,0.0680090193164491,481,174,"1550"
"W22",0.0608224234577144,163,119,44,0.75030074742436,0.0228583892208052,176,132,0.0529744758590307,176,132,"1550"
"W24",0.0743624811913849,314,155,159,0.708703267610506,0.0286917368420589,329,170,0.0664918049177831,328,169,"1550"
"W32",0.0710038116987969,443,145,298,0.651106202667051,0.0217754035457345,419,121,0.0505221140132829,419,121,"1550"
"W552",0.0264974771534825,339,36,303,0.645567412020873,0.00838007767303665,328,25,0.0194395277266947,328,25,"1550"
"W603S",0.0722433076272761,441,148,293,0.652243311377628,0.0283966451441334,461,168,0.0658076779388576,461,168,"1550"
"W604S",0.0564310723850486,329,103,226,0.686840167311673,0.0199080806040291,334,108,0.0461684918144454,334,108,"1550"
"W605S",0.0735648282554509,200,153,47,0.748808255626682,0.0248236219997892,190,143,0.0575736659396918,190,143,"1550"
"W607S",0.0918964467843214,399,202,197,0.697844503932653,0.0300556264065027,377,180,0.069713863708129,377,180,"1550"
"W610S",0.0941007865685792,466,207,259,0.669820842801052,0.032997860825675,457,198,0.0764964617354574,457,198,"1550"
"W611S",0.0913168730660169,374,199,175,0.703608773988601,0.0386027999302928,412,237,0.0894619868149953,412,237,"1550"
"W612S",0.177739496314887,612,313,299,0.650296135018467,0.0553950363998878,594,295,0.128508580345133,594,295,"1550"
"W614S",0.0174707095941763,254,11,243,0.678651624802367,0.00642129974785484,254,11,0.0148823655996526,254,11,"1550"
"W64A",0.099907947443293,351,220,131,0.718625415296948,0.0346563830562705,338,207,0.0803449910397381,338,207,"1550"
"W701BC",0.0804410204774108,175,173,2,0.812864251050392,0.0339510513222961,208,206,0.0786814887057334,208,206,"1550"
"W803G",0.128389175535749,382,270,112,0.724662095121452,0.0471157409418087,381,269,0.109199240914082,381,269,"1550"
"W810G",0.0566540136555232,111,105,6,0.795640458493092,0.0183189598442033,94,88,0.0425021516336874,94,88,"1550"
"W811G",0.0258078375443806,298,32,266,0.668807961484616,0.00973470821941876,302,36,0.0225601419658537,302,36,"1550"
"W813G",0.152109934194505,401,293,108,0.72582546046392,0.0519337096444965,395,287,0.120451661196352,395,287,"1550"
"W8304",0.084086563665895,376,185,191,0.700049826315435,0.0308367905509389,375,184,0.0714702240536144,374,183,"1550"
"W9",0.0845246857592644,471,187,284,0.658776169196759,0.0259719295553344,438,154,0.0602591214792459,438,154,"1550"
"WIL900",0.0521378678125287,406,93,313,0.634992693300429,0.0185197126001712,404,91,0.0429606429257481,404,91,"1550"
"YE 4",0.139161395069654,603,280,323,0.608734514084248,0.0518633898226414,609,286,0.120233260936765,609,286,"1550"
"YING-55",0.0611068518666619,219,120,99,0.728441637660826,0.0188580503257183,194,95,0.0437499590745186,194,95,"1550"
"Yu796 NS",0.0394938268714571,174,61,113,0.723535812644711,0.0153721334234064,183,70,0.035628104462784,183,70,"1550"
"ZS365",0.12569222065325,512,265,247,0.677075455411165,0.0393771920026434,492,245,0.0913476057711607,492,245,"1550"
"ZS635",0.0463553967323576,192,77,115,0.723468732611487,0.0184785627291078,205,90,0.0428230921310106,204,89,"1550"
"1538",0.0856299670918824,348,188,160,0.714423348514374,0.0355691953044982,373,213,0.0825926113464884,373,213,"1600"
"29MIBZ2",0.0826703333957975,223,175,48,0.752801574422551,0.031388998601194,234,186,0.072881119208006,234,186,"1600"
"2FACC",0.062854064320276,203,130,73,0.741164411277819,0.0239499718589869,208,135,0.0556079320290254,208,135,"1600"
"2MA22",0.146935699799818,547,295,252,0.677022428687365,0.0466590235988101,526,274,0.108272950615557,526,274,"1600"
"3IJI1",0.0829250535391284,304,178,126,0.72444917157405,0.0335438452355834,326,200,0.0778717526216351,326,200,"1600"
"4226",0.129592429490619,560,281,279,0.665793520260373,0.0517424051935268,571,292,0.120138011832648,571,292,"1600"
"4N506",0.110839834876756,375,247,128,0.723953071805678,0.0448497070621971,399,271,0.104135360321133,399,271,"1600"
"6M502",0.0798768014380351,220,170,50,0.751125638233734,0.031803704286783,239,189,0.0738510349397701,239,189,"1600"
"6M502A",0.0884121432893664,255,197,58,0.747821100867292,0.0335075392283734,257,199,0.0778075338105386,257,199,"1600"
"764",0.110760654282467,546,246,300,0.650623828111884,0.0421084263246269,555,255,0.0977697279909656,556,256,"1600"
"78010",0.0726313362508495,413,153,260,0.674579955218663,0.0297081246849205,439,179,0.0689790853615339,439,179,"1600"
"793",0.0538985133387154,335,99,236,0.685423290036858,0.0186922427279313,332,96,0.0433731685763929,332,96,"1600"
"87916W",0.0988095490495338,281,218,63,0.744478122298803,0.0423902291818701,320,257,0.0984288103384819,320,257,"1600"
"911",0.05290391694348,307,97,210,0.697819505022406,0.0199021464194051,315,105,0.0462132965012746,315,105,"1600"
"912",0.145235472859917,605,294,311,0.640658520180462,0.0596979258811191,615,304,0.138621194827841,615,304,"1600"
"91IFC2",0.134742454845529,547,286,261,0.674494650848565,0.0482922307372718,542,281,0.112111620899509,542,281,"1600"
"A",0.0246195619030095,167,30,137,0.722663573314875,0.00778785740903766,162,25,0.0180715221860566,162,25,"1600"
"A208",0.0985548023721596,486,217,269,0.670888970402834,0.0309682599064683,452,183,0.0718575779813618,452,183,"1600"
"A239",0.0246967438152906,77,32,45,0.755193110992682,0.00952698485378113,80,35,0.0221194763869151,80,35,"1600"
"A272",0.0557466530385543,293,107,186,0.707001027890974,0.0187293068516604,283,97,0.0434630824345321,283,97,"1600"
"A305",0.0907283736489306,507,200,307,0.645209340218724,0.0372365772216088,528,221,0.0864595606018052,528,221,"1600"
"A322",0.0243932619333697,281,27,254,0.676244688404445,0.00884232554940514,284,30,0.0205246192899458,284,30,"1600"
"A334",0.109760211074223,554,244,310,0.641969352919689,0.0416103067924329,563,253,0.0966142680789251,563,253,"1600"
"A340",0.0465510928148222,86,79,7,0.789328436188656,0.0185508249424761,102,95,0.043066900509065,102,95,"1600"
"A385",0.182626101120704,599,315,284,0.663978211545318,0.0580220810087493,584,300,0.134623800649728,584,300,"1600"
"A401",0.0398590412211588,79,61,18,0.780444825612401,0.0150639773216814,88,70,0.0349772976849752,88,70,"1600"
"A548",0.122103428832415,559,268,291,0.659952445648315,0.03836313420429,521,230,0.0890142525080483,521,230,"1600"
"A572",0.0085675970261072,308,7,301,0.650577170291373,0.0028795189868539,308,7,0.00668355021783996,308,7,"1600"
"A619",0.112976998356571,557,254,303,0.649198173004745,0.0410838919479185,552,249,0.0953797759363901,552,249,"1600"
"A627",0.0448491406982156,318,76,242,0.684001489964333,0.0156310585618395,315,73,0.036269751734793,315,73,"1600"
"A632",0.149732796636415,363,297,66,0.74381860410774,0.0581603361676988,368,302,0.135054695439427,368,302,"1600"
"A635",0.072601006690008,330,152,178,0.710422400189211,0.0288315290988956,349,171,0.06693470155682,349,171,"1600"
"A641",0.0936294218991827,526,209,317,0.634000417996307,0.0402380779770626,563,246,0.0934314523191275,563,246,"1600"
"A648",0.135242178464577,543,287,256,0.675721595662511,0.05130514347546,547,291,0.119124207461958,547,291,"1600"
"A663",0.0210315878817195,158,23,135,0.723043863696618,0.00705533793372958,158,23,0.0163756967701553,158,23,"1600"
"A672",0.0077514285996872,220,5,215,0.694786438018638,0.00261496805615868,219,4,0.00606963785381776,219,4,"1600"
"A674",0.0652826285311962,318,137,181,0.709233403322674,0.0263607665735913,336,155,0.0612062722647072,336,155,"1600"
"A679",0.119603903919781,502,265,237,0.68521579079628,0.040077530398447,482,245,0.0930206550086417,482,245,"1600"
"A680",0.0783008217830204,316,167,149,0.716975652546366,0.0269136621195534,312,163,0.062474331703338,312,163,"1600"
"A71",0.0685802026655293,232,144,88,0.737328589443411,0.0229589978305926,217,129,0.0532796025264189,217,129,"1600"
"A73",0.0277640198080144,263,38,225,0.691229937781362,0.0107987127916208,270,45,0.0250757924900749,270,45,"1600"
"A797NW",0.0920671921393263,305,205,100,0.732743044748456,0.0311427715134367,284,184,0.0722868661832473,284,184,"1600"
"AQA3",0.0548487207334519,416,103,313,0.640300670149154,0.0174967321091161,399,86,0.0406021510571793,399,86,"1600"
"AS6103",0.128652574835786,395,280,115,0.727995381150391,0.045309317140122,388,273,0.105132575814698,388,273,"1600"
"AusTRCF 306238",0.0616285066117105,375,124,251,0.677942361867075,0.0205285651565756,360,109,0.0476428196615546,360,109,"1600"
"B-28",0.0868194460501405,263,194,69,0.742631932532188,0.0351166515796499,279,210,0.0815230206313954,279,210,"1600"
"B103",0.092288120533879,328,206,122,0.725753783462715,0.0290140546214096,294,172,0.0673235813852899,294,172,"1600"
"B104",0.0373937189014638,140,59,81,0.738096841345382,0.0126789597864657,138,57,0.0294300114916306,138,57,"1600"
"B105",0.0694117536288068,239,146,93,0.734004691253085,0.0271782354807771,257,164,0.0631107284591312,257,164,"1600"
"B108",0.0828022746296177,261,176,85,0.737696300948195,0.0277049590897275,252,167,0.064293533481043,252,167,"1600"
"B109",0.197438428053212,552,318,234,0.686619021987741,0.0742855830197699,553,319,0.172490719002961,553,319,"1600"
"B111",0.0631720788909748,199,132,67,0.743159772447911,0.0216695285581372,190,123,0.05028270441051,190,123,"1600"
"B115",0.0781564798496346,194,164,30,0.766919637283558,0.0291250578559707,203,173,0.0676188459950539,204,174,"1600"
"B119",0.12243775193484,366,269,97,0.733383955980571,0.0523492414952675,392,295,0.121552795801636,392,295,"1600"
"B120",0.176322852464885,347,310,37,0.759708354423105,0.0670705469986306,350,313,0.155727866334376,350,313,"1600"
"B121",0.100464980241392,447,224,223,0.691772180089226,0.0373209276667973,446,223,0.0866465895852049,446,223,"1600"
"B14A",0.123589924175857,309,274,35,0.760093223864628,0.0430776226817532,296,261,0.0999557694900229,296,261,"1600"
"B164",0.107082999108432,259,239,20,0.777809369754722,0.0432002284609416,282,262,0.100314041875737,282,262,"1600"
"B2",0.0397908701945482,114,60,54,0.749036385758833,0.013341222162584,112,58,0.0309598886201543,112,58,"1600"
"B37",0.0833493363293261,350,180,170,0.711346471640464,0.0262042541039663,322,152,0.0608014640977349,322,152,"1600"
"B57",0.0246781169989088,251,31,220,0.692223440442279,0.00851191469863749,248,28,0.019749576524706,248,28,"1600"
"B66",0.105223768924516,471,236,235,0.686471884480881,0.0360686069469226,450,215,0.0836949470469492,450,215,"1600"
"B68",0.0159975781634351,93,15,78,0.73933205095521,0.00533710318599866,90,12,0.0123858997175427,90,12,"1600"
"B73",0.124623518544838,454,275,179,0.710262975103069,0.0485836537360227,462,283,0.112816503060046,462,283,"1600"
"B75",0.134120648221634,598,284,314,0.638962929817671,0.0478812746027791,594,280,0.111156722358709,594,280,"1600"
"B76",0.12283491259279,298,272,26,0.773465377897042,0.0477825797137879,305,279,0.110936521487161,305,279,"1600"
"B77",0.0312046301441244,64,47,17,0.781171480125624,0.00981383612745097,53,36,0.0227708825932909,53,36,"1600"
"B79",0.0676792026989286,250,141,109,0.729852863184543,0.0230632406931224,240,131,0.0535347818375712,240,131,"1600"
"B87",0.043342964926625,230,71,159,0.714618634946922,0.0169211918502751,241,82,0.0392807556578527,241,82,"1600"
"B88",0.0289244881810589,189,43,146,0.719070997572559,0.0102163910910585,186,40,0.0237046750519429,186,40,"1600"
"B91",0.111394426916377,287,249,38,0.75956484998018,0.043669182460835,304,266,0.101404406758025,304,266,"1600"
"B97",0.0244320524283849,84,28,56,0.748268133828705,0.00793609120004345,82,26,0.0184171943376402,82,26,"1600"
"BEI 10 = NORTH 10",0.0738897170686817,432,155,277,0.666707878407555,0.0260417720465746,428,151,0.060454502331944,428,151,"1600"
"BO9",0.158435226924693,549,301,248,0.679060412519531,0.0604063671537796,553,305,0.140247894521677,553,305,"1600"
"CG102",0.020229974806786,104,22,82,0.737890925463066,0.00665339308390392,102,20,0.0154409503808665,102,20,"1600"
"CH701-30",0.10838863767763,394,241,153,0.716534713186281,0.0364991437297563,371,218,0.0846853619179008,371,218,"1600"
"CH711-10",0.137460837846609,570,288,282,0.664619308689795,0.0434505484653224,547,265,0.100825499084808,546,264,"1600"
"CH753-4",0.211290602676161,591,321,270,0.670726626734669,0.0710582052646311,588,318,0.164869260803272,588,318,"1600"
"CH9",0.118589189622899,508,264,244,0.683316570342212,0.0395789302768559,485,241,0.0918599085360147,485,241,"1600"
"CI 40H",0.0698719769458604,168,147,21,0.775784524591139,0.0265239518151533,179,158,0.0615911373769446,179,158,"1600"
"CR 22 INBRED",0.0488249089244283,298,85,213,0.69634452444215,0.0184900055716277,307,94,0.0429286412751038,307,94,"1600"
"DE2",0.0911271333207705,433,202,231,0.689086227537926,0.0388624120333308,467,236,0.0902377493886733,467,236,"1600"
"DE3",0.181034919309779,639,313,326,0.520545689926193,0.068360577006548,641,315,0.158728272167454,641,315,"1600"
"DE4",0.047402176207032,237,82,155,0.716009294046828,0.0150204963676294,224,69,0.0348509503541446,224,69,"1600"
"DE811",0.0284805893067504,134,42,92,0.734162934557118,0.00912080555938457,124,32,0.0211656339053426,124,32,"1600"
"DJ7",0.162528946199256,481,304,177,0.710719064936741,0.0618558035627742,485,308,0.143619725412137,485,308,"1600"
"DK3IIH6",0.0819899747430683,297,173,124,0.724937390853144,0.0293051919509768,300,176,0.0680323729903009,300,176,"1600"
"DK4676A",0.0595567720062509,254,120,134,0.723154553210662,0.0200922916465726,241,107,0.0466251387890563,241,107,"1600"
"DK78002A",0.0281419622147008,69,40,29,0.767421609234238,0.0105919369907785,73,44,0.0245949094353856,73,44,"1600"
"DK78010",0.0451005443128253,176,78,98,0.733037723014172,0.0152929482360396,169,71,0.0354975297993635,169,71,"1600"
"DKFAPW",0.101032689743312,381,227,154,0.716059548041742,0.0394771014690492,393,239,0.0916527072862254,393,239,"1600"
"DKFBHJ",0.0373509507577164,67,58,9,0.78848323344484,0.0120128399438934,63,54,0.0278772447456066,63,54,"1600"
"DKMBNA",0.0245571799824115,224,29,195,0.703172792205558,0.00818103800178515,222,27,0.0189864322846505,222,27,"1600"
"DKPB80",0.0941636534181637,436,210,226,0.690720735063228,0.0361280669660749,443,217,0.0838805935266889,443,217,"1600"
"E8501",0.114954851099672,577,258,319,0.630952921651929,0.0385308116895853,551,232,0.0894308851615961,551,232,"1600"
"F118",0.0364890840500501,60,56,4,0.799192399721437,0.0143122320511712,69,65,0.0332344930162825,69,65,"1600"
"F2834T",0.0588853123825243,255,117,138,0.722370912164434,0.02063274217014,248,110,0.0478751016698322,248,110,"1600"
"FBLA",0.0509076868448359,166,90,76,0.739869080293037,0.017487741768244,161,85,0.040593988534916,161,85,"1600"
"FR19",0.404230048249788,651,326,325,0.542304631993917,0.126982246001426,651,326,0.294638775779089,651,326,"1600"
"H105W",0.085833702949965,388,189,199,0.702093696587565,0.0324405069565031,394,195,0.0753241336631839,394,195,"1600"
"H113",0.0182252624310564,205,18,187,0.705769878949787,0.00770817707007826,211,24,0.0178979597049887,211,24,"1600"
"H121",0.030616888407054,310,46,264,0.672968602569763,0.0119684431921865,317,53,0.0277920007047236,317,53,"1600"
"H122w",0.071118044010338,421,150,271,0.670671958637039,0.0245579839448025,413,142,0.0569801387351848,413,142,"1600"
"H5",0.0845307765251258,342,185,157,0.715436935116464,0.0331588236315864,355,198,0.076975094572415,355,198,"1600"
"H71",0.0241977383510536,47,25,22,0.7747579663412,0.00949880980713939,56,34,0.0220544535423674,56,34,"1600"
"H91",0.00873661865439961,155,8,147,0.718185372375354,0.00277407537584609,152,5,0.00643646133495645,152,5,"1600"
"H95",0.121581399221459,495,266,229,0.690189060772228,0.0494174893378263,514,285,0.114741575783824,514,285,"1600"
"H96",0.106964851301072,244,238,6,0.794289001300761,0.0371968949746854,226,220,0.0863056377361132,226,220,"1600"
"H99",0.0570370011483141,245,113,132,0.723698736012139,0.0191035028947933,231,99,0.0443322398275022,231,99,"1600"
"HP301",0.0705552224596868,188,149,39,0.759179547350768,0.0266880927173138,200,161,0.0619719683157993,200,161,"1600"
"HUOBAI",0.142636518970209,567,292,275,0.668633882873094,0.0559243066671445,572,297,0.129836563158573,572,297,"1600"
"Hy",0.142201618019014,323,291,32,0.764219110831507,0.0539504743273749,328,296,0.12527804814589,328,296,"1600"
"I29",0.0780479491457268,265,163,102,0.730754545565406,0.0316458634697611,290,188,0.0734837451104685,290,188,"1600"
"Ia 453",0.100382986382794,250,223,27,0.772750448265804,0.0328249887470466,223,196,0.0761779253363322,223,196,"1600"
"IA2132",0.0177963291144507,24,16,8,0.78899638864089,0.00569541623151474,23,15,0.0132166857454006,23,15,"1600"
"IBB15",0.0301465453336996,72,44,28,0.769663255628988,0.011104823344992,76,48,0.0257813300847388,76,48,"1600"
"IBC2",0.0691851306492009,275,145,130,0.723876325597227,0.024025492210486,266,136,0.055748225339313,266,136,"1600"
"ICI 740",0.0399052372279446,311,62,249,0.678681986937244,0.0138383368864728,312,63,0.0321102502771834,312,63,"1600"
"ICI 893",0.0631351480382733,248,131,117,0.727766086055715,0.025018092298611,263,146,0.0580817808866921,263,146,"1600"
"ICI 986",0.0771901944340796,202,161,41,0.75828221677521,0.0245354021807804,182,141,0.0569349906842401,182,141,"1600"
"IDS28",0.107282922444537,283,240,43,0.756151859938043,0.0395526044682399,283,240,0.0918108304771657,283,240,"1600"
"IDS69",0.0620193278521422,358,126,232,0.687064728771908,0.0234536408418787,365,133,0.054457225760512,365,133,"1600"
"IDS91",0.0012845186161571,201,1,200,0.701846961785446,0.000513223432528159,201,1,0.00119147370565965,201,1,"1600"
"INB 101LFY/LFY (A632 X M16 S5)",0.221006016927287,622,323,299,0.653190333194748,0.0851452173283585,621,322,0.197716649387015,621,322,"1600"
"INBRED 141",0.112808850802449,268,253,15,0.783531752390043,0.0372922089814225,237,222,0.0865249545429603,237,222,"1600"
"INBRED 2-687",0.128548299817006,338,279,59,0.747791329367008,0.0421100613588191,315,256,0.0977265150426676,314,255,"1600"
"INBRED 305",0.0635901128112977,452,134,318,0.633624626169035,0.0215444280084676,439,121,0.0499941106172835,439,121,"1600"
"INBRED 321",0.102311509773624,314,231,83,0.737803015960094,0.0342044590581912,287,204,0.0793834392213003,287,204,"1600"
"K150",0.051394778362127,123,92,31,0.765028402027519,0.019793966362618,135,104,0.045956974596195,135,104,"1600"
"K41",0.149132210090801,437,296,141,0.721174591023514,0.0510427858040391,431,290,0.11846828396432,431,290,"1600"
"K47",0.0436912527938609,126,73,53,0.750418943616351,0.0147196197179584,121,68,0.0341577890396204,121,68,"1600"
"KUNG-70",0.118070196623373,548,263,285,0.663246808527366,0.0398619259626471,527,242,0.0925012651621349,527,242,"1600"
"L 127",0.100563037317276,453,225,228,0.690220051550575,0.041526091328959,480,252,0.0964197953346124,480,252,"1600"
"L 289",0.0338462598380468,277,53,224,0.691361101531586,0.0116905764042545,274,50,0.0271268186911663,274,50,"1600"
"LH1",0.0561869821087266,389,111,278,0.665893152985451,0.0178535126469775,368,90,0.0414294495551609,368,90,"1600"
"LH119",0.0302196077270905,308,45,263,0.673330156023046,0.0117285780415055,314,51,0.0272303306020145,314,51,"1600"
"LH128",0.0834626071732311,270,181,89,0.736849615249106,0.0262507639144624,242,153,0.0609091860279758,242,153,"1600"
"LH143 (Maintainer)",0.00504701743386055,188,3,185,0.707020317624709,0.00168172295207898,188,3,0.00390304684938662,188,3,"1600"
"LH146Ht",0.0322003610078052,123,48,75,0.740526862659245,0.0108541892789248,121,46,0.025183914337728,121,46,"1600"
"LH149",0.0554349761246816,307,106,201,0.701540578370779,0.0181168245461939,292,91,0.0420441905908193,292,91,"1600"
"LH165",0.052705891257976,372,96,276,0.666802761554206,0.0187624512142622,374,98,0.0435569133323566,374,98,"1600"
"LH166",0.0257517794542814,276,35,241,0.684478540790458,0.00881642133763482,270,29,0.0204580129748488,270,29,"1600"
"LH184",0.0420122351450979,281,67,214,0.694797178349526,0.016150508510178,291,77,0.0374977688756962,291,77,"1600"
"LH190",0.117279064533562,500,261,239,0.684738709822043,0.0442870326666801,509,270,0.102831241970146,509,270,"1600"
"LH192",0.221871632200442,583,324,259,0.674940888099669,0.0889291562708455,583,324,0.206500688712037,583,324,"1600"
"LH194",0.112271235177111,537,251,286,0.662656038790819,0.043414732141391,549,263,0.100813830878386,549,263,"1600"
"LH195",0.0437328350107406,268,74,194,0.70322360533606,0.0137513291232959,254,60,0.0319070283566526,254,60,"1600"
"LH197",0.186339072111931,402,316,86,0.737475731583007,0.0649789450611428,397,311,0.150841047163794,397,311,"1600"
"LH198",0.0930925205748926,244,208,36,0.759784441837771,0.032149336927906,228,192,0.0746289273221325,228,192,"1600"
"LH202",0.0196204521212244,269,19,250,0.678452818380581,0.00621705027472306,267,17,0.0144249640408637,267,17,"1600"
"LH204",0.170086496817014,477,306,171,0.711164601820389,0.0643155773435917,480,309,0.14932257453169,480,309,"1600"
"LH205",0.0720413862428637,404,151,253,0.676554545919144,0.0274626242630532,418,165,0.0637636399916482,418,165,"1600"
"LH206",0.0511908536196494,346,91,255,0.676124047292103,0.0177591225461806,344,89,0.0412053302366348,344,89,"1600"
"LH208",0.0480417865295491,174,84,90,0.734867927593841,0.0153143155599906,162,72,0.0355376357426968,162,72,"1600"
"LH209",0.055063064263248,256,104,152,0.716773835094742,0.0173384904055008,236,84,0.0402324311435981,236,84,"1600"
"LH214",0.0777020535278477,379,162,217,0.694055233324225,0.0257918815357732,366,149,0.0598581532820938,366,149,"1600"
"LH215",0.143768239607033,416,293,123,0.725180868021911,0.0483981638010967,405,282,0.112311321909442,405,282,"1600"
"LH222",0.126223989611748,446,277,169,0.711716395506783,0.0509677580922395,458,289,0.118340505417969,458,289,"1600"
"LH223",0.0519930698735652,270,95,175,0.71080352461181,0.0206574128014847,286,111,0.0479577869754135,286,111,"1600"
"LH224",0.159829602222891,424,303,121,0.726566502599099,0.0502273551925543,408,287,0.116542525856834,408,287,"1600"
"LH295",0.0449356799766113,339,77,262,0.674211787996557,0.0170226015499174,345,83,0.0395279932516756,345,83,"1600"
"LH60",0.0625495538336993,248,128,120,0.726988212771085,0.0210625189710815,234,114,0.0488880157802238,234,114,"1600"
"LH74",0.0428930605777726,246,70,176,0.710798272886698,0.0161471683245666,252,76,0.0374944463844631,252,76,"1600"
"LH82",0.0677152944621842,255,142,113,0.728758972519322,0.0220940519689424,240,127,0.0512623023189275,240,127,"1600"
"LH93",0.111101421350067,571,248,323,0.617598823744968,0.040349607570744,570,247,0.0936748662588897,570,247,"1600"
"LIBC 4",0.0781971833309174,270,165,105,0.730489419670161,0.0335638306043364,306,201,0.0779341536154163,306,201,"1600"
"LP1 NR HT",0.0841184327850152,290,182,108,0.729905234125986,0.026422814512503,264,156,0.0613093540661731,264,156,"1600"
"LP5",0.0264118860536132,245,37,208,0.699201414648534,0.00885331985134082,239,31,0.0205414498947739,239,31,"1600"
"M14",0.0850231088536343,459,187,272,0.67061001703337,0.0331467887068629,469,197,0.0769600999113167,469,197,"1600"
"MBPM",0.0698971824768816,227,148,79,0.7392414483019,0.0266636698510245,239,160,0.0619084505379186,239,160,"1600"
"MBWZ",0.109515271518953,387,243,144,0.720085013409316,0.0414511556222108,395,251,0.0962531350130082,395,251,"1600"
"Mo17",0.0402845054144059,270,64,206,0.699937035423956,0.0137912864553865,268,62,0.0320019126653461,268,62,"1600"
"Mo1W",0.181922710275616,441,314,127,0.723990481939737,0.0611906221916991,434,307,0.141997675563671,434,307,"1600"
"Mo47",0.0540545930745613,280,100,180,0.710162138544281,0.0211860927194494,295,115,0.049181479976976,295,115,"1600"
"Mo5",0.0565416058500117,146,112,34,0.762423305933163,0.0212806801597766,150,116,0.0494074262532707,150,116,"1600"
"MQ305",0.00829972993685511,300,6,294,0.656446420750265,0.00311846357411954,302,8,0.00724013129632562,302,8,"1600"
"MS116",0.036713864097528,354,57,297,0.654400671237063,0.012241731981236,352,55,0.0284117998841849,352,55,"1600"
"MS132",0.0869711548206396,429,196,233,0.687055287476053,0.0351579671570563,444,211,0.0816392306834097,444,211,"1600"
"MS200",0.0126191700993377,331,11,320,0.629724862954162,0.00510651341744228,331,11,0.011854718749282,331,11,"1600"
"MS211",0.10019797217612,467,222,245,0.682534320408136,0.0388299730214245,480,235,0.090154743175085,480,235,"1600"
"MS221",0.0845247475485737,231,184,47,0.752993539294155,0.0265819192564344,206,159,0.0616776078875752,206,159,"1600"
"MS224",0.12251847037398,314,270,44,0.755402244248271,0.0473582844573683,321,277,0.109936035409856,321,277,"1600"
"MS225",0.0782342622094017,261,166,95,0.733442104478027,0.0299985930651794,276,181,0.0696600119677642,276,181,"1600"
"MS226",0.0848046127066803,494,186,308,0.643833709738843,0.0319168420960686,499,191,0.07411217558224,499,191,"1600"
"MS67",0.086766830166472,458,193,265,0.671995767660772,0.0340999456002426,468,203,0.0791835690405248,468,203,"1600"
"MS71",0.101440857371261,298,228,70,0.742470483164189,0.031869521288136,260,190,0.0739471458473926,260,190,"1600"
"MS72",0.218320930079384,624,322,302,0.650136343934658,0.0859321745422556,625,323,0.199543203123837,625,323,"1600"
"N192",0.175088510353549,405,309,96,0.733413899756532,0.0585392546761174,399,303,0.135868114476231,399,303,"1600"
"N200",0.114611647697802,386,257,129,0.723899782889568,0.0438669728079301,397,268,0.101863847771054,397,268,"1600"
"N201",0.0518434060561549,154,93,61,0.746217283212124,0.0203664811344307,169,108,0.0472930638681019,169,108,"1600"
"N209",0.0590208409539223,321,118,203,0.700594708733363,0.0253538682963808,350,147,0.0588707960000262,350,147,"1600"
"N217",0.0159481490957595,30,14,16,0.783467111193327,0.00609537658769018,32,16,0.014152322817111,32,16,"1600"
"N218",0.170816043336599,498,307,191,0.703764529722666,0.0643330600698437,501,310,0.14938468493315,501,310,"1600"
"N28Ht",0.0326102939295636,101,49,52,0.750750221195008,0.011957184627734,104,52,0.0277600030376042,104,52,"1600"
"N501",0.024298872243737,230,26,204,0.700071441530659,0.0100412579380347,242,38,0.0233148966675806,242,38,"1600"
"N523",0.0996778341184477,234,220,14,0.785212973789676,0.0375179011314815,241,227,0.0871181295433202,241,227,"1600"
"N527",0.0592187676593464,264,119,145,0.719467363980712,0.0242352874641706,285,140,0.056271765855683,285,140,"1600"
"N534",0.103949512739252,259,234,25,0.773804751386414,0.0412459241532799,275,250,0.0957768737592642,275,250,"1600"
"N542",0.0623923668954125,315,127,188,0.70550012471933,0.02422930273858,327,139,0.0562631071174643,327,139,"1600"
"NC250",0.104662575050583,522,235,287,0.662409372861471,0.0378842546810699,515,228,0.087950841760088,515,228,"1600"
"NC262",0.200605249813686,491,319,172,0.710911593257689,0.0786372553561742,492,320,0.182580700054488,492,320,"1600"
"NC294",0.0427285769869499,156,69,87,0.737437778561811,0.0176549771683851,175,88,0.0409954793984452,175,88,"1600"
"NC310",0.0545804498992543,264,101,163,0.713408145773855,0.0181923665382579,256,93,0.0422223019107358,256,93,"1600"
"NC326",0.0784077356597119,457,168,289,0.660590928367815,0.0295571359530188,467,178,0.0686334938197048,467,178,"1600"
"NC328",0.113986735239785,375,256,119,0.727340666349903,0.0429613104114659,379,260,0.0997587383049794,379,260,"1600"
"NC342",0.0962866982129781,330,214,116,0.727868878810142,0.0390128738119684,353,237,0.0905904616300141,353,237,"1600"
"NC412",0.176497241957875,501,311,190,0.703827855549603,0.0664015908358976,502,312,0.154186412645316,502,312,"1600"
"ND259",0.134556726319471,594,285,309,0.643646999142163,0.0437129756036263,576,267,0.101444230523719,576,267,"1600"
"ND265",0.187541009190872,605,317,288,0.661038560613862,0.070726277516324,605,317,0.164231037805434,605,317,"1600"
"NK740",0.128063584559684,494,278,216,0.694491234398023,0.0503252928124033,504,288,0.116836986404967,504,288,"1600"
"NK778",0.032917306074094,248,51,197,0.702836288949937,0.0104669609890849,238,41,0.0242855905330286,238,41,"1600"
"NK807",0.0104585441010651,239,9,230,0.689467614205009,0.00349899020863833,239,9,0.00811994034338784,239,9,"1600"
"NKS8326",0.111635976664831,432,250,182,0.709174519247804,0.0420354704983293,436,254,0.0976084025311587,436,254,"1600"
"NORTH 7",0.0890942686777903,472,198,274,0.669892258592114,0.0297468084823281,454,180,0.0690332506368841,454,180,"1600"
"NS501",0.0327807536285837,330,50,280,0.664852957529143,0.0109232561996936,327,47,0.0253503198955815,327,47,"1600"
"NS701",0.260511933050491,572,325,247,0.679413570150514,0.103624164782313,572,325,0.240557258467161,572,325,"1600"
"NY6371",0.0518656834466171,105,94,11,0.787946375432686,0.0168201385305332,91,80,0.0390258667657667,91,80,"1600"
"Ny821",0.0577323353744624,298,114,184,0.707632974964535,0.0217448796437195,308,124,0.0504927537859,308,124,"1600"
"OH33",0.0443714873432195,185,75,110,0.729815252102092,0.0176530720071402,197,87,0.0409876263855099,197,87,"1600"
"Oh40B",0.10192798028672,309,229,80,0.739091748339982,0.0340087601921701,282,202,0.0789316398548582,282,202,"1600"
"Oh43",0.062753845430298,396,129,267,0.671522177893701,0.0259551438459488,417,150,0.0602687161426033,417,150,"1600"
"Oh7",0.0434503722251072,136,72,64,0.74392474430478,0.0146988608703648,131,67,0.0341146999590853,131,67,"1600"
"OQ403",0.0587675627228052,259,116,143,0.72051258014416,0.0213497981976373,260,117,0.049556857456814,260,117,"1600"
"OQ603",0.0345945373466307,105,54,51,0.751122852505936,0.0115775861136648,100,49,0.0268674900814213,100,49,"1600"
"Os420",0.0989328262836465,259,219,40,0.758792905788056,0.0387027977557637,274,234,0.0898720016753374,274,234,"1600"
"Pa392",0.0561526785581462,348,110,238,0.684762057377442,0.0229273813130631,366,128,0.0532386237481806,366,128,"1600"
"Pa405",0.100908314121475,516,226,290,0.660492166064445,0.0381763919067706,519,229,0.088641935372414,519,229,"1600"
"Pa875",0.0558864553845474,241,108,133,0.723339590568407,0.0215575366163693,255,122,0.0500516587209078,255,122,"1600"
"Pa880",0.0200198978904401,22,21,1,0.838359206729367,0.00629224773171485,19,18,0.0146003454856905,19,18,"1600"
"Pa91",0.0494812882518023,96,86,10,0.788023721762851,0.0162478573318895,88,78,0.0377072824202519,88,78,"1600"
"PH207",0.0144277964689956,85,13,72,0.741345156732977,0.00555333053213833,85,13,0.0128954491649279,85,13,"1600"
"PHB09",0.0742889495084627,235,158,77,0.739829416587401,0.0248073553914204,222,145,0.0575701984032449,222,145,"1600"
"PHB47",0.150776676290564,507,300,207,0.699217402094463,0.0581444916916871,508,301,0.134996902110116,508,301,"1600"
"PHBA6",0.0633490143905179,188,133,55,0.748470396618228,0.0200404186923584,161,106,0.0465032900149285,161,106,"1600"
"PHBB3",0.133540106529732,439,283,156,0.71583413765606,0.0521847248404839,450,294,0.121178504470139,450,294,"1600"
"PHG29",0.00735372250191506,223,4,219,0.692347671577386,0.0028050599154125,225,6,0.00651286748321321,225,6,"1600"
"PHG71",0.0600938637803663,136,123,13,0.785448302366726,0.0247257595968094,157,144,0.057414255467514,157,144,"1600"
"PHG83",0.0894223941342565,439,199,240,0.684558359374383,0.029219490646236,415,175,0.0678104103046755,415,175,"1600"
"PHG86",0.177903312916565,369,312,57,0.748021390646559,0.0673217024957708,371,314,0.15631438684825,371,314,"1600"
"PHH93",0.085944670449032,485,190,295,0.655710053135422,0.0343297154949624,501,206,0.0797165243181958,501,206,"1600"
"PHHH9",0.0740748099964072,323,156,167,0.712335737326919,0.0256503688710402,315,148,0.0595188488594794,315,148,"1600"
"PHHV4",0.086967627900759,378,195,183,0.709147957100863,0.029380316561792,360,177,0.0681780830494879,360,177,"1600"
"PHJ70",0.102958133184735,545,233,312,0.640518442029928,0.0425656701712843,570,258,0.0988336837936302,570,258,"1600"
"PHJ89",0.0578150426976247,430,115,315,0.636661245994303,0.0215144217775463,435,120,0.0499493431709572,435,120,"1600"
"PHJ90",0.0596787864512337,220,121,99,0.732996818813539,0.0230482114039218,229,130,0.0535119314002716,229,130,"1600"
"PHJR5",0.0401701649352505,157,63,94,0.733515095453544,0.0159989570551827,168,74,0.0371426245654076,169,75,"1600"
"PHK42",0.0479156173135577,225,83,142,0.721090636518622,0.0168959891092871,223,81,0.0392231292683108,223,81,"1600"
"PHK74",0.0409957665508339,172,66,106,0.73044638026221,0.0136768828986586,165,59,0.0317401614503048,165,59,"1600"
"PHKE6",0.0559622347609696,240,109,131,0.723827627641376,0.0218410321476317,257,126,0.0507172267413545,257,126,"1600"
"PHM10",0.0421208414760885,257,68,189,0.704177657309647,0.014224577466674,253,64,0.0330039211569044,253,64,"1600"
"PHN11",0.0109826446666977,184,10,174,0.710866906411134,0.00370248255480795,184,10,0.00859181605960399,184,10,"1600"
"PHN29",0.0143347476641198,45,12,33,0.764135723694319,0.00559163065933147,47,14,0.0129819627175109,47,14,"1600"
"PHN66",0.0263381994205718,59,36,23,0.774179511171577,0.0105710020030244,66,43,0.0245443706405355,66,43,"1600"
"PHN82",0.018011075433749,167,17,150,0.716946053943616,0.0065257614649947,169,19,0.0151500194245708,169,19,"1600"
"PHP02",0.0999063132596158,387,221,166,0.712859183439911,0.034321108086935,371,205,0.0796689975611198,371,205,"1600"
"PHP55",0.0860287883645487,330,191,139,0.722072866188705,0.0323672340286493,333,194,0.0751577150763712,333,194,"1600"
"PHP76",0.0808332165682309,243,172,71,0.741387345256296,0.0267483035960904,233,162,0.0620611189607083,233,162,"1600"
"PHPR5",0.0915590846239515,328,203,125,0.724829530272372,0.0373443912123634,349,224,0.0867094964003994,350,225,"1600"
"PHR03",0.113775930531061,460,255,205,0.699978410480459,0.0434202275954853,469,264,0.100826324406664,470,265,"1600"
"PHR30",0.0920431059915093,369,204,165,0.712970975731436,0.0346236630458829,372,207,0.0803968650344316,372,207,"1600"
"PHR31",0.114987896738688,305,259,46,0.755004527900056,0.0386842459716481,279,233,0.0897697680960799,279,233,"1600"
"PHR36",0.0616318007984284,337,125,212,0.696825302468001,0.0218131456216809,337,125,0.0506122148702019,337,125,"1600"
"PHR47",0.174166156142639,409,308,101,0.731118126461548,0.070639007597529,417,316,0.164028321932817,417,316,"1600"
"PHR63",0.00364526779916997,138,2,136,0.722825397111601,0.00114494491454734,138,2,0.00265665005738794,138,2,"1600"
"PHT10",0.0639864120993298,286,135,151,0.716825119740583,0.0246170874731547,294,143,0.0571550699743443,294,143,"1600"
"PHT47",0.149884674264578,581,298,283,0.664169742585921,0.0564841104277046,581,298,0.131139561592244,581,298,"1600"
"PHT55",0.0672766829527733,367,140,227,0.690350832277531,0.0232479533354279,359,132,0.0539445153782401,359,132,"1600"
"PHTM9",0.138870368366628,556,290,266,0.671756443816438,0.047386458762135,544,278,0.109958540764108,544,278,"1600"
"PHV37",0.0960940732527654,375,213,162,0.714232269807737,0.0374251764655193,388,226,0.0869053303058417,388,226,"1600"
"PHV57",0.0680064932221555,203,143,60,0.747415838845485,0.0213603936965886,178,118,0.0495630940583555,178,118,"1600"
"PHV63",0.0973158283279966,234,215,19,0.780067862098788,0.039276986929714,257,238,0.0912039684387724,257,238,"1600"
"PHVA9",0.0279839509240603,197,39,158,0.715359670263784,0.0105298243798237,200,42,0.0244506165320593,200,42,"1600"
"PHVJ4",0.121756226921624,440,267,173,0.710868972309008,0.0409301459486488,421,248,0.0949819003098351,421,248,"1600"
"PHW03",0.059932290694461,233,122,111,0.729787190391593,0.0241725623053223,249,138,0.0561254946741246,249,138,"1600"
"PHW17",0.0349425517075683,376,55,321,0.627486650875869,0.0146392513522901,387,66,0.0339913320407123,387,66,"1600"
"PHW20",0.0977872462861395,489,216,273,0.670108101394724,0.0384056123962346,504,231,0.0891639540243907,504,231,"1600"
"PHW30",0.0728236999992477,363,154,209,0.699012461287237,0.0275545143934212,375,166,0.0639839069612197,375,166,"1600"
"PHW52",0.0546446955882043,294,102,192,0.703326774576368,0.0210427357063091,305,113,0.0488477372417248,305,113,"1600"
"PHW53",0.20497572851126,612,320,292,0.659281368914923,0.078829777179499,613,321,0.183024401221963,613,321,"1600"
"PHW80",0.102068806233235,552,230,322,0.618142526959215,0.0347361329000576,530,208,0.080629678571522,530,208,"1600"
"PHWG5",0.0504631856414043,290,88,202,0.700870854383149,0.0195838997870333,303,101,0.0454681009305569,303,101,"1600"
"PHZ51",0.112465258877692,336,252,84,0.73773461927854,0.0428096384582211,343,259,0.0993926697378534,343,259,"1600"
"R168",0.102688942883974,396,232,164,0.712981635177971,0.0322644034399285,357,193,0.0748632864419625,357,193,"1600"
"R177",0.165767814606037,598,305,293,0.659271387727726,0.0604570843949314,599,306,0.140356983863902,599,306,"1600"
"R181B",0.0745509455139169,171,159,12,0.786451204927399,0.0281063389961784,180,168,0.0652615027686995,180,168,"1600"
"R226",0.0212241927290491,48,24,24,0.773967832398381,0.00673127160480511,46,22,0.0156180498986114,46,22,"1600"
"R229",0.0828698599239279,423,177,246,0.681201644736366,0.0263237419329964,400,154,0.0610847142042054,400,154,"1600"
"R71",0.122596474535422,274,271,3,0.81149889151261,0.0400143564392574,247,244,0.0928620552212094,247,244,"1600"
"R78",0.0284007086343583,153,41,112,0.729676576489744,0.00913268363225419,145,33,0.0211895895978028,145,33,"1600"
"SD101",0.0199396081921177,88,20,68,0.742973360221654,0.00672353665234294,89,21,0.0156060540351333,89,21,"1600"
"SD102",0.0942831533441291,318,211,107,0.730113129714552,0.0359735757091234,321,214,0.083534407453214,321,214,"1600"
"SD107",0.05090235785548,307,89,218,0.692457759745094,0.016005912906543,293,75,0.0371383058105506,292,74,"1600"
"SD40",0.116737332947535,351,260,91,0.734169004737085,0.046905341380378,366,275,0.108917840911837,366,275,"1600"
"SG 30A",0.110190084337998,467,245,222,0.691827517845072,0.0373473631564712,447,225,0.0866649021064968,446,224,"1600"
"Tr",0.117899289161312,327,262,65,0.743842213139976,0.0452782376141333,337,272,0.105125977974591,337,272,"1600"
"TZU-CHIAO-HSI-WU 105",0.125662118101385,338,276,62,0.745001389624237,0.0399051602123124,305,243,0.0925886803324523,305,243,"1600"
"Va26",0.131185013413512,478,282,196,0.702919323660772,0.0494431900994706,482,286,0.114810050467862,482,286,"1600"
"Va35",0.150368019112567,542,299,243,0.683600836973849,0.0567334164358102,542,299,0.131738899804584,542,299,"1600"
"Va99",0.064048004783155,284,136,148,0.717989457223139,0.0214344954519668,267,119,0.0497493430810219,267,119,"1600"
"W182E",0.0909591763678369,517,201,316,0.63643305153194,0.0360782498812612,532,216,0.0837677335049524,532,216,"1600"
"W22",0.0504428701565237,129,87,42,0.75714897499508,0.0196640145373005,144,102,0.0456619707903583,144,102,"1600"
"W24",0.075452881373801,321,160,161,0.714373303828624,0.0284085961189785,330,169,0.0659661005587608,330,169,"1600"
"W32",0.0666195028941018,444,139,305,0.646519188229914,0.0209476164136633,417,112,0.0486064811636845,417,112,"1600"
"W552",0.0403632249424481,363,65,298,0.654302845141533,0.013769641204239,359,61,0.0319585927790124,359,61,"1600"
"W603S",0.079362195601425,473,169,304,0.648923316124017,0.0312911069845448,489,185,0.0726610664364548,489,185,"1600"
"W604S",0.0470983963327201,278,80,198,0.702390311621586,0.0181211939632582,290,92,0.0420731405455365,290,92,"1600"
"W605S",0.0665447327872034,187,138,49,0.752427233731,0.0241195889875936,186,137,0.0559858729856805,186,137,"1600"
"W607S",0.106723973360792,405,237,168,0.711869707045877,0.0348687813828738,377,209,0.0809208370927403,377,209,"1600"
"W610S",0.0822405453656893,431,174,257,0.675412843632494,0.028509128375729,427,170,0.0661795595731049,427,170,"1600"
"W611S",0.0864083521787932,403,192,211,0.697114827834465,0.0367431531286359,430,219,0.0853158335848284,430,219,"1600"
"W612S",0.159415248856335,598,302,296,0.654579015578078,0.0519476994241715,589,293,0.120555468688263,589,293,"1600"
"W614S",0.0254281962841762,291,33,258,0.675376129376718,0.0101122201317008,297,39,0.0234789584668208,297,39,"1600"
"W64A",0.0943036118067551,326,212,114,0.728161340915055,0.031543241223793,301,187,0.0732113487666827,301,187,"1600"
"W701BC",0.0831108017540355,181,179,2,0.813352403821552,0.0352311601136046,214,212,0.0818064368804021,214,212,"1600"
"W803G",0.123216497978521,347,273,74,0.740663828444144,0.048831025440725,358,284,0.113390250121497,358,284,"1600"
"W810G",0.055147822534155,110,105,5,0.798688719302265,0.0197605316680697,108,103,0.045849974336985,108,103,"1600"
"W811G",0.0330866138808408,320,52,268,0.671034672634107,0.0124466594914371,324,56,0.028901444079907,324,56,"1600"
"W813G",0.138620346710966,407,289,118,0.727730745754735,0.0471163815808153,394,276,0.109333031616794,394,276,"1600"
"W8304",0.0806627719857276,364,171,193,0.703259097021792,0.030928021775597,375,182,0.0718083321310792,375,182,"1600"
"W9",0.0842489834731274,464,183,281,0.664680520321812,0.0264618165563883,438,157,0.061400159299119,438,157,"1600"
"WIL900",0.0741895604972678,463,157,306,0.645246506374973,0.0234903787766937,440,134,0.0545090664260226,440,134,"1600"
"YE 4",0.108778496501137,566,242,324,0.615731599355502,0.0440831481830366,593,269,0.102338286509459,593,269,"1600"
"YING-55",0.053311092964143,201,98,103,0.730595776730363,0.0168142659040479,182,79,0.0390133410945397,182,79,"1600"
"Yu796 NS",0.0255451494458232,174,34,140,0.721857871906391,0.00990706854407258,177,37,0.0230053076541648,177,37,"1600"
"ZS365",0.0927266666033574,428,207,221,0.692020500522135,0.0291253867656044,395,174,0.0675803224512167,394,173,"1600"
"ZS635",0.0472165822560346,185,81,104,0.730533249375939,0.0194437543630329,204,100,0.0451491902556582,204,100,"1600"
"1538",0.0841041357410543,357,181,176,0.713155249401874,0.0347301261206066,381,205,0.0805426496622676,381,205,"1650"
"29MIBZ2",0.0930690410547203,262,201,61,0.749722121574547,0.0351168213730313,267,206,0.0814388512911207,267,206,"1650"
"2FACC",0.068144824410422,225,138,87,0.742212438553605,0.0259830502972211,235,148,0.060258645078438,235,148,"1650"
"2MA22",0.148837660757534,542,298,244,0.68613531369832,0.0505610127226048,536,292,0.117287109971084,536,292,"1650"
"3IJI1",0.074802727241978,265,159,106,0.734137516847276,0.0302308663830177,288,182,0.0701157834772512,288,182,"1650"
"4226",0.127414441131052,574,280,294,0.661332426857915,0.0488811192792921,582,288,0.113368385527508,582,288,"1650"
"4N506",0.119649249487654,414,267,147,0.723645488153795,0.0448526221182273,419,272,0.10402697387734,419,272,"1650"
"6M502",0.0613354060574534,169,119,50,0.756554205480725,0.0246814960151604,189,139,0.0572381343383807,189,139,"1650"
"6M502A",0.0690378882884334,201,141,60,0.750128917735514,0.0260587453085111,209,149,0.0604316842772363,209,149,"1650"
"764",0.116346644678418,555,260,295,0.660969633619327,0.0441975366576832,565,270,0.102499990282986,565,270,"1650"
"78010",0.0499567874481681,340,94,246,0.68453964706882,0.0210586974512239,356,110,0.0488383886046547,356,110,"1650"
"793",0.0471401686041218,320,82,238,0.690054786030259,0.0150961723288151,308,70,0.0350256028022873,308,70,"1650"
"87916W",0.101711857088599,292,225,67,0.746400728583766,0.0425370036288318,325,258,0.0986482390083475,325,258,"1650"
"911",0.0556404773009616,311,107,204,0.703842129415442,0.0209910109793846,313,109,0.0486798600671183,313,109,"1650"
"912",0.145585715481091,609,296,313,0.640543605609975,0.0593914150527357,618,305,0.13773380243084,618,305,"1650"
"91IFC2",0.159555097789185,584,305,279,0.669322980144217,0.0560382068207476,578,299,0.129978347573742,578,299,"1650"
"A",0.0288688907369623,177,36,141,0.725354676680961,0.0111365997513804,185,44,0.0258307804963438,185,44,"1650"
"A208",0.0956914058814838,482,209,273,0.672889528094648,0.0303371118466625,457,184,0.0703819673906443,457,184,"1650"
"A239",0.0258017679640423,76,32,44,0.75833803299075,0.00973696751716935,77,33,0.0225828955878482,77,33,"1650"
"A272",0.0514749315465425,280,99,181,0.712223760600391,0.0177364317009648,272,91,0.0411502521900704,272,91,"1650"
"A305",0.0935938439284815,509,202,307,0.646905103882983,0.0364478153341779,523,216,0.084531414854014,523,216,"1650"
"A322",0.0289640181994179,293,37,256,0.680487081223471,0.00947399661527485,287,31,0.0219814107877152,287,31,"1650"
"A334",0.122935605425553,586,272,314,0.63980374644967,0.0465091020401456,593,279,0.107859660391079,593,279,"1650"
"A340",0.0396981436316855,71,62,9,0.793148681959812,0.0134017501286631,65,56,0.03108847373498,65,56,"1650"
"A385",0.183251080704382,606,314,292,0.66211108602429,0.0578220349553606,593,301,0.134153095470083,593,301,"1650"
"A401",0.0256987191222258,45,31,14,0.787440702833418,0.00984941123330896,49,35,0.0228425063457748,49,35,"1650"
"A548",0.126825070695524,565,276,289,0.663492696486975,0.0400880821362838,528,239,0.0930052799364336,528,239,"1650"
"A572",0.0147950601189448,314,10,304,0.649321883147789,0.00558355735602685,316,12,0.0129487525126153,316,12,"1650"
"A619",0.119229291011456,568,266,302,0.650845297548966,0.0423973923605705,557,255,0.0983375138766036,557,255,"1650"
"A627",0.04006245526746,296,63,233,0.691150628366258,0.012841421922344,285,52,0.0297942308078674,285,52,"1650"
"A632",0.151555563277853,376,300,76,0.745010781601075,0.0592834071580851,379,303,0.137480822680938,379,303,"1650"
"A635",0.0689846268759833,311,140,171,0.71499518084257,0.0272462005062029,331,160,0.063191546337894,331,160,"1650"
"A641",0.103649453304204,546,231,315,0.638297431226156,0.0413847006126211,561,246,0.0959798962775295,561,246,"1650"
"A648",0.136635837871299,531,288,243,0.686286210052045,0.0517222723419557,537,294,0.119949776946673,537,294,"1650"
"A663",0.0119785766023903,139,6,133,0.726887723254359,0.00472173073662749,140,7,0.0109499305924882,140,7,"1650"
"A672",0.0230742098940401,249,29,220,0.696649499725034,0.00827815516181967,247,27,0.0192003562962831,247,27,"1650"
"A674",0.0796244422027406,353,169,184,0.710140967714723,0.0317525035557681,376,192,0.0736408374097719,376,192,"1650"
"A679",0.135178601687972,537,287,250,0.68341339756826,0.0452611503830727,524,274,0.104990761115568,524,274,"1650"
"A680",0.104420454651069,395,232,163,0.718823128124189,0.0360086559924296,374,211,0.0835228546903852,374,211,"1650"
"A71",0.112846156053365,314,251,63,0.748247601162014,0.0373400069109471,284,221,0.0866206214289255,284,221,"1650"
"A73",0.0141035788171167,238,8,230,0.692074923688224,0.00567709912708559,243,13,0.0131655962067125,243,13,"1650"
"A797NW",0.0959727580832172,302,210,92,0.739040867511817,0.0318905691337994,288,196,0.0739774412034385,288,196,"1650"
"AQA3",0.0424444503565948,386,67,319,0.632297727485673,0.0135803688720446,377,58,0.0315055901578873,377,58,"1650"
"AS6103",0.117996504616872,358,264,94,0.738746072778277,0.0415035305986746,343,249,0.0962948712349196,343,249,"1650"
"AusTRCF 306238",0.0541262673961153,351,103,248,0.684383294617552,0.0190702586937623,346,98,0.0442455527377524,346,98,"1650"
"B-28",0.0890026031594668,262,189,73,0.745846385479859,0.03180234674061,266,193,0.0737684121479468,266,193,"1650"
"B103",0.0892838666252764,336,191,145,0.723987259736569,0.0283514615742517,314,169,0.065774918086802,314,169,"1650"
"B104",0.0342048791536236,125,46,79,0.743839555791788,0.0126031753073075,129,50,0.0292310451005636,129,50,"1650"
"B105",0.0722597166364828,234,149,85,0.742932946684746,0.0287372307506917,256,171,0.0666433193096166,256,171,"1650"
"B108",0.0955438155529813,290,208,82,0.743456037137074,0.0316251106105636,273,191,0.0733677539200717,273,191,"1650"
"B109",0.170553756748107,519,307,212,0.700352966771349,0.0643269584702572,522,310,0.149179054323478,522,310,"1650"
"B111",0.0622425626954834,185,123,62,0.748681520480446,0.0217469295585483,174,112,0.0504555330489477,174,112,"1650"
"B115",0.0910249269547865,225,195,30,0.767733257806942,0.033276176095262,229,199,0.0771793104686423,229,199,"1650"
"B119",0.107986543998135,365,242,123,0.730404721655479,0.0444279706193851,394,271,0.103032728976866,394,271,"1650"
"B120",0.177998446924555,341,310,31,0.767605485978973,0.0678318650834181,343,312,0.157312233890357,343,312,"1650"
"B121",0.0986189471616833,440,216,224,0.695111554836649,0.0366260798118745,443,219,0.0849477430677236,443,219,"1650"
"B14A",0.105969222102119,277,239,38,0.763614036721767,0.0375816847753981,260,222,0.0871953421752772,260,222,"1650"
"B164",0.104682315975001,254,233,21,0.778857898614177,0.0423736549859584,275,254,0.0982677769504026,275,254,"1650"
"B2",0.0333480831992576,93,44,49,0.75689360574651,0.0118906306149137,95,46,0.0275880620672367,95,46,"1650"
"B37",0.0825280115812604,340,174,166,0.71846843963552,0.026576716668252,319,153,0.0616625663507276,319,153,"1650"
"B57",0.036511618070192,275,53,222,0.696051344316288,0.0122352651982132,270,48,0.0283880706567894,270,48,"1650"
"B66",0.141143759563599,517,291,226,0.694152773151241,0.0470687570614374,507,281,0.109198857588251,507,281,"1650"
"B68",0.00895026919376752,79,5,74,0.745829561306718,0.00283264446006189,77,3,0.00657209950141006,77,3,"1650"
"B73",0.123637771704746,443,273,170,0.715440995739842,0.0483474437266907,455,285,0.112119831938825,455,285,"1650"
"B75",0.126177417102728,587,275,312,0.64334818321592,0.043924247916067,578,266,0.101881762409743,578,266,"1650"
"B76",0.114539836300312,288,255,33,0.766823194645983,0.0441621420953734,301,268,0.102420772769882,301,268,"1650"
"B77",0.0304328485929572,53,40,13,0.790162886727873,0.0103270512170882,49,36,0.0239606232852518,49,36,"1650"
"B79",0.0715379781430368,266,147,119,0.730872703783332,0.0242476321913488,251,132,0.0562447053745133,251,132,"1650"
"B87",0.0578774670061285,281,112,169,0.715623535855971,0.0225216130733362,286,117,0.0522328341306809,286,117,"1650"
"B88",0.0227530248141388,164,27,137,0.72583068149161,0.00801222939746793,161,24,0.0185853501318875,161,24,"1650"
"B91",0.105415455487196,276,236,40,0.76316011259666,0.0405603579498768,281,241,0.0940608870841615,281,241,"1650"
"B97",0.0161844256042672,67,12,55,0.755012783329452,0.00557598331469511,66,11,0.0129372489258004,66,11,"1650"
"BEI 10 = NORTH 10",0.0707235975734373,427,144,283,0.665729738136367,0.0242349018282099,414,131,0.0562139818652127,414,131,"1650"
"BO9",0.177984552390628,580,309,271,0.673905259893141,0.0657623151472757,582,311,0.152524779486211,582,311,"1650"
"CG102",0.0352929037356984,121,50,71,0.746111669117968,0.0119668956712341,118,47,0.0277653620193888,118,47,"1650"
"CH701-30",0.100353200493751,403,220,183,0.71145201831862,0.0333881384470631,383,200,0.0774666722966269,383,200,"1650"
"CH711-10",0.120740789060816,557,270,287,0.664084794847299,0.0386908862031784,517,230,0.0897600722715278,517,230,"1650"
"CH753-4",0.210970579601285,597,321,276,0.671420488208579,0.0693761674630489,590,314,0.160965539328006,590,314,"1650"
"CH9",0.127128256899442,520,278,242,0.686763177708394,0.0423416534412556,495,253,0.0982202015730139,495,253,"1650"
"CI 40H",0.0718381341193682,171,148,23,0.778205450821963,0.0277395972681634,188,165,0.0643291277290443,188,165,"1650"
"CR 22 INBRED",0.0391046381668763,293,61,232,0.69194349155269,0.0131561839124061,285,53,0.0305175563021668,285,53,"1650"
"DE2",0.0898192056082646,416,193,223,0.695190207565469,0.0380362152631775,447,224,0.0882109808388214,447,224,"1650"
"DE3",0.184635171621205,641,315,326,0.527394623818001,0.0701751939092342,643,317,0.162745839219096,643,317,"1650"
"DE4",0.034474903623139,189,47,142,0.724930986704327,0.0109234296555529,183,41,0.025343826592586,183,41,"1650"
"DE811",0.0199665213812046,107,19,88,0.741871640329533,0.00633528608144521,105,17,0.0146987541901898,105,17,"1650"
"DJ7",0.158722635107108,482,303,179,0.712766476071114,0.0619176996251381,487,308,0.143602000765753,487,308,"1650"
"DK3IIH6",0.0779463655799238,294,166,128,0.72910534698704,0.0272432122502521,287,159,0.0631899420207186,287,159,"1650"
"DK4676A",0.0745368597494893,288,158,130,0.72823803981065,0.0246375281625204,267,137,0.0571541739890792,267,137,"1650"
"DK78002A",0.030980007178315,76,42,34,0.765404625951175,0.00976750678557071,68,34,0.0226612792918157,68,34,"1650"
"DK78010",0.0182182496227806,81,15,66,0.746843568929892,0.00618734641261507,82,16,0.0143520826157578,82,16,"1650"
"DKFAPW",0.0951367723207661,356,205,151,0.722100245644829,0.0385438137911191,379,228,0.0893966204962591,380,229,"1650"
"DKFBHJ",0.0335521450828787,56,45,11,0.792054032279047,0.0125363915213851,60,49,0.0290781953011308,60,49,"1650"
"DKMBNA",0.0190054811126236,214,16,198,0.704832500830095,0.0063610488339478,216,18,0.014755526900495,216,18,"1650"
"DKPB80",0.10478127959535,465,234,231,0.691991290667243,0.0405341935074428,471,240,0.0940091187673646,471,240,"1650"
"E8501",0.096122282629717,529,211,318,0.634020364566191,0.0318299645444697,513,195,0.0738381599625563,513,195,"1650"
"F118",0.0522875684815263,104,100,4,0.803109783428779,0.0201634943606124,108,104,0.0467598613785018,108,104,"1650"
"F2834T",0.0480263270232799,240,86,154,0.721518143087044,0.0157935977010027,228,74,0.036644067712178,228,74,"1650"
"FBLA",0.0477491821375286,184,85,99,0.736306308107849,0.0159105107489794,174,75,0.0369120804605349,174,75,"1650"
"FR19",0.394936677409353,651,326,325,0.55402176158344,0.124609154694252,651,326,0.289099220098788,651,326,"1650"
"H105W",0.0947135939514011,415,204,211,0.700373869444395,0.0359139091626619,421,210,0.0832887839108217,421,210,"1650"
"H113",0.0210190627516561,201,23,178,0.712859381279236,0.008126810252892,204,26,0.0188463709396109,204,26,"1650"
"H121",0.027280848491834,298,34,264,0.677053657776146,0.0109470849074808,306,42,0.0253870309485213,306,42,"1650"
"H122w",0.0838259087341226,440,178,262,0.67788045442229,0.0290780403924971,437,175,0.0674642629031687,438,176,"1650"
"H5",0.106171110505637,402,240,162,0.718963098581204,0.0410561999757695,406,244,0.0952276267801401,406,244,"1650"
"H71",0.0480884391699156,112,87,25,0.778064342299208,0.0181636941685747,119,94,0.042126928443899,119,94,"1650"
"H91",0.0145541683286375,147,9,138,0.725644430489559,0.00485657513187669,146,8,0.0112672046919712,146,8,"1650"
"H95",0.0961892937795807,439,212,227,0.693769344710764,0.0407155986410467,469,242,0.0944256460111598,469,242,"1650"
"H96",0.118779615128888,273,265,8,0.795467987724233,0.0418080723313742,258,250,0.0970002702342853,258,250,"1650"
"H99",0.0828611158018975,300,176,124,0.729761496279056,0.0275543149909314,287,163,0.0639183115347094,287,163,"1650"
"HP301",0.0626029205724781,173,126,47,0.756947389268841,0.0244683838968752,181,134,0.0567432411944929,181,134,"1650"
"HUOBAI",0.132131784045094,556,286,270,0.673941244819746,0.0521704405083372,565,295,0.120997768258248,565,295,"1650"
"Hy",0.141957450882744,329,294,35,0.765285240744996,0.0536811217487686,332,297,0.124489041270303,332,297,"1650"
"I29",0.0620060526241099,232,120,112,0.732423685933211,0.0263212710164196,264,152,0.0610425652781169,264,152,"1650"
"Ia 453",0.092380560755342,232,200,32,0.767525716598869,0.0296822241390833,211,179,0.0688602188372601,211,179,"1650"
"IA2132",0.0201483214758092,39,21,18,0.784420115396164,0.0064780589053741,37,19,0.0150285207128797,37,19,"1650"
"IBB15",0.0408255427771498,94,65,29,0.770663369710522,0.0137110316826273,89,60,0.0318047464977873,89,60,"1650"
"IBC2",0.0604516500091677,236,116,120,0.730713996614358,0.0205478479689428,226,106,0.047672331663603,226,106,"1650"
"ICI 740",0.0379957801943709,314,56,258,0.679318213750207,0.0127802929492719,309,51,0.0296526239746811,309,51,"1650"
"ICI 893",0.0648955420476438,220,129,91,0.739731697842617,0.0246137691990518,227,136,0.0570824033309635,227,136,"1650"
"ICI 986",0.078546358713888,204,167,37,0.764541322652304,0.0269399990130487,194,157,0.0624923956761508,194,157,"1650"
"IDS28",0.115971648552484,300,257,43,0.759011290423256,0.0463238775641971,319,276,0.107443522767163,319,276,"1650"
"IDS69",0.0621257854647656,323,122,201,0.704047358304179,0.0228177172765932,322,121,0.0529264806109848,322,121,"1650"
"IDS91",0.00858679151228558,195,3,192,0.70757677628834,0.00323842867666784,196,4,0.0075101407002614,196,4,"1650"
"INB 101LFY/LFY (A632 X M16 S5)",0.222968565758728,609,324,285,0.664684091270505,0.0844681591646551,607,322,0.19588523562997,607,322,"1650"
"INBRED 141",0.117658928962881,275,263,12,0.790259268104128,0.0377840378898524,235,223,0.0876653476127747,235,223,"1650"
"INBRED 2-687",0.141359810317431,338,292,46,0.757444829523759,0.0467946860703238,326,280,0.108554045351278,326,280,"1650"
"INBRED 305",0.0810305228399618,481,171,310,0.643786070919885,0.0274435013017689,471,161,0.063670389884583,471,161,"1650"
"INBRED 321",0.0992316160404138,287,217,70,0.746133710753041,0.0318124210068974,264,194,0.073802454218801,264,194,"1650"
"K150",0.0388144049032045,85,58,27,0.771641649052393,0.0160576659346491,104,77,0.0372393752360777,104,77,"1650"
"K41",0.144136227185847,435,295,140,0.725461977719383,0.0475022766019133,423,283,0.110196242720273,423,283,"1650"
"K47",0.0451378700679164,124,76,48,0.756910022076048,0.0143529507431495,112,64,0.0333009709566717,112,64,"1650"
"KUNG-70",0.126002374531103,560,274,286,0.664525631260148,0.0421877821754129,537,251,0.0978759933325833,537,251,"1650"
"L 127",0.0941244877405392,437,203,234,0.690965728642558,0.0393082769038979,465,231,0.0911623320095777,465,231,"1650"
"L 289",0.0290999323238054,259,38,221,0.696469826075499,0.0103592609655825,258,37,0.024035065049737,258,37,"1650"
"LH1",0.0730540525536561,413,153,260,0.678566837034605,0.0242888927015324,393,133,0.0563448805781517,393,133,"1650"
"LH119",0.0362110529615225,317,52,265,0.675927851091076,0.0136656416864982,324,59,0.0316918029997683,324,59,"1650"
"LH128",0.0955262729590743,300,207,93,0.738896234881355,0.0302950705731223,276,183,0.0702887614524879,276,183,"1650"
"LH143 (Maintainer)",0.0199767944725937,216,20,196,0.705477413057765,0.00753671466690372,218,22,0.017478257885571,218,22,"1650"
"LH146Ht",0.0326648394654137,132,43,89,0.741861143485809,0.0109943860589229,132,43,0.0255073194493464,132,43,"1650"
"LH149",0.0587151440161058,319,113,206,0.703362847308713,0.0187595157589411,302,96,0.0435250801802088,302,96,"1650"
"LH165",0.0588023836970917,388,114,274,0.672719723156016,0.0222467873419675,390,116,0.0515967553107357,390,116,"1650"
"LH166",0.0309241004744073,295,41,254,0.682244452783356,0.010472642739612,292,38,0.0242970884635366,292,38,"1650"
"LH184",0.0464874328043476,306,81,225,0.694724851466808,0.0175322793773492,315,90,0.040658603266232,315,90,"1650"
"LH190",0.137806704591108,524,289,235,0.69092040933103,0.0522639290348218,531,296,0.121206553502857,531,296,"1650"
"LH192",0.220371084667413,576,323,253,0.682678277558648,0.089488323118371,577,324,0.207530651742403,577,324,"1650"
"LH194",0.116179507981587,539,259,280,0.669160885070495,0.0464122689567484,557,277,0.107632977212296,557,277,"1650"
"LH195",0.0422966031059704,255,66,189,0.708116516686247,0.0141175246497043,250,61,0.032749369702847,250,61,"1650"
"LH197",0.199001371071037,417,319,98,0.737515866137671,0.0694000564477523,413,315,0.16097217619427,413,315,"1650"
"LH198",0.0827374144798921,211,175,36,0.764913512954497,0.0293030160570329,214,178,0.0679664349228715,214,178,"1650"
"LH202",0.0300054976002898,302,39,263,0.67785202171018,0.0106540811740596,303,40,0.0247132495752221,303,40,"1650"
"LH204",0.141811371436806,465,293,172,0.714917994622436,0.0552762779776295,470,298,0.128199160489207,470,298,"1650"
"LH205",0.0660465752569937,371,131,240,0.689016105250103,0.0249573210341196,380,140,0.0578772662122995,380,140,"1650"
"LH206",0.0501844248097202,367,95,272,0.673317772208596,0.0163577086583503,351,79,0.0379528619843954,351,79,"1650"
"LH208",0.0536608339107242,188,102,86,0.742410171325143,0.0190905897305779,185,99,0.0442825264748677,185,99,"1650"
"LH209",0.0563464297658995,252,108,144,0.724027754091651,0.0181880042674626,239,95,0.0421993530513428,239,95,"1650"
"LH214",0.0778746355965615,383,165,218,0.698124965177468,0.0311510000412227,407,189,0.0722490192732161,407,189,"1650"
"LH215",0.138156046313449,400,290,110,0.73294826294032,0.0472437646002584,392,282,0.10960933802198,392,282,"1650"
"LH222",0.110616963946368,422,247,175,0.713682090821815,0.0464869026511821,453,278,0.107808792188691,453,278,"1650"
"LH223",0.0574451145047256,311,111,200,0.704162996316827,0.0230566045829317,323,123,0.0534772981429113,323,123,"1650"
"LH224",0.151281155089507,457,299,158,0.720236109085218,0.047899969963235,442,284,0.111128236129092,442,284,"1650"
"LH295",0.0599115120219345,370,115,255,0.680783722839944,0.0226197432751072,375,120,0.0524572531373061,374,119,"1650"
"LH60",0.085395164655305,294,183,111,0.73258919680154,0.0290547005351046,285,174,0.067394631961089,285,174,"1650"
"LH74",0.0388334518800769,232,59,173,0.714220497633087,0.0149189128063851,241,68,0.0345997112404774,241,68,"1650"
"LH82",0.0748713482102142,275,160,115,0.731816029900672,0.0245320087906369,250,135,0.056918776109034,250,135,"1650"
"LH93",0.0654105648858527,446,130,316,0.635434994101248,0.023577015062858,442,126,0.0546842645460462,442,126,"1650"
"LIBC 4",0.0800517760436056,286,170,116,0.730951527116017,0.0337687777276791,317,201,0.0783140688628597,317,201,"1650"
"LP1 NR HT",0.0818361602030558,281,173,108,0.733446941245328,0.0263042898972415,259,151,0.0610236510143322,259,151,"1650"
"LP5",0.0456409946162331,292,78,214,0.699112616024823,0.0150864023053049,283,69,0.0349989070113175,283,69,"1650"
"M14",0.0954178447171347,483,206,277,0.670804375991511,0.0360882432095058,491,214,0.0836991273085158,491,214,"1650"
"MBPM",0.0606913014334121,192,117,75,0.745235708708833,0.0238056342575716,205,130,0.05521536386856,205,130,"1650"
"MBWZ",0.101592600330719,363,224,139,0.725499767852537,0.0384149077421113,365,226,0.0890859818373479,365,226,"1650"
"Mo17",0.0686461877695722,356,139,217,0.698596151190726,0.023040349024803,339,122,0.0534455526196097,339,122,"1650"
"Mo1W",0.180777810454742,416,312,104,0.734465768619532,0.0598212616330465,411,307,0.138780358539968,411,307,"1650"
"Mo47",0.0550326061252114,289,104,185,0.710046668417807,0.0190980179776791,285,100,0.0443008682083457,285,100,"1650"
"Mo5",0.0507505538889571,124,96,28,0.771112082158227,0.0211974276884918,139,111,0.0491603037077106,139,111,"1650"
"MQ305",0.0154170734470308,301,11,290,0.662980243671774,0.00491565595472527,299,9,0.0114041069430234,299,9,"1650"
"MS116",0.0459663662595081,379,79,300,0.651456242346661,0.0153954279368524,372,72,0.035712221758169,372,72,"1650"
"MS132",0.100332777984339,466,219,247,0.684531849766006,0.0414373689091709,494,247,0.096097426062342,494,247,"1650"
"MS200",0.0178007062642071,336,14,322,0.628956037349651,0.0060468409538679,336,14,0.0140297602407909,336,14,"1650"
"MS211",0.11124421959454,493,248,245,0.685736196578676,0.0437539868644799,510,265,0.101475616311868,510,265,"1650"
"MS221",0.0736193858291815,200,155,45,0.758223766125681,0.0236262286713883,173,128,0.0548168174689055,173,128,"1650"
"MS224",0.119872435289724,319,268,51,0.756324632355285,0.0488702385407048,338,287,0.11334801000437,338,287,"1650"
"MS225",0.0705402154072327,265,143,122,0.730489941163992,0.0267511729344296,278,156,0.0620370519895327,278,156,"1650"
"MS226",0.101762895762651,535,226,309,0.644874157115666,0.0384383069103489,536,227,0.0891404116884903,536,227,"1650"
"MS67",0.074967814928929,412,161,251,0.683201241286889,0.0290150641533651,423,172,0.0672870114725606,423,172,"1650"
"MS71",0.0968555037232932,277,213,64,0.747972176936852,0.0305360538953687,249,185,0.0708457769515885,249,185,"1650"
"MS72",0.218538074657638,628,322,306,0.648064285736446,0.0865792417337156,629,323,0.200782006763784,629,323,"1650"
"N192",0.172105903713799,405,308,97,0.738030185685081,0.0568815968122361,397,300,0.131954171119321,397,300,"1650"
"N200",0.113905405198245,368,254,114,0.731816265836129,0.0431719649390986,375,261,0.100117574389851,375,261,"1650"
"N201",0.0440881740400428,138,73,65,0.747147006534417,0.016764048871942,149,84,0.0388764539357563,149,84,"1650"
"N209",0.0451121078199727,277,75,202,0.703978414110959,0.0187688438466275,299,97,0.0435270037980703,299,97,"1650"
"N217",0.0374866088822877,62,55,7,0.797738411339814,0.0132839082275047,62,55,0.0308134660820914,62,55,"1650"
"N218",0.158366512671113,489,302,187,0.709642332909215,0.0597271476528642,493,306,0.138511330182219,493,306,"1650"
"N28Ht",0.0435249613418129,112,70,42,0.761227446630331,0.0153871034414265,113,71,0.0356894630482137,113,71,"1650"
"N501",0.0233886744203116,225,30,195,0.705527309188457,0.00966273711829163,227,32,0.0224088630887275,227,32,"1650"
"N523",0.10593144506548,254,238,16,0.786236156216842,0.0399995309154188,251,235,0.0927610429519183,251,235,"1650"
"N527",0.0755599400810662,341,164,177,0.71306525215495,0.0282997576357355,345,168,0.0656358552198164,345,168,"1650"
"N534",0.109710390766114,268,244,24,0.778068783993397,0.0436955125100671,288,264,0.10133251376407,288,264,"1650"
"N542",0.0664388586788745,325,132,193,0.707548786462157,0.0258266670182128,340,147,0.0598930627068999,340,147,"1650"
"NC250",0.116515115644818,510,261,249,0.684231919702556,0.0400078054236422,486,237,0.092799633862073,485,236,"1650"
"NC262",0.191823762756896,478,317,161,0.71937406402937,0.0776197247421097,481,320,0.180015382198003,481,320,"1650"
"NC294",0.0460246016438408,175,80,95,0.73869228378055,0.0180348377153978,188,93,0.0418236044883581,188,93,"1650"
"NC310",0.0510039837443375,252,97,155,0.721121842777658,0.0170293695909678,241,86,0.0395080210197535,241,86,"1650"
"NC326",0.0726249144671383,434,150,284,0.664863781942732,0.0276285750002773,448,164,0.0640716831861784,448,164,"1650"
"NC328",0.101280104332946,339,222,117,0.730914223351615,0.0381970854202891,342,225,0.0885817960910032,342,225,"1650"
"NC342",0.0913385983539022,319,198,121,0.73053614639759,0.0360177250610409,333,212,0.0835269245454821,333,212,"1650"
"NC412",0.194038593840838,508,318,190,0.708025706050251,0.0732083429463315,509,319,0.169774539580864,509,319,"1650"
"ND259",0.128825355723374,589,284,305,0.648993700556883,0.0432035789064575,567,262,0.100221599606159,567,262,"1650"
"ND265",0.184986034039582,604,316,288,0.664059264643852,0.0698546112013403,604,316,0.161996539999313,604,316,"1650"
"NK740",0.11021850288515,454,246,208,0.701720478958843,0.044945906665138,481,273,0.104246227285587,481,273,"1650"
"NK778",0.00799877019707901,201,2,199,0.704259457950062,0.00266604764794337,201,2,0.00618518452094603,201,2,"1650"
"NK807",0.0139390833044447,235,7,228,0.693762045404263,0.00461850617999512,234,6,0.0107138288643762,234,6,"1650"
"NKS8326",0.116119097430482,425,258,167,0.717944350231902,0.044173856725408,436,269,0.102440801903409,436,269,"1650"
"NORTH 7",0.0840630707056609,462,180,282,0.666160019335199,0.0277571489719156,448,166,0.0643924745767684,448,166,"1650"
"NS501",0.0266565240945411,326,33,293,0.661641028495818,0.00881435836618914,323,30,0.0204474897614905,323,30,"1650"
"NS701",0.256330003311884,566,325,241,0.688089540670032,0.101734376262008,566,325,0.235963447395853,566,325,"1650"
"NY6371",0.0451034743804839,84,74,10,0.79304657789123,0.0159857969560316,86,76,0.0370893032506688,86,76,"1650"
"Ny821",0.0714796293733533,362,146,216,0.69861963388786,0.0290848764401016,392,176,0.0674502450831598,391,175,"1650"
"OH33",0.0490796751182795,219,90,129,0.728386251063023,0.0191792001532639,230,101,0.0444811711770542,230,101,"1650"
"Oh40B",0.111653627656118,318,250,68,0.746376324740448,0.0369593898903629,288,220,0.0857428860578954,288,220,"1650"
"Oh43",0.0485754493842425,355,88,267,0.674492241579381,0.0207111464216133,375,108,0.0480320471403875,375,108,"1650"
"Oh7",0.0564321354684999,168,110,58,0.750776322599457,0.0219611438877864,172,114,0.0509374670238436,172,114,"1650"
"OQ403",0.049043504087198,241,89,152,0.722042369568485,0.0196029523210765,254,102,0.045465402470589,254,102,"1650"
"OQ603",0.0352111068038584,102,48,54,0.755022933720855,0.0116265869400247,99,45,0.0269719902853348,99,45,"1650"
"Os420",0.0996708084368317,274,218,56,0.75391754445969,0.0395385256237768,288,232,0.0916920569680643,288,232,"1650"
"Pa392",0.0728183337180543,408,151,257,0.680428071756927,0.0275065129875795,419,162,0.0637890127883245,419,162,"1650"
"Pa405",0.10522690587757,531,235,296,0.660468507177274,0.0400207604455843,534,238,0.0928137357547394,534,238,"1650"
"Pa875",0.0453604269161327,212,77,135,0.726638823259242,0.0167218425476831,217,82,0.0387836166600835,217,82,"1650"
"Pa880",0.0192728928716884,18,17,1,0.84177350162047,0.00608907906899784,16,15,0.0141268377082646,16,15,"1650"
"Pa91",0.0642762500751928,132,127,5,0.802362626561937,0.0206872536990512,112,107,0.0479924862270884,112,107,"1650"
"PH207",0.0199618717205736,98,18,80,0.743825027563548,0.00843481065989513,109,29,0.0195614110052745,109,29,"1650"
"PHB09",0.0861931108554691,263,186,77,0.744514973046177,0.0290283598940096,250,173,0.0673467707441234,250,173,"1650"
"PHB47",0.158843986348136,507,304,203,0.703887713731108,0.0624131131582701,512,309,0.144752438692932,512,309,"1650"
"PHBA6",0.0714741258078607,214,145,69,0.746173031179285,0.0255381370735024,214,145,0.0592380147736212,214,145,"1650"
"PHBB3",0.128170346391687,429,281,148,0.722446212219519,0.0501734101545627,439,291,0.116354368513509,439,291,"1650"
"PHG29",0.0226538335986931,233,26,207,0.702213199973359,0.00786606714230239,230,23,0.0182453162431523,230,23,"1650"
"PHG71",0.0563844342945257,124,109,15,0.786245803684769,0.0226190341949094,134,119,0.0524582083058463,135,120,"1650"
"PHG83",0.0912125783506477,436,197,239,0.689733312101737,0.0291317290222755,416,177,0.0675840476508251,416,177,"1650"
"PHG86",0.178514150150755,368,311,57,0.751952393214828,0.0681440832175571,370,313,0.158036852970743,370,313,"1650"
"PHH93",0.067670619568918,434,136,298,0.659724426724594,0.0271313170193523,456,158,0.0629193363188583,456,158,"1650"
"PHHH9",0.0623394433989971,283,124,159,0.720099949127377,0.0197816212685133,262,103,0.0458961480716497,262,103,"1650"
"PHHV4",0.0752348401261693,344,162,182,0.711916520022832,0.025002882998818,323,141,0.0580057356927546,323,141,"1650"
"PHJ70",0.0911231891059327,499,196,303,0.650834168832083,0.0385453361857768,532,229,0.0893925008297322,531,228,"1650"
"PHJ89",0.0475681037986759,401,84,317,0.635296037892275,0.0169367391605934,402,85,0.0392834141611407,402,85,"1650"
"PHJ90",0.0555277385336533,211,106,105,0.734146981226719,0.0225386666395339,223,118,0.0522751815233368,223,118,"1650"
"PHJR5",0.0665373976390343,215,134,81,0.743498603303143,0.0257216645226494,227,146,0.0596494811353938,227,146,"1650"
"PHK42",0.0430449694579155,200,69,131,0.727298712667185,0.0142987760900176,194,63,0.0331693149367458,194,63,"1650"
"PHK74",0.0428262931396304,186,68,118,0.730879001743179,0.0142835852563846,180,62,0.0331377291177221,180,62,"1650"
"PHKE6",0.0612722191438854,244,118,126,0.729277809602391,0.0237887415421053,255,129,0.0551670151935436,255,129,"1650"
"PHM10",0.0492727993962896,277,91,186,0.709666476878816,0.0157823573860599,259,73,0.0366176705522484,259,73,"1650"
"PHN11",0.00859586772043507,169,4,165,0.718711474145946,0.00326261115936847,170,5,0.00756754741131748,170,5,"1650"
"PHN29",0.0274275316790088,61,35,26,0.776514427243438,0.0106413929427841,65,39,0.0246797450763231,65,39,"1650"
"PHN66",0.00424911103222488,23,1,22,0.778682378507681,0.00165303421529857,23,1,0.00383379379586534,23,1,"1650"
"PHN82",0.0226277518691722,168,25,143,0.7240589178471,0.00750464529969501,164,21,0.0174103556754087,164,21,"1650"
"PHP02",0.0891083909770675,346,190,156,0.721023038355702,0.0298843459381211,336,180,0.0693213845845058,336,180,"1650"
"PHP55",0.0895702837387399,342,192,150,0.722274300060669,0.0344818157498169,354,204,0.079964540098742,354,204,"1650"
"PHP76",0.0916387725101791,282,199,83,0.743220081602707,0.0300794250130831,264,181,0.0697898172703843,264,181,"1650"
"PHPR5",0.102029460308651,359,227,132,0.726974808986536,0.0413525443342657,377,245,0.0959045941055973,377,245,"1650"
"PHR03",0.109749898647693,425,245,180,0.712605571707098,0.0424171793563307,436,256,0.0983669867601254,436,256,"1650"
"PHR30",0.0899189533395521,330,194,136,0.726154927812426,0.034187095059191,339,203,0.07928459097998,339,203,"1650"
"PHR31",0.101394798513125,264,223,41,0.762182513374527,0.0360246105500143,254,213,0.0835826412302953,254,213,"1650"
"PHR36",0.0744272333032958,370,157,213,0.700290550423983,0.0246507823099979,351,138,0.0571943904839238,351,138,"1650"
"PHR47",0.18214862977688,422,313,109,0.733199689444886,0.0715900011718373,427,318,0.166020626218297,427,318,"1650"
"PHR63",0.0165119628169689,116,13,103,0.734631079855882,0.0052285978851976,113,10,0.0121310346275774,113,10,"1650"
"PHT10",0.0620809972278788,267,121,146,0.723930836221439,0.0251226529872774,288,142,0.0582643626476606,288,142,"1650"
"PHT47",0.131870188626679,554,285,269,0.674002377198183,0.0499688586970162,559,290,0.115892149739582,559,290,"1650"
"PHT55",0.0679513852416935,352,137,215,0.698775102500214,0.0232886726844253,340,125,0.0540317206486329,340,125,"1650"
"PHTM9",0.126925299699502,543,277,266,0.675344989125884,0.0429127886053704,525,259,0.0995597175713996,525,259,"1650"
"PHV37",0.11144023741893,423,249,174,0.713802692397138,0.0439633660483379,441,267,0.10195328435941,441,267,"1650"
"PHV57",0.0728372449030291,211,152,59,0.750636028563363,0.0230856304613839,183,124,0.0535586109845556,183,124,"1650"
"PHV63",0.102352050184982,247,228,19,0.783234549507733,0.0414959576449187,267,248,0.0962324026702586,267,248,"1650"
"PHVA9",0.0352859519080273,198,49,149,0.722362973775508,0.0135402679789884,206,57,0.0314003480803694,206,57,"1650"
"PHVJ4",0.112967737006891,440,252,188,0.709560561462171,0.0398733858890909,422,234,0.0925125782419637,422,234,"1650"
"PHW03",0.0674321699354961,235,135,100,0.736015613227765,0.0267198398754165,255,155,0.0619692292144423,255,155,"1650"
"PHW17",0.0355753566583329,372,51,321,0.628978987023563,0.0146078306574268,387,66,0.0338769277494078,387,66,"1650"
"PHW20",0.103632660233496,491,230,261,0.677907786855024,0.0397199582488023,494,233,0.0921175313834253,494,233,"1650"
"PHW30",0.0818300230534407,363,172,191,0.70773574876406,0.0309186555015204,379,188,0.071701908867639,379,188,"1650"
"PHW52",0.0522988008067868,306,101,205,0.703815974026534,0.0173709897607618,293,88,0.0402969264456973,293,88,"1650"
"PHW53",0.208910762404653,598,320,278,0.669979230995337,0.0800490440333319,599,321,0.185647646252119,599,321,"1650"
"PHW80",0.0977052630211205,538,215,323,0.623991390957281,0.0323963997926394,520,197,0.075151596991729,520,197,"1650"
"PHWG5",0.043941980863772,280,71,209,0.700639259307139,0.0178155613537097,301,92,0.0413210274008269,301,92,"1650"
"PHZ51",0.113298118847576,343,253,90,0.741522910723945,0.042246084927046,342,252,0.0979820326442838,342,252,"1650"
"R168",0.115726527578585,420,256,164,0.718718649441402,0.0365255234808358,382,218,0.0847407655888523,382,218,"1650"
"R177",0.160272208308701,597,306,291,0.662154903653521,0.0581875712965374,593,302,0.134958611113826,593,302,"1650"
"R181B",0.06648430260438,150,133,17,0.785225842214901,0.0251754468921178,161,144,0.0583847534194454,161,144,"1650"
"R226",0.0228251307123758,48,28,20,0.781027145020159,0.00802772748628459,45,25,0.0186213227884081,45,25,"1650"
"R229",0.0971216796641783,466,214,252,0.682823454913171,0.0315944054920223,442,190,0.073294566298436,442,190,"1650"
"R71",0.120259387870108,272,269,3,0.811984800695179,0.0400073441853889,239,236,0.0928081478228752,240,237,"1650"
"R78",0.0380192275572079,182,57,125,0.729598128831492,0.0132613935810365,179,54,0.0307680188440863,179,54,"1650"
"SD101",0.0203584474979069,106,22,84,0.74296136694557,0.0067836294418882,104,20,0.0157360027438419,104,20,"1650"
"SD102",0.0858451012539853,298,185,113,0.732334797756045,0.0326848808417482,311,198,0.0757974229624678,311,198,"1650"
"SD107",0.0552076013271524,324,105,219,0.697228797072252,0.0174316918571751,308,89,0.0404421602516696,308,89,"1650"
"SD40",0.106966403641622,337,241,96,0.738386349190032,0.0424867335085262,353,257,0.0985291685991991,353,257,"1650"
"SG 30A",0.105845197909484,474,237,237,0.690339048093708,0.0361645968800044,452,215,0.0839047017602301,452,215,"1650"
"Tr",0.116730225896717,340,262,78,0.744154041854841,0.0455030757524454,353,275,0.105532438128573,353,275,"1650"
"TZU-CHIAO-HSI-WU 105",0.128466015267644,354,282,72,0.745928358164661,0.0407893001284902,315,243,0.0946370137362789,315,243,"1650"
"Va26",0.128816333418515,477,283,194,0.707539322637791,0.0487560911615738,480,286,0.11306753736088,480,286,"1650"
"Va35",0.156856038601027,537,301,236,0.69076903493024,0.0593778750910061,540,304,0.137699903229811,540,304,"1650"
"Va99",0.0514398771267658,232,98,134,0.7267074370497,0.0172827536973758,221,87,0.0400898361498571,221,87,"1650"
"W182E",0.101200410472109,541,221,320,0.631329468260633,0.043135993445727,580,260,0.100038653027501,580,260,"1650"
"W22",0.0408107815480026,103,64,39,0.763451054773709,0.0162804511527878,117,78,0.0377553690212412,117,78,"1650"
"W24",0.074109707858842,313,156,157,0.720537014953135,0.0282080764394073,324,167,0.0654185817543071,324,167,"1650"
"W32",0.0698893256319526,453,142,311,0.643755762529403,0.0222039045624714,426,115,0.0515126091700447,426,115,"1650"
"W552",0.0475624736425615,382,83,299,0.659348069700343,0.0167333117910158,382,83,0.0388150072832764,382,83,"1650"
"W603S",0.0878816143576912,496,188,308,0.64602298134089,0.0340246325533841,510,202,0.07890439233297,510,202,"1650"
"W604S",0.0440451642401628,240,72,168,0.715720176183569,0.0166867781320339,249,81,0.0386973427358823,249,81,"1650"
"W605S",0.0624994984967087,177,125,52,0.756320332781408,0.0236187064317961,179,127,0.0547831900890252,179,127,"1650"
"W607S",0.109404565145454,396,243,153,0.721686736328549,0.0352008279263423,360,207,0.0816626683899137,361,208,"1650"
"W610S",0.0730861678127806,413,154,259,0.678833894699339,0.0251262335855322,402,143,0.0582811375205114,402,143,"1650"
"W611S",0.0834819100147438,406,177,229,0.692774007527179,0.0352016955167648,437,208,0.08163716904659,436,207,"1650"
"W612S",0.148385997769483,594,297,297,0.659792331764825,0.0492759543327208,586,289,0.114309554431858,586,289,"1650"
"W614S",0.0372841180517108,322,54,268,0.674239484413685,0.0145509178060081,333,65,0.0337470992627949,333,65,"1650"
"W64A",0.0863879039948115,289,187,102,0.735023807731083,0.0285254766899477,272,170,0.0661750479242581,272,170,"1650"
"W701BC",0.0838558417385962,181,179,2,0.814228240218587,0.0357762190060946,211,209,0.082970087296418,211,209,"1650"
"W803G",0.121028458884947,324,271,53,0.755973476868394,0.051202073579282,346,293,0.118745395207136,346,293,"1650"
"W810G",0.0643278493366662,134,128,6,0.801666151410594,0.021802168460107,119,113,0.0505822456376286,119,113,"1650"
"W811G",0.039037071811223,335,60,275,0.672131881927458,0.0147975444000062,342,67,0.0343173021631661,342,67,"1650"
"W813G",0.12740096722911,406,279,127,0.729235238280753,0.0433838980534492,390,263,0.100653664327639,390,263,"1650"
"W8304",0.0754818609236584,360,163,197,0.704910426461072,0.0306371289538274,384,187,0.0710583926875273,384,187,"1650"
"W9",0.0842028724904317,463,182,281,0.669111222549722,0.0265971380773963,435,154,0.0617061943020555,435,154,"1650"
"WIL900",0.0855295939352362,485,184,301,0.651084181824751,0.0305506993721114,487,186,0.0708651261998528,487,186,"1650"
"YE 4",0.10269738162245,553,229,324,0.62222120840782,0.036512240039365,541,217,0.0846938339604503,541,217,"1650"
"YING-55",0.0497057272355083,199,92,107,0.733462310752548,0.016587922488007,187,80,0.0384870501899553,187,80,"1650"
"Yu796 NS",0.0212636122153036,184,24,160,0.719707981720854,0.0082792014355252,188,28,0.019203071155087,188,28,"1650"
"ZS365",0.0788527609432191,378,168,210,0.700589901509822,0.0262840213944675,360,150,0.0609837982713518,360,150,"1650"
"ZS635",0.0497623472649311,194,93,101,0.73598911383173,0.0204911576475449,206,105,0.0475209830200219,206,105,"1650"
