"Genotype","AVAMGE","AVAMGE_SSI","rAVAMGE","rY.x","means.x","MASI","MASI_SSI","rMASI","MASV","MASV_SSI","rMASV","GDD"
"3IJI1",0.0142028572893916,222,64,158,0.0163500706470544,0.0114858552142847,218,60,0.0305357523958482,218,60,"1"
"4N506",0.0252636742434,151,121,30,0.0369029606261027,0.0209601523140073,146,116,0.0557221441652914,146,116,"1"
"6M502",0.0388523982212387,181,162,19,0.0395477310892861,0.0296875354712779,173,154,0.0789324659610521,173,154,"1"
"6M502A",0.020138362582913,203,96,107,0.0246044691780003,0.0191319440193932,215,108,0.0508576231324724,215,108,"1"
"764",0.0303855611607705,202,144,58,0.0319975741077881,0.0317505421139404,214,156,0.084397240960164,214,156,"1"
"78010",0.0177157371009053,155,87,68,0.0299919598423132,0.0166431483356391,164,96,0.0442384799955765,164,96,"1"
"87916W",0.0109075709440013,166,38,128,0.0223439482101853,0.00808506051157682,161,33,0.0214979477523242,161,33,"1"
"A",0.0110973600519823,202,40,162,0.0152378840608179,0.0106931889098177,215,53,0.0284261057413455,215,53,"1"
"A239",0.0433866645194134,179,168,11,0.0408781047999516,0.0409971628455421,179,168,0.108972080852855,179,168,"1"
"A305",0.0159412664188066,207,73,134,0.0209375139144368,0.0151688237406797,220,86,0.0403227849484244,220,86,"1"
"A572",0.0161767989252871,196,74,122,0.0230546245219462,0.0156844595390441,212,90,0.0416950687796352,212,90,"1"
"A632",0.0346581932632161,219,154,65,0.0305487178809323,0.0266225126050457,204,139,0.0707825720660194,205,140,"1"
"A648",0.017395011429084,216,83,133,0.0212226496136093,0.018108520519566,238,105,0.0481349531484974,238,105,"1"
"A663",0.00995934928567746,52,36,16,0.0402233214001673,0.00834052678430592,53,37,0.0221743915352072,53,37,"1"
"A672",0.01201589039136,76,49,27,0.038376472676383,0.0114614667022401,86,59,0.030467165682885,86,59,"1"
"A679",0.0267741914324427,192,129,63,0.0310691254262024,0.0180405992778034,166,103,0.047977627050987,167,104,"1"
"A682",0.0170739395807553,190,81,109,0.0243281047141268,0.0166163563182361,204,95,0.0441726862076415,204,95,"1"
"A73",0.0457832837546435,238,169,69,0.0295559300598633,0.0434402393627392,239,170,0.115465579619769,239,170,"1"
"AQA3",0.0243852154087273,208,117,91,0.026258354566952,0.0244050442667485,225,134,0.0648699106245779,225,134,"1"
"AS6103",0.0255675250599736,159,122,37,0.0345527854154344,0.0244254236092946,172,135,0.064923443003914,172,135,"1"
"AusTRCF 306238",0.011604577930384,187,45,142,0.0191234797482259,0.0106838938007728,194,52,0.0284007143794353,194,52,"1"
"B-18 INBR.FR.SUPERGOLD",0.0096642304060861,41,33,8,0.0432192765453291,0.00696018274926119,33,25,0.0185109978025947,33,25,"1"
"B103",0.0352920543998699,194,155,39,0.0343378399206802,0.0340708213270312,198,159,0.0905611485210803,198,159,"1"
"B108",0.0257607532589193,178,125,53,0.0325437025583533,0.0242133083370673,185,132,0.0643603512145363,185,132,"1"
"B111",0.0165403580727372,93,76,17,0.0401150199613711,0.0135735132827427,92,75,0.0360875585516367,92,75,"1"
"B115",0.0185308072760564,251,91,160,0.0159102332806677,0.0164222798173249,253,93,0.0436590736925213,253,93,"1"
"B121",0.00993236156084643,125,35,90,0.0263105143218159,0.009512123174261,137,47,0.0252834753478468,137,47,"1"
"B14A",0.0264583464117698,236,128,108,0.0244357693474143,0.0200716083265878,221,113,0.0533678849331444,221,113,"1"
"B2",0.00271587351854395,177,4,173,0.00992856885274216,0.00198740343106223,177,4,0.0052847849954066,177,4,"1"
"B37",0.00506154722891845,133,12,121,0.0231681195840493,0.00450320307243715,133,12,0.0119709962314216,133,12,"1"
"B66",0.0243008969027345,269,115,154,0.0170538380793428,0.0230772539924965,282,128,0.0613452110541318,282,128,"1"
"B68",0.0189273816410862,232,93,139,0.0197485671823813,0.013716520832838,216,77,0.0364797814312115,216,77,"1"
"B73",0.0411533202455516,216,166,50,0.0331109660781927,0.0371382816241177,216,166,0.0987248776345358,216,166,"1"
"B76",0.0281672685497398,211,133,78,0.0281318609499973,0.0276494496436232,227,149,0.0734932122215192,227,149,"1"
"B77",0.0240808145718576,276,113,163,0.0147684904387448,0.0226180685094597,289,126,0.0601202015843639,289,126,"1"
"B79",0.00775340650024963,176,20,156,0.0169928878177296,0.00801186455344176,187,31,0.0212966924634057,187,31,"1"
"B91",0.0285723511987384,195,136,59,0.0315878220024428,0.0268534547516653,201,142,0.0713811004933775,201,142,"1"
"BEI 10 = NORTH 10",0.018923168195991,221,92,129,0.0223149317665086,0.0143796230079515,211,82,0.0382325938169675,211,82,"1"
"BO9",0.0365385351085508,234,158,76,0.0286677448640199,0.0269993202855315,220,144,0.0718016043540411,220,144,"1"
"CG102",0.0372046506453584,265,159,106,0.0246427370437697,0.0283502582923284,257,151,0.07537734967492,257,151,"1"
"CH701-30",0.00844268662817925,126,23,103,0.0252102377677446,0.0062435543728901,120,17,0.0166049156463877,120,17,"1"
"CH753-4",0.0241438594369361,187,114,73,0.0293272451307808,0.0179641494637331,175,102,0.047765491442696,175,102,"1"
"CR 22 INBRED",0.00910065781054355,38,28,10,0.0409638585486806,0.00666306569740058,31,21,0.0177190158610064,31,21,"1"
"DE811",0.0230062137504821,132,109,23,0.0386274226223487,0.0161521742652313,115,92,0.0429511358062028,115,92,"1"
"DJ7",0.00925574744543279,132,30,102,0.0252158531597644,0.00892288625516775,144,42,0.0237200653527143,144,42,"1"
"DK3IIH6",0.0152367275912342,133,69,64,0.0309396811725679,0.0109073083513388,120,56,0.0290086551288097,120,56,"1"
"DK4676A",0.0257895280011202,161,126,35,0.036045967214428,0.0269153708400047,178,143,0.0715439214566124,178,143,"1"
"DK78002A",0.0276635505853457,139,132,7,0.0458425915258388,0.0243798096789568,140,133,0.0648099793414014,140,133,"1"
"DK78371A",0.0083497358420716,162,22,140,0.0197165153753403,0.00781954868526126,169,29,0.0207852199236315,169,29,"1"
"DKFBHJ",0.0340250673672151,173,152,21,0.0391192648184909,0.0248723577701084,157,136,0.0661400215691384,157,136,"1"
"DKMBNA",0.0233807920898904,170,110,60,0.0314192855806551,0.0196722573527616,170,110,0.0523011070900651,170,110,"1"
"DKPB80",0.0310311305917761,149,146,3,0.0528038948659803,0.0290935037421864,156,153,0.0773327237673689,156,153,"1"
"E8501",0.00921021195994393,121,29,92,0.0262127433253414,0.00888666398687531,133,41,0.0236238131763209,133,41,"1"
"EAST 028",0.0342665150054195,157,153,4,0.0524266319313983,0.0327474563452895,162,158,0.0870436284129235,162,158,"1"
"F118",0.0299115164710743,217,142,75,0.0287944434686307,0.0285494311198869,227,152,0.0758851799096977,227,152,"1"
"H113",0.0222416476718056,233,106,127,0.0226650268227214,0.015369363129113,215,88,0.0408759500136478,215,88,"1"
"H121",0.0307981736241462,233,145,88,0.0265185533547255,0.0263693421095232,226,138,0.070100380941194,226,138,"1"
"H71",0.00890717000112111,173,25,148,0.0177998746382442,0.00645602255405751,166,18,0.0171667218973051,166,18,"1"
"H91",0.0293650954862832,227,141,86,0.0268749355751276,0.0214725162587427,206,120,0.0571009341066925,206,120,"1"
"H96",0.011285052538007,194,43,151,0.0174059534009892,0.0118963850312347,215,64,0.0316221230109557,215,64,"1"
"ICI 740",0.00131902242983091,28,2,26,0.0384021022335269,0.00128151598758163,28,2,0.00340677228470286,28,2,"1"
"IDS28",0.00201929477744587,102,3,99,0.0255381052662411,0.001501036671342,102,3,0.00399117779717034,102,3,"1"
"IDS69",0.0109116806003779,204,39,165,0.0140470123969785,0.00803124483946343,197,32,0.0213579317754107,197,32,"1"
"INB 101LFY/LFY (A632 X M16 S5)",0.0616700615752886,227,172,55,0.0323422763640556,0.0494331443973227,226,171,0.131429306945824,226,171,"1"
"INBRED 2-687",0.015401953051447,223,71,152,0.017399459754532,0.012990723765172,224,72,0.0345350437716432,224,72,"1"
"K150",0.0142193844326177,159,65,94,0.0258181773865605,0.0121336725399762,160,66,0.0322563011172226,160,66,"1"
"L 127",0.0517856709647505,266,170,96,0.0256150263091054,0.036696037561177,260,164,0.097578947510661,260,164,"1"
"L 289",0.0222443642793819,147,107,40,0.0342100912658263,0.0218349276412854,161,121,0.0580380073072816,161,121,"1"
"LH143 (Maintainer)",0.0400428757518097,208,164,44,0.0337151897714089,0.0313169782342277,199,155,0.0832615199587598,199,155,"1"
"LH146Ht",0.0405102297649982,166,165,1,0.0620088182090322,0.0346787768225284,161,160,0.0921966108063716,161,160,"1"
"LH149",0.0140119043919573,87,62,25,0.0384615363248731,0.0141733369293301,103,78,0.0376736584149512,103,78,"1"
"LH166",0.0010985250954768,43,1,42,0.0339084987182383,0.000908687164749725,43,1,0.00241573374956476,43,1,"1"
"LH181",0.0118380317053411,214,47,167,0.013503200166621,0.00969495995378666,215,48,0.0257741998330891,215,48,"1"
"LH184",0.0056142494888346,150,15,135,0.0207237281921102,0.0055727831555887,150,15,0.0148127080878709,150,15,"1"
"LH190",0.0337818924292904,198,150,48,0.0333595081090983,0.0271415099224869,193,145,0.0721617554241684,193,145,"1"
"LH194",0.0131649463702898,157,59,98,0.025555998718755,0.0118596639827723,161,63,0.0315289168782246,161,63,"1"
"LH195",0.00543639371978083,99,14,85,0.027089488356694,0.00510349332015753,98,13,0.0135663421590754,98,13,"1"
"LH202",0.0292414004896259,160,140,20,0.039501190241739,0.0213754267462255,139,119,0.0568410637620434,139,119,"1"
"LH205",0.0166261379574528,223,78,145,0.0183362710208033,0.0142545094530049,224,79,0.0378968394728986,224,79,"1"
"LH206",0.0183946429296304,96,90,6,0.0459251568696159,0.0135789931552077,82,76,0.0361066931307012,82,76,"1"
"LH208",0.0204390033060343,164,98,66,0.0303944528871653,0.0151631021395131,151,85,0.0403181464980641,151,85,"1"
"LH214",0.0117783620467496,171,46,125,0.0228584829315449,0.0110301888278661,183,58,0.029319416013642,183,58,"1"
"LH215",0.00951619020941273,186,31,155,0.0170465941512493,0.00925391515407443,200,45,0.024597177371081,200,45,"1"
"LH295",0.0167039869169247,110,79,31,0.036571709175464,0.0157485424018358,122,91,0.0418603377447535,122,91,"1"
"LH82",0.00506261072465204,90,13,77,0.0285834552388204,0.00519200836194736,91,14,0.0138011405798072,91,14,"1"
"LP1 NR HT",0.00302475272105411,118,6,112,0.0240452118614908,0.0029947445214724,118,6,0.00796015828348063,118,6,"1"
"LP5",0.00364312709562858,12,7,5,0.0476770104359325,0.00342046229540442,12,7,0.00909180537878291,12,7,"1"
"M14",0.0150132531738999,194,68,126,0.0227709633422028,0.0131660854613554,199,73,0.0350001382916226,199,73,"1"
"MBPM",0.0206781431312487,186,99,87,0.0265194194755918,0.0151217854898624,171,84,0.0402112557208572,171,84,"1"
"MBWZ",0.0112994362531994,188,44,144,0.0186912720661041,0.0086797301138021,184,40,0.0230779995401641,184,40,"1"
"MM501D",0.023472670025194,257,111,146,0.0180578048300187,0.0206157975338837,260,114,0.0548040635737206,260,114,"1"
"Mo5",0.0162138818901572,244,75,169,0.0129164223682629,0.0156657062313671,258,89,0.0416449491891852,258,89,"1"
"MQ305",0.0106866508980265,73,37,36,0.0345972952031414,0.0071899054828735,62,26,0.0191214816510763,62,26,"1"
"MS132",0.0089209257616462,169,26,143,0.0191069804407453,0.00800043974489968,173,30,0.0212676919646534,173,30,"1"
"MS211",0.0167118139438044,132,80,52,0.0325455189569641,0.0169139671742769,150,98,0.044958444738392,150,98,"1"
"MS224",0.0243009982629874,165,116,49,0.0331587946000637,0.0179588566515198,150,101,0.0477518174846365,150,101,"1"
"MS226",0.0122883655572285,226,55,171,0.0123582467176709,0.00831185598204044,207,36,0.0221057072250705,207,36,"1"
"MS24A",0.00295583534638693,136,5,131,0.0215865859759114,0.00217299558299827,136,5,0.00577793904131352,136,5,"1"
"MS71",0.0180292907218336,146,89,57,0.0321756129392751,0.0126509251932764,126,69,0.0336408041910634,126,69,"1"
"N192",0.0122507206935595,101,54,47,0.033375714096172,0.00940213897094694,93,46,0.0249979644523079,93,46,"1"
"N28Ht",0.0171060719853622,248,82,166,0.0137784076805577,0.0127199069654709,237,71,0.033827596575483,237,71,"1"
"N527",0.0220436443432929,134,105,29,0.0369349753155311,0.0226304853934385,156,127,0.060153734599205,156,127,"1"
"NC250",0.00764514824110956,130,19,111,0.0241135631422435,0.00566544253880484,127,16,0.0150673968662619,127,16,"1"
"NC294",0.00388528233262972,82,8,74,0.0290532188048772,0.00398184453766004,83,9,0.0105840689097419,83,9,"1"
"NC310",0.0381300819395623,172,160,12,0.0406098054557279,0.0358508852942609,174,162,0.095293638018271,174,162,"1"
"NC328",0.0142563174965177,181,66,115,0.0238934160948406,0.014315122200709,195,80,0.0380504111661257,195,80,"1"
"ND259",0.0145382219219144,208,67,141,0.0195854369004667,0.0108346323074604,196,55,0.0288085004913473,196,55,"1"
"ND265",0.0165446691344968,95,77,18,0.0397218898061068,0.0115495221069718,79,61,0.0307122815598841,79,61,"1"
"NKS8326",0.0154351065326409,231,72,159,0.0163493583945738,0.0109643502301748,216,57,0.0291553435989161,216,57,"1"
"NQ508",0.0340191218566264,207,151,56,0.0321910355284405,0.0232081334769739,185,129,0.0617234741230577,185,129,"1"
"NY6371",0.0354891282015035,249,156,93,0.0261461482804732,0.0349576440444132,254,161,0.0929187469765151,254,161,"1"
"Ny821",0.00458911988814784,64,10,54,0.03237002172018,0.00429931006447001,65,11,0.0114279387526646,65,11,"1"
"Oh40B",0.0270463268903752,231,130,101,0.0253661091058172,0.0199991840173925,213,112,0.0531856347530348,213,112,"1"
"Oh43",0.0203893070048372,180,97,83,0.0276302537063121,0.0152242927653517,170,87,0.0404880992134414,170,87,"1"
"OQ403",0.0200972245899256,214,95,119,0.0233159714596837,0.0198159936156777,230,111,0.0526716810570161,230,111,"1"
"Os420",0.0421758772151009,195,167,28,0.0380537806030562,0.0412737093696961,197,169,0.109713609219321,197,169,"1"
"OS602",0.0189667831523738,191,94,97,0.025578547939683,0.0184436866589694,203,106,0.049023858866827,203,106,"1"
"Pa392",0.0299467477114951,222,143,79,0.0280959921373049,0.0280519563148817,229,150,0.0745646163571273,229,150,"1"
"Pa875",0.00643065411680948,132,16,116,0.0237611913566967,0.00671651122403626,139,23,0.0178533988078359,139,23,"1"
"PH207",0.012437975860661,156,56,100,0.0255251686252921,0.0121865145160519,167,67,0.0323941283361815,167,67,"1"
"PHBB3",0.0256345913835661,161,123,38,0.0344401604624662,0.0218638995822337,161,123,0.0581232773481861,161,123,"1"
"PHG29",0.0256597097008884,277,124,153,0.0170975927581812,0.0195579144025194,262,109,0.0520003379249032,262,109,"1"
"PHG80",0.0128004313168118,104,58,46,0.0334441353689188,0.0107385361651099,100,54,0.0285497779690054,100,54,"1"
"PHG83",0.0250717229941891,134,120,14,0.0404211110205762,0.0191165826129949,121,107,0.0508268948740481,121,107,"1"
"PHH93",0.0285627339154817,305,135,170,0.0124315498238653,0.0221094396481405,294,124,0.0587849588282273,294,124,"1"
"PHHV4",0.0120226260151725,163,50,113,0.0239963822349094,0.00923425087384235,157,44,0.0245523834283015,157,44,"1"
"PHJ70",0.0112221483335612,206,42,164,0.0145199511641742,0.0082495245401222,199,35,0.0219359821929133,199,35,"1"
"PHJ89",0.0215696750023269,116,103,13,0.0405151383044794,0.0175434077452032,112,99,0.0466425650348512,112,99,"1"
"PHJ90",0.028500497654719,223,134,89,0.0264181506760354,0.0267443546142214,230,141,0.071088290083934,230,141,"1"
"PHJR5",0.0079261718617529,101,21,80,0.0279775915398962,0.00676921906997918,104,24,0.0179966009403079,104,24,"1"
"PHK56",0.0135245045298736,232,60,172,0.0118632696074726,0.0126904801461389,242,70,0.0337332366156351,242,70,"1"
"PHK74",0.0286103192584111,171,137,34,0.0360928164458099,0.0273003436387488,180,146,0.0725704633542178,180,146,"1"
"PHKE6",0.0120310197675808,133,51,82,0.0278003850917342,0.00854783414045537,120,38,0.0227295702369881,120,38,"1"
"PHN29",0.00451754457614336,183,9,174,0.00680615170683937,0.00424800816558119,184,10,0.0112914385867323,184,10,"1"
"PHN66",0.0211432810357882,143,102,41,0.0339889757616879,0.0211702810595006,158,117,0.0562742590152769,158,117,"1"
"PHP55",0.0176513409876081,202,85,117,0.0236665482816035,0.0120266659207544,182,65,0.0319827616979291,182,65,"1"
"PHP76",0.0358369722836592,202,157,45,0.0336390602723359,0.0361481484203926,208,163,0.0960840274168763,208,163,"1"
"PHPR5",0.00968481721115419,154,34,120,0.0232702065369855,0.00824780691035838,154,34,0.0219276094622182,154,34,"1"
"PHR30",0.0393532814641393,196,163,33,0.0364291463469757,0.0368584584122833,198,165,0.0979740716039088,198,165,"1"
"PHR36",0.0119839714108987,186,48,138,0.0202462933027609,0.012291671710746,206,68,0.0326731143736201,206,68,"1"
"PHR47",0.0210726231730289,250,100,150,0.0174178330206924,0.0180464139555666,254,104,0.0479746613979037,253,103,"1"
"PHR63",0.012041823958938,176,52,124,0.0229342769481754,0.0102844849000897,173,49,0.0273403785560548,173,49,"1"
"PHT10",0.012623194920953,119,57,62,0.0311851525476465,0.0085566753047839,101,39,0.022756882961226,101,39,"1"
"PHTM9",0.029036294827185,163,139,24,0.0385900237389162,0.0274199696045053,171,147,0.0728834023428496,171,147,"1"
"PHV63",0.0216471168260274,251,104,147,0.0178952464411644,0.0218505986312791,269,122,0.0580802687664078,269,122,"1"
"PHW30",0.0330644159865117,306,149,157,0.0166867328208559,0.0318158992884412,314,157,0.0845795363011442,314,157,"1"
"PHW43",0.0229004791705712,180,108,72,0.0293914519142505,0.0232269849454622,202,130,0.0617389239701311,202,130,"1"
"R181B",0.0764110581578224,175,173,2,0.0544039189789097,0.0736140848363995,175,173,0.195668167135926,175,173,"1"
"R226",0.0272193260506948,192,131,61,0.0311878942588597,0.0257502280036718,198,137,0.0684499798300125,198,137,"1"
"R71",0.0177059068072247,170,86,84,0.0274026011495487,0.0131682964281158,158,74,0.0350200647709877,158,74,"1"
"R78",0.00679683490951351,149,17,132,0.0212439161742976,0.0067075267283728,154,22,0.0178288716783413,154,22,"1"
"SD101",0.0384295393837704,265,161,104,0.0251791224732201,0.038623230605791,271,167,0.102662789153599,271,167,"1"
"SD107",0.00739832757450007,136,18,118,0.0233237768009451,0.00766394957851869,146,28,0.0203718686862578,146,28,"1"
"SD40",0.0533244105751264,193,171,22,0.0386808928831534,0.0525479714123574,194,172,0.139682417189188,194,172,"1"
"SD44",0.024855242245284,161,118,43,0.0338721556042117,0.0221163222048388,168,125,0.058792460059713,168,125,"1"
"TZU-CHIAO-HSI-WU 105",0.0121846444048938,183,53,130,0.021932513651087,0.0115597185763963,192,62,0.0307285971594127,192,62,"1"
"Va26",0.0152455496718293,184,70,114,0.0239282733071083,0.0106366110436963,165,51,0.0282847141568565,165,51,"1"
"Va35",0.00888089387802586,134,24,110,0.0241433935816828,0.00665794985591378,130,20,0.0177027223201593,130,20,"1"
"Va99",0.0210786685360126,116,101,15,0.0402288523324286,0.0209273950740097,130,115,0.0556288016095612,130,115,"1"
"W22",0.0111211326533358,146,41,105,0.0247142391198789,0.00899262336909881,148,43,0.0239073671450397,148,43,"1"
"W24",0.0312418628371682,283,147,136,0.0204963119494002,0.0266233178708877,276,140,0.0707758288171227,275,139,"1"
"W552",0.00494017131461191,134,11,123,0.0230453970062177,0.0036137537017282,131,8,0.00960994145846899,131,8,"1"
"W605S",0.0289620993622916,208,138,70,0.0294662559816883,0.0276314663211925,218,148,0.0734452103316064,218,148,"1"
"W607S",0.0249843792512185,287,119,168,0.0130951826436778,0.0168341163528461,265,97,0.044770571381432,265,97,"1"
"W612S",0.0096277928548701,169,32,137,0.0202815080848118,0.00726527415187601,164,27,0.0193172262386857,164,27,"1"
"W614S",0.0136524300238474,156,61,95,0.0257851113845009,0.0143175007080436,176,81,0.0380578160304936,176,81,"1"
"W64A",0.014068141412198,130,63,67,0.0302559830200282,0.0105205423500043,117,50,0.0279732599197249,117,50,"1"
"W701BC",0.0261186686530404,208,127,81,0.0278698891435586,0.0212687915627829,199,118,0.0565471657114321,199,118,"1"
"W810G",0.00894295314275815,78,27,51,0.0329409962948054,0.0064660909581812,70,19,0.0171935529551636,70,19,"1"
"W8304",0.032050537945543,180,148,32,0.0365526050558018,0.0240956508267485,163,131,0.064067119059286,163,131,"1"
"W9",0.0239699649825291,183,112,71,0.0294282554985695,0.017575473024464,171,100,0.0467349205381106,171,100,"1"
"WU-TAN-TZAO",0.0174618973725033,245,84,161,0.0157521785745147,0.01653088542119,255,94,0.0439429467539749,255,94,"1"
"YING-55",0.0898304162000442,183,174,9,0.0421774833300739,0.084265377843565,183,174,0.223989904609813,183,174,"1"
"Yu796 NS",0.0179558492996211,237,88,149,0.0175308063819517,0.0146068881433905,232,83,0.0388352497836565,232,83,"1"
"3IJI1",0.0291825195831257,286,136,150,0.0200322028206069,0.0315018183390475,294,144,0.112796818713019,294,144,"2"
"4N506",0.0259556951285895,170,125,45,0.0337337452386274,0.0155782091620433,136,91,0.0558286679324477,136,91,"2"
"6M502",0.0498574106163579,186,167,19,0.0397712579518657,0.0530251046513214,187,168,0.189867016721211,187,168,"2"
"6M502A",0.0168500452765761,162,82,80,0.0289176313772874,0.0185932289385219,180,100,0.0665769435542109,180,100,"2"
"764",0.021829216302164,155,108,47,0.0335962823209379,0.0130879194905555,126,79,0.0469048828010896,126,79,"2"
"78010",0.0109687169296642,89,48,41,0.0344373470779287,0.0120705045571058,107,66,0.0432208478709578,107,66,"2"
"87916W",0.00808041974469969,144,30,114,0.0245074401689347,0.00467465554444853,131,17,0.016752285085073,131,17,"2"
"A",0.00336282048841117,170,8,162,0.0177674307055689,0.00222812045467654,167,5,0.00798217392462581,167,5,"2"
"A239",0.00429290527156543,70,11,59,0.0321908617778361,0.00249311448099059,68,9,0.00893428968350868,68,9,"2"
"A305",0.00718831032848942,132,24,108,0.0251523775776132,0.00787314768918102,149,41,0.028191248991403,149,41,"2"
"A572",0.0261696624876463,264,127,137,0.0214743374578581,0.028568630937723,274,137,0.102294924319319,274,137,"2"
"A632",0.0315101918519042,191,142,49,0.033466025119663,0.0318901410504203,194,145,0.114201186111405,194,145,"2"
"A648",0.0236048159520355,236,113,123,0.0237231836345281,0.0166257307192466,218,95,0.0595556563796737,218,95,"2"
"A663",0.0344891620276926,175,154,21,0.0392137124753829,0.0385091361770145,181,160,0.13789174750705,181,160,"2"
"A672",0.0140728449848316,87,65,22,0.0390596004275269,0.0124757537820576,92,70,0.0446788483631276,92,70,"2"
"A679",0.0386960653696837,196,162,34,0.0359162056656278,0.0412166018996484,199,165,0.147582528860403,199,165,"2"
"A682",0.0126376244424616,128,59,69,0.0303638842919763,0.0134406121370768,150,81,0.048126818511953,150,81,"2"
"A73",0.0294266702769004,247,137,110,0.0251290575726931,0.0255223739909627,234,124,0.091403556838743,234,124,"2"
"AQA3",0.0127794509075793,139,60,79,0.0291660964250431,0.00766223637706229,117,38,0.0274609664146248,117,38,"2"
"AS6103",0.0265521189965829,157,129,28,0.0369073156650318,0.0256615564240841,153,125,0.0918957977709969,153,125,"2"
"AusTRCF 306238",0.0161858973727032,234,77,157,0.0184084184478128,0.0130417019275118,233,76,0.0467102520614267,233,76,"2"
"B-18 INBR.FR.SUPERGOLD",0.0155446579994833,90,72,18,0.0406621153823016,0.0128449793709147,93,75,0.0460036795791652,93,75,"2"
"B103",0.0335287696649423,178,151,27,0.0371103235647399,0.0292193013754141,165,138,0.104643032622279,165,138,"2"
"B108",0.00711125892857252,110,23,87,0.0282003178866133,0.00736790644347761,124,37,0.026384139882615,124,37,"2"
"B111",0.0369196032398037,170,158,12,0.0430866727759329,0.0399027250532563,175,163,0.142877573715618,175,163,"2"
"B115",0.00875789360881096,183,34,149,0.0200566165963908,0.00956233169417671,196,47,0.0342395874386376,196,47,"2"
"B121",0.010961941984673,143,47,96,0.0268290040460141,0.00775045267573661,136,40,0.0277630198786713,136,40,"2"
"B14A",0.0303902620326723,217,139,78,0.0292101977861991,0.032650439647226,224,146,0.116909423415485,224,146,"2"
"B2",0.0296524808851625,311,138,173,0.0132620599909035,0.0326544403481523,320,147,0.116925815976215,320,147,"2"
"B37",0.00221611264564647,129,4,125,0.0233428117295667,0.00241258012386447,132,7,0.00863918226948705,132,7,"2"
"B66",0.0111276211216684,179,49,130,0.0225044773477013,0.0124374453144105,199,69,0.0445354845187811,199,69,"2"
"B68",0.0175356492149767,219,87,132,0.0221220908947101,0.0186508154656048,233,101,0.0667831181038282,233,101,"2"
"B73",0.0325076671916218,196,146,50,0.0334501424518562,0.0268118208204695,180,130,0.0960274824205187,180,130,"2"
"B76",0.00585179637224902,60,18,42,0.0344183748089954,0.00357200243180464,54,12,0.0127998659500958,54,12,"2"
"B77",0.00856636457403358,187,33,154,0.0186322614837268,0.00508559069568542,174,20,0.0182278802012791,174,20,"2"
"B79",0.0143982568975938,227,69,158,0.0182022120612234,0.0153726115655611,246,88,0.0550479945613503,246,88,"2"
"B91",0.0242083061495791,193,116,77,0.0292255602888101,0.0268963722851918,208,131,0.0963122931644234,208,131,"2"
"BEI 10 = NORTH 10",0.0134751665955875,182,61,121,0.0241734685292427,0.0103412534653495,170,49,0.0370400362830906,170,49,"2"
"BO9",0.0436107376225324,306,166,140,0.0212247899149577,0.0390946308190393,301,161,0.140010247799141,301,161,"2"
"CG102",0.034485242816979,279,153,126,0.0230151599912436,0.0353374749127519,279,153,0.126545675745797,279,153,"2"
"CH701-30",0.00960775181920723,124,39,85,0.0284880648126567,0.0068776756475558,117,32,0.0246362596558973,117,32,"2"
"CH753-4",0.0350421830416522,231,156,75,0.0292924630909258,0.0385021018123787,234,159,0.137864243060267,234,159,"2"
"CR 22 INBRED",0.0167713201833414,87,81,6,0.0469874817292239,0.0113985736221487,65,59,0.0408337836841444,65,59,"2"
"DE811",0.0161478610020286,130,76,54,0.0328241576304057,0.0125075676231509,125,71,0.0447988629900581,125,71,"2"
"DJ7",0.0138835247246115,180,64,116,0.024417920609765,0.0150847040094303,202,86,0.0540131875415876,202,86,"2"
"DK3IIH6",0.0244767490539253,166,118,48,0.033594979678008,0.02603874392911,175,127,0.0932363483009605,175,127,"2"
"DK4676A",0.0253050056571907,209,123,86,0.0283008233250396,0.0278141302137356,220,134,0.0995939243464264,220,134,"2"
"DK78002A",0.03882484153944,165,163,2,0.0512341267018143,0.0297033870718278,142,140,0.106391170649828,142,140,"2"
"DK78371A",0.00493536701700791,143,14,129,0.0225621572584318,0.00529206517931803,151,22,0.0189489691833243,151,22,"2"
"DKFBHJ",0.0520604602608128,184,169,15,0.04155751783234,0.0553688103577519,185,170,0.198258627463156,185,170,"2"
"DKMBNA",0.0260548477968352,209,126,83,0.0287539148637212,0.0282396576487372,219,136,0.101116421358541,219,136,"2"
"DKPB80",0.0120029487535895,59,54,5,0.0486460094021893,0.0117715092873181,67,62,0.0421553557318426,67,62,"2"
"E8501",0.0117609168070621,163,52,111,0.0249513794827117,0.0126569495823842,183,72,0.0453199816498393,183,72,"2"
"EAST 028",0.0218565112786381,116,109,7,0.0461964497043791,0.0232539858818426,127,120,0.0832649498577282,127,120,"2"
"F118",0.0288889032888383,202,135,67,0.030777906712063,0.0239242232391229,188,121,0.0856832958302884,188,121,"2"
"H113",0.0370214867021924,300,159,141,0.0211503362093289,0.039445248815922,303,162,0.141239812122241,303,162,"2"
"H121",0.0265390183624,231,128,103,0.0259914777989689,0.0188215940838533,205,102,0.0674209357899703,205,102,"2"
"H71",0.00217535150047418,154,2,152,0.0192265191615054,0.00159304149422631,154,2,0.00570616444006561,154,2,"2"
"H91",0.0341951541301219,259,152,107,0.0251815772796294,0.0364797531847202,263,156,0.130626328608573,263,156,"2"
"H96",0.0157815881557897,239,74,165,0.0172008699166893,0.0123571588452632,232,67,0.0442596642950607,232,67,"2"
"ICI 740",0.0170874714035206,110,85,25,0.0380947989278601,0.0188994482975005,128,103,0.0676735882784951,128,103,"2"
"IDS28",0.00552511958748539,113,16,97,0.0267350234312634,0.00597079745968668,123,26,0.0213793166554836,123,26,"2"
"IDS69",0.00476763049285097,182,13,169,0.0154504592069619,0.0034821698038879,180,11,0.0124729369081134,180,11,"2"
"INB 101LFY/LFY (A632 X M16 S5)",0.0696431795051944,312,174,138,0.0214125974694955,0.0745331839620338,312,174,0.266876418903092,312,174,"2"
"INBRED 2-687",0.0314602012297821,265,141,124,0.0235742034441062,0.0223898136054319,240,116,0.0802020887793287,240,116,"2"
"K150",0.0108649785683476,139,45,94,0.027077854883445,0.0117038826046082,155,61,0.0419114848454922,155,61,"2"
"L 127",0.0633417687509663,213,173,40,0.0348685692334608,0.0675930910911042,213,173,0.242026910500164,213,173,"2"
"L 289",0.00753222570481207,92,27,65,0.0310669379042972,0.00703950238455507,99,34,0.0252100485237924,99,34,"2"
"LH143 (Maintainer)",0.03275262718678,172,149,23,0.0384727122201032,0.0348704084618993,175,152,0.124859157109204,175,152,"2"
"LH146Ht",0.00789265372458997,29,28,1,0.052914868600315,0.00527632297081729,22,21,0.0189019877701907,22,21,"2"
"LH149",0.00953025420684137,51,38,13,0.0425376679299695,0.0103764825845643,64,51,0.0371547098547802,64,51,"2"
"LH166",0.0116828270726373,104,51,53,0.0328980698465353,0.0132845144847368,133,80,0.0475695824660802,133,80,"2"
"LH181",0.0315201335636406,307,143,164,0.0176888203286188,0.0342835642196732,313,149,0.122757865604825,313,149,"2"
"LH184",0.0327280977412737,240,148,92,0.0272036798721362,0.0278605911870471,227,135,0.0997788801172725,227,135,"2"
"LH190",0.0525677387619985,194,170,24,0.0382450535483584,0.0569841964933813,195,171,0.204040667373626,195,171,"2"
"LH194",0.0185408097719397,191,91,100,0.0263910118049139,0.0209564616423313,207,107,0.0750418806101211,207,107,"2"
"LH195",0.0211081252818445,161,104,57,0.0324599013381927,0.0142958014156479,141,84,0.0512130335879394,141,84,"2"
"LH202",0.0245231473751832,153,120,33,0.0361638890840034,0.0171803633805321,131,98,0.0615428945392758,131,98,"2"
"LH205",0.0100465223934741,178,42,136,0.0217686785837462,0.0109972988836242,194,58,0.0393778245572332,194,58,"2"
"LH206",0.00815309523673464,34,31,3,0.0504450922510626,0.00710366737346228,38,35,0.0254403554439276,38,35,"2"
"LH208",0.0168573923082402,154,83,71,0.0298533207908786,0.0169800321630338,168,97,0.0608070050390107,168,97,"2"
"LH214",0.0122015925093617,198,55,143,0.0206999270529398,0.013086219511747,221,78,0.0468570136345152,221,78,"2"
"LH215",0.011873218467744,219,53,166,0.0171374372803144,0.00848679003397683,209,43,0.0304002651785625,209,43,"2"
"LH295",0.00395504361832595,53,10,43,0.0339414097053782,0.00424617898148376,58,15,0.0152050820392489,58,15,"2"
"LH82",0.00324534211636112,80,7,73,0.0296104745005674,0.0019539715278239,77,4,0.00700314655104345,77,4,"2"
"LP1 NR HT",0.00918725292901329,141,37,104,0.0258186627733482,0.00894177851686426,148,44,0.0320210089593887,148,44,"2"
"LP5",0.0270448662765972,140,131,9,0.0452615785581346,0.029931867548428,150,141,0.107177637877395,150,141,"2"
"M14",0.0156868714476571,201,73,128,0.0226767473708916,0.0128177673147871,202,74,0.0459076469619895,202,74,"2"
"MBPM",0.0196594194205219,172,96,76,0.0292728309782972,0.0211752547123702,184,108,0.0758270398825347,184,108,"2"
"MBWZ",0.0270743904179337,287,132,155,0.0185709761929476,0.0293112164763114,294,139,0.104953224546646,294,139,"2"
"MM501D",0.0247344950376414,282,121,161,0.0177899008545237,0.0225267451023814,278,117,0.0806745996672777,278,117,"2"
"Mo5",0.0045057828818929,179,12,167,0.0163789376141546,0.00307045121170182,177,10,0.0109994045881719,177,10,"2"
"MQ305",0.00827062462275346,90,32,58,0.0323533316199639,0.00490455278211704,77,19,0.0175746633499652,77,19,"2"
"MS132",0.0155333478877575,213,71,142,0.0207021954880012,0.0165284280191269,235,93,0.059182872481619,235,93,"2"
"MS211",0.0212664377945095,160,105,55,0.0325486240035982,0.0160010728346573,147,92,0.0573127144675778,147,92,"2"
"MS224",0.0397746287437504,193,164,29,0.0367409437226906,0.042898085526036,195,166,0.153602737763457,195,166,"2"
"MS226",0.00665969944498815,190,20,170,0.0153888530145238,0.00485292340977083,188,18,0.0173829550530744,188,18,"2"
"MS24A",0.0109366712831642,181,46,135,0.021802073567093,0.0117014310404298,195,60,0.0418986030120382,195,60,"2"
"MS71",0.032606827937856,191,147,44,0.0337387156688325,0.0354201548171443,198,154,0.126827490581635,198,154,"2"
"N192",0.0061651240624653,57,19,38,0.0352929304008431,0.00655762688313758,68,30,0.0234809772222317,68,30,"2"
"N28Ht",0.00794388958678153,197,29,168,0.0156797927115625,0.0071755487098185,204,36,0.0256977866511519,204,36,"2"
"N527",0.014328911463179,107,68,39,0.0351895677877927,0.014025260695631,122,83,0.050226390680453,122,83,"2"
"NC250",0.0169724524439506,231,84,147,0.0201596542984062,0.0105921430874944,202,55,0.037950355053271,202,55,"2"
"NC294",0.0224223574551621,216,110,106,0.0253245490497169,0.0165342746509427,200,94,0.0592240733430255,200,94,"2"
"NC310",0.0318926836736285,148,144,4,0.0495577261225297,0.0347081479984924,155,151,0.124278210573665,155,151,"2"
"NC328",0.0115403238057841,168,50,118,0.0243918196208361,0.00699607600819947,151,33,0.0250752266637806,151,33,"2"
"ND259",0.0207026372127907,258,102,156,0.0184614051607068,0.0222360338539737,270,114,0.0796248219672317,270,114,"2"
"ND265",0.00992500581181561,76,40,36,0.035688443280359,0.0056834190627363,60,24,0.0203683303921168,60,24,"2"
"NKS8326",0.00916391863207821,196,36,160,0.018080808707572,0.0101926094334541,208,48,0.0364970734249335,208,48,"2"
"NQ508",0.0507756905506743,194,168,26,0.0374624082449801,0.0540384942914381,195,169,0.193493903582075,195,169,"2"
"NY6371",0.0242049199653939,235,115,120,0.0242392980429745,0.0168619602318273,216,96,0.0604029523430423,216,96,"2"
"Ny821",0.00553400816690775,80,17,63,0.031173531079692,0.0058496991355059,88,25,0.0209473447819801,88,25,"2"
"Oh40B",0.0288075259090782,206,134,72,0.0298321391053343,0.0309331150831514,215,143,0.110768018966316,215,143,"2"
"Oh43",0.0375816506410639,221,160,61,0.0317777665363958,0.0411991891230757,225,164,0.147521373382872,225,164,"2"
"OQ403",0.0350088615410086,245,155,90,0.027463664030856,0.0269089631164821,222,132,0.0963801975930685,222,132,"2"
"Os420",0.0213793126951964,122,106,16,0.0415053209466743,0.0127183628977641,89,73,0.0455853887665214,89,73,"2"
"OS602",0.00344309252824862,142,9,133,0.0221158992204991,0.00376764735059779,146,13,0.0134915047710773,146,13,"2"
"Pa392",0.0201946184452138,218,99,119,0.0243715709650952,0.022911298890353,237,118,0.0820412360028199,237,118,"2"
"Pa875",0.0209350161210809,159,103,56,0.0325413164548986,0.0222812913418968,171,115,0.079781887994111,171,115,"2"
"PH207",0.00902201556467815,133,35,98,0.0264680233344155,0.00541703248227652,121,23,0.0194146366817853,121,23,"2"
"PHBB3",0.0201605508746546,148,97,51,0.0331905124782135,0.0117725898346509,114,63,0.0421956537733184,114,63,"2"
"PHG29",0.0186244788198864,239,93,146,0.0203009762508097,0.0108376881029675,203,57,0.0388374960049676,203,57,"2"
"PHG80",0.0074372025434764,89,25,64,0.0311414539701334,0.00791289412191129,106,42,0.0283339051463664,106,42,"2"
"PHG83",0.0164869283047201,99,79,20,0.0393072326774437,0.009395560179701,66,46,0.0336732230550199,66,46,"2"
"PHH93",0.0163091673575919,212,78,134,0.0220173653925226,0.0119621012235589,199,65,0.0428476977587803,199,65,"2"
"PHHV4",0.018793319285985,226,95,131,0.0223348705004904,0.0200610409991431,236,105,0.0718314557766444,236,105,"2"
"PHJ70",0.000850551475538854,173,1,172,0.0140486081393681,0.000756843978302153,173,1,0.00271051096598492,173,1,"2"
"PHJ89",0.0425489156959877,175,165,10,0.0449325966277282,0.0457738466110219,177,167,0.163899653669459,177,167,"2"
"PHJ90",0.0187048747611585,221,94,127,0.0228010799167633,0.0212218001362151,236,109,0.0759914479384386,236,109,"2"
"PHJR5",0.0180338477635518,121,89,32,0.0362807892936677,0.0108106683388698,88,56,0.0387437841775202,88,56,"2"
"PHK56",0.00710553442673795,193,22,171,0.0145487559510201,0.00768704132893614,210,39,0.0275271281304007,210,39,"2"
"PHK74",0.0251638724454982,152,122,30,0.0367268169070589,0.0202945762393812,136,106,0.0726871379242673,136,106,"2"
"PHKE6",0.0143021413289485,168,66,102,0.0261649783000925,0.0152142878701436,189,87,0.0544774790518404,189,87,"2"
"PHN29",0.0227604714597311,285,111,174,0.00837996193562577,0.0243726101281392,296,122,0.0872695037605255,296,122,"2"
"PHN66",0.0100551440792427,74,43,31,0.0366725313351663,0.00602883725025275,59,28,0.0216069701690568,59,28,"2"
"PHP55",0.0319196683026175,267,145,122,0.0238706425844895,0.034554326232847,272,150,0.123726963056387,272,150,"2"
"PHP76",0.0157973581492017,149,75,74,0.0295720717520531,0.0105738927203702,128,54,0.0378800135101739,128,54,"2"
"PHPR5",0.00512527896116153,108,15,93,0.0271952570216985,0.00439807716698684,109,16,0.0157513811795888,109,16,"2"
"PHR30",0.0217775054523528,169,107,62,0.0312640618333177,0.0229602080239744,181,119,0.0822189061811004,181,119,"2"
"PHR36",0.0074630906459876,177,26,151,0.0196103358966482,0.00656320463312359,182,31,0.0235046384451629,182,31,"2"
"PHR47",0.0245125288022825,272,119,153,0.0187750842311196,0.0261602260863555,281,128,0.0936744515513167,281,128,"2"
"PHR63",0.0183647972782495,185,90,95,0.0268398166080982,0.0199849694337183,199,104,0.0715594544739326,199,104,"2"
"PHT10",0.0239581196939696,174,114,60,0.032157337617992,0.0258448195540649,186,126,0.0925410858675044,186,126,"2"
"PHTM9",0.0269709168367825,141,130,11,0.043729069992052,0.0301670155193437,153,142,0.108020874398494,153,142,"2"
"PHV63",0.0135052651139363,201,62,139,0.0213585164315976,0.0130543039819023,216,77,0.0467495576193534,216,77,"2"
"PHW30",0.0254989213342698,237,124,113,0.0245469371583806,0.0275820216127211,246,133,0.0987615305592927,246,133,"2"
"PHW43",0.0186042521970111,158,92,66,0.0308215288027938,0.0118573608292649,130,64,0.0424834037791868,130,64,"2"
"R181B",0.0305641644758661,148,140,8,0.0452846726319854,0.0177510342621129,107,99,0.0636123432405238,107,99,"2"
"R226",0.0201847455607222,199,98,101,0.0261996705196477,0.0219013031625341,213,112,0.0784210306377504,213,112,"2"
"R71",0.0205286721176939,210,101,109,0.0251302467439641,0.0221366645229178,222,113,0.0792700813145474,222,113,"2"
"R78",0.0242643055425051,222,117,105,0.0253892781575579,0.0214228444601835,215,110,0.0767208756634024,215,110,"2"
"SD101",0.0534788166225182,241,171,70,0.0303531991920602,0.0367192259439164,227,157,0.131538996965485,227,157,"2"
"SD107",0.0135389997918939,151,63,88,0.0280558773339339,0.0154184371836315,177,89,0.0552108955948742,177,89,"2"
"SD40",0.0377723675306999,196,161,35,0.0356953019417188,0.0334829759186699,183,148,0.11991401891069,183,148,"2"
"SD44",0.0178172710523974,134,88,46,0.0336430070343746,0.0104801024108595,98,52,0.037563082112972,98,52,"2"
"TZU-CHIAO-HSI-WU 105",0.00294830533810372,105,6,99,0.0264237357534196,0.00248228516739905,107,8,0.0088902449265386,107,8,"2"
"Va26",0.0204455522462143,245,100,145,0.0204754386437467,0.0217961376496988,256,111,0.0780470928159273,256,111,"2"
"Va35",0.00998244454043635,132,41,91,0.0273569031124049,0.00602042741428732,118,27,0.0215777041160566,118,27,"2"
"Va99",0.0174413531495104,100,86,14,0.0420399439427936,0.0134931784274428,96,82,0.0483283456092949,96,82,"2"
"W22",0.0122125228310774,174,57,117,0.0244118307417813,0.0103532794585195,167,50,0.0370798256398498,167,50,"2"
"W24",0.0286035530364244,277,133,144,0.0206035479140195,0.026698185944966,273,129,0.0956123060197693,273,129,"2"
"W552",0.00285794250132529,120,5,115,0.0244644813624902,0.0017163345336896,118,3,0.00615089828735788,118,3,"2"
"W605S",0.0122115010508948,93,56,37,0.0354938682463581,0.0123827225843087,105,68,0.0443423701853957,105,68,"2"
"W607S",0.0143272038548475,226,67,159,0.0181890501446091,0.0150087099286307,244,85,0.0537466194147515,244,85,"2"
"W612S",0.00221227028489228,151,3,148,0.0200640639577156,0.00235466904321156,154,6,0.00843128390286606,154,6,"2"
"W614S",0.0166451533949389,169,80,89,0.0279496010011841,0.0105072445295699,142,53,0.0376471194264987,142,53,"2"
"W64A",0.0145022691437015,154,70,84,0.0285627915555681,0.0154753072407111,174,90,0.0554115935013486,174,90,"2"
"W701BC",0.0330266112688065,202,150,52,0.0331114425674658,0.0355324809714887,207,155,0.127229015854859,207,155,"2"
"W810G",0.00679681148825493,89,21,68,0.0305153344732092,0.00388676625707932,82,14,0.0139295754786934,82,14,"2"
"W8304",0.0360838240087335,174,157,17,0.0412403864326873,0.0368151234345594,175,158,0.131837475746545,175,158,"2"
"W9",0.0228004664245242,194,112,82,0.028760213121896,0.0244365675838137,205,123,0.0875039855090775,205,123,"2"
"WU-TAN-TZAO",0.0124727496142906,221,58,163,0.0177246717529441,0.00933723557298334,208,45,0.03344436378388,208,45,"2"
"YING-55",0.0564843964861869,253,172,81,0.0287657058649328,0.0638392434745337,253,172,0.228595809906728,253,172,"2"
"Yu796 NS",0.0106656480036952,156,44,112,0.0247084478649581,0.00636271151521616,141,29,0.0227993420808179,141,29,"2"
"3IJI1",0.0362846023484661,145,92,53,0.0598916494202512,0.0329993984236232,145,92,1.11468360517653,145,92,"3"
"4N506",0.0674660722199531,285,144,141,0.0402343417311729,0.0605669807626821,285,144,2.04588972771576,285,144,"3"
"6M502",0.034161793620408,157,88,69,0.0568947102144392,0.0262865432918511,147,78,0.88789764113227,147,78,"3"
"6M502A",0.0253214235977258,188,68,120,0.0467408800849678,0.0229842548429322,190,70,0.776384563939564,190,70,"3"
"764",0.0316174978080363,188,80,108,0.0498004093111969,0.0285064933440927,192,84,0.962922351118072,192,84,"3"
"78010",0.0144476315334247,71,31,40,0.063368738702853,0.0131768424703472,84,44,0.445097582225987,84,44,"3"
"87916W",0.0172142438126399,127,48,79,0.0550252813537277,0.00755409103772646,101,22,0.255110419130356,101,22,"3"
"A",0.0476071297088937,269,115,154,0.0351222966030558,0.0429274974156289,269,115,1.45005024759563,269,115,"3"
"A239",0.030073710056519,187,77,110,0.0492093793619396,0.0271237485982713,190,80,0.916214604821977,190,80,"3"
"A305",0.0242240351404057,164,63,101,0.0503222328588002,0.0217375193697889,163,62,0.734270492872828,163,62,"3"
"A572",0.0144702458906292,111,33,78,0.0551545790279186,0.0131581326049588,121,43,0.444467413797267,121,43,"3"
"A632",0.0318324225297993,148,82,66,0.0572248768066705,0.027177407703586,147,81,0.917998354606374,147,81,"3"
"A648",0.059033460700314,189,138,51,0.0602223872322913,0.0529446571890765,189,138,1.78841354844868,189,138,"3"
"A663",0.0456484067852415,251,112,139,0.0418129730699864,0.0411160774352625,251,112,1.3888617209804,251,112,"3"
"A672",0.0129192744192858,70,26,44,0.0615964307929362,0.0062007321238028,62,18,0.209416567130727,62,18,"3"
"A679",0.0170411029762834,129,45,84,0.0542620067405928,0.00797572090587828,108,24,0.269359487784457,108,24,"3"
"A682",0.0154192603664689,85,38,47,0.0611223453415914,0.0120869503408232,84,37,0.408268453391395,84,37,"3"
"A73",0.0403001995753943,145,103,42,0.0628677102282677,0.0362447838007253,143,101,1.22431308509472,143,101,"3"
"AQA3",0.0267951396735751,166,72,94,0.0516148354918916,0.0229240112728527,163,69,0.774327331420404,163,69,"3"
"AS6103",0.0271036460818701,197,74,123,0.046510250165869,0.0245555540777889,198,75,0.829462604638228,198,75,"3"
"AusTRCF 306238",0.061234320516316,312,142,170,0.0296251194776741,0.0551748543443283,312,142,1.86375400041278,312,142,"3"
"B-18 INBR.FR.SUPERGOLD",0.00664467822358336,67,11,56,0.058857971700153,0.00594200344628064,73,17,0.200713580340563,73,17,"3"
"B103",0.0538124283551308,241,129,112,0.0481508159350761,0.0486701274115295,241,129,1.64403058602026,241,129,"3"
"B108",0.0195105340153081,146,57,89,0.0524050267415648,0.010023990625791,119,30,0.338549200502785,119,30,"3"
"B111",0.0133747997242262,77,28,49,0.0610092989993168,0.00312817376979609,56,7,0.105548805857942,56,7,"3"
"B115",0.0409003006986536,262,104,158,0.0340311242424409,0.0369870153357992,262,104,1.24938622819637,262,104,"3"
"B121",0.0477497623407978,246,116,130,0.0444210403181241,0.0429653950493213,246,116,1.45132916114588,246,116,"3"
"B14A",0.0343473985264462,231,91,140,0.0402558015506106,0.0314481508688502,231,91,1.06227232836581,231,91,"3"
"B2",0.0218803989496214,177,60,117,0.0470962617142917,0.0198214950572314,178,61,0.669550757077008,178,61,"3"
"B37",0.025544731303219,194,70,124,0.0458319562394298,0.0233053823553906,195,71,0.787217015187213,195,71,"3"
"B66",0.0455602251610013,242,111,131,0.0442517562882998,0.0410727226320831,242,111,1.38739763957333,242,111,"3"
"B68",0.050861765518471,272,125,147,0.0381450566641723,0.0464798278675388,272,125,1.57002623848318,272,125,"3"
"B73",0.03188774653154,123,84,39,0.0634610396030492,0.0258658045676097,116,77,0.873689529069616,116,77,"3"
"B76",0.044102100832011,138,108,30,0.0662805994830868,0.039855363736389,138,108,1.3462765253064,138,108,"3"
"B77",0.0564138199390082,287,134,153,0.0356173454340164,0.0509234710097787,287,134,1.72014688406817,287,134,"3"
"B79",0.011431494863525,150,18,132,0.0437638571823052,0.0012522062570472,135,3,0.0420540740661442,135,3,"3"
"B91",0.0563656443752428,153,133,20,0.072347522328663,0.0506752216913244,153,133,1.71175861082802,153,133,"3"
"BEI 10 = NORTH 10",0.00222065876666206,137,2,135,0.0435756677452207,0.000442968943924807,137,2,0.0149389582964865,137,2,"3"
"BO9",0.0719395334554717,299,151,148,0.0379138571098235,0.064525665822063,299,151,2.17960781115556,299,151,"3"
"CG102",0.0316046741292169,200,79,121,0.0465605737645015,0.0280822668476644,203,82,0.9485687325214,203,82,"3"
"CH701-30",0.0184563431696281,110,52,58,0.0585725365299323,0.016696328405558,115,57,0.563986043071152,115,57,"3"
"CH753-4",0.0926952961668382,176,160,16,0.0758565443059501,0.0840994749998338,176,160,2.84079519645738,176,160,"3"
"CR 22 INBRED",0.16165725486862,174,173,1,0.107450544741964,0.145777857554887,174,173,4.92423817891125,174,173,"3"
"DE811",0.0244500457602177,169,65,104,0.0500648519362432,0.0220753336110014,168,64,0.745683975992983,168,64,"3"
"DJ7",0.00444918259564873,101,5,96,0.0515197187844469,0.00399078374604895,108,12,0.134804401220782,108,12,"3"
"DK3IIH6",0.0108935853330026,79,17,62,0.0578033569297433,0.0099596772105414,91,29,0.336424241505837,91,29,"3"
"DK4676A",0.119519811670448,327,166,161,0.0327325464079836,0.10749243354177,327,166,3.6309884917581,327,166,"3"
"DK78002A",0.157350779681947,173,171,2,0.10427599284082,0.141938661924475,173,171,4.79455403447657,173,171,"3"
"DK78371A",0.0180114062740701,140,49,91,0.0522233478800871,0.0162668695271386,145,54,0.54947952327186,145,54,"3"
"DKFBHJ",0.0127964974993892,79,25,54,0.0595467981079059,0.00804174706488531,79,25,0.271620218194855,79,25,"3"
"DKMBNA",0.0393253371404575,130,97,33,0.0659396677145906,0.0357178938918053,131,98,1.20651312922185,131,98,"3"
"DKPB80",0.0689010448937521,157,146,11,0.0804940997862372,0.0621240710893848,157,146,2.09849231289673,157,146,"3"
"E8501",0.00649836812942467,107,9,98,0.0513285088746392,0.00585496051630537,113,15,0.197774982483239,113,15,"3"
"EAST 028",0.0136980937991369,64,30,34,0.0652798889030929,0.0122101799901012,72,38,0.41244194550391,72,38,"3"
"F118",0.073846920813558,300,155,145,0.0392543132546689,0.0665640231772759,300,155,2.24846952763205,300,155,"3"
"H113",0.015185475897134,124,37,87,0.0530013123288474,0.0138983707169063,133,46,0.46946691529925,133,46,"3"
"H121",0.0489594709750068,245,119,126,0.0456002338060854,0.0439268182664823,245,119,1.48380134658945,245,119,"3"
"H71",0.0537578573170923,278,128,150,0.0376483343325165,0.0487865705762881,280,130,1.64796061446751,280,130,"3"
"H91",0.0223864707968596,151,61,90,0.0523077698104364,0.00956581178523906,118,28,0.323042973830376,118,28,"3"
"H96",0.0713040824201032,319,150,169,0.030637702149246,0.064146379458942,318,149,2.1668018901514,318,149,"3"
"ICI 740",0.0149606188141488,88,36,52,0.0600030850405868,0.0127652060627897,92,40,0.431184482324824,92,40,"3"
"IDS28",0.0077533038719727,105,13,92,0.052176559335659,0.00695345732842221,111,19,0.234880299593591,111,19,"3"
"IDS69",0.0453965880012245,273,110,163,0.0323531738296286,0.0409160977066984,273,110,1.38210691485104,273,110,"3"
"INB 101LFY/LFY (A632 X M16 S5)",0.0396899249350939,161,100,61,0.0583785104328995,0.0363844838850566,163,102,1.22901109117744,163,102,"3"
"INBRED 2-687",0.0989361734933086,182,161,21,0.071864495443726,0.0892892454168145,182,161,3.01610658218242,182,161,"3"
"K150",0.0117820280480835,96,20,76,0.05566451724735,0.00393625338238544,86,10,0.132901384879907,86,10,"3"
"L 127",0.0490019885080435,222,120,102,0.0503143342400059,0.0442271141733076,222,120,1.49395025140076,222,120,"3"
"L 289",0.00972287344244699,115,16,99,0.0505983748354055,0.00804772902061202,125,26,0.271836074756205,125,26,"3"
"LH143 (Maintainer)",0.122036048979963,173,168,5,0.0919811375126597,0.110270575477086,173,168,3.72483591777185,173,168,"3"
"LH146Ht",0.0591166027248325,151,139,12,0.080205723827037,0.053651738305187,151,139,1.8123009625414,151,139,"3"
"LH149",0.0508414476215679,133,124,9,0.0825221555655515,0.0459204549735439,133,124,1.55114968647334,133,124,"3"
"LH166",0.0318771864896269,178,83,95,0.0515897763818555,0.0287904476626339,180,85,0.972514188946549,180,85,"3"
"LH181",0.0456857002163777,190,113,77,0.055574474287948,0.0415631358811245,191,114,1.40395673139219,191,114,"3"
"LH184",0.121099794474671,175,167,8,0.0834676391386437,0.109787066733056,175,167,3.70849818163725,175,167,"3"
"LH190",0.0592899948211724,262,140,122,0.0465257759201804,0.0538508974116268,262,140,1.81902704616137,262,140,"3"
"LH194",0.0696897459615148,307,148,159,0.0336902470748552,0.0633096599462935,307,148,2.1385337197073,307,148,"3"
"LH195",0.107744719094874,179,164,15,0.0790307037281932,0.097005517176611,179,164,3.27675284345634,179,164,"3"
"LH202",0.0129909262005873,91,27,64,0.057586198843622,0.00766865575053082,87,23,0.259013213909755,87,23,"3"
"LH205",0.0395610222591557,254,99,155,0.0348670810065962,0.0357463499798828,254,99,1.20747795230645,254,99,"3"
"LH206",0.15904165102697,175,172,3,0.100101891286963,0.143447758844701,175,172,4.84552982123942,175,172,"3"
"LH208",0.00246792710767361,75,3,72,0.0563614013038774,0.00221952525701204,77,5,0.0749733750422582,77,5,"3"
"LH214",0.0428724858049523,222,107,115,0.0474275606884746,0.0384889418815993,222,107,1.30011651759044,222,107,"3"
"LH215",0.0729223522872726,320,154,166,0.0310196903627965,0.0656926809505405,319,153,2.21903599388694,319,153,"3"
"LH295",0.00357913962732709,71,4,67,0.0569929550722537,0.00326815416605016,75,8,0.110394024236578,75,8,"3"
"LH82",0.0135013832997317,88,29,59,0.0584501811162982,0.012343981807384,98,39,0.41696277715076,98,39,"3"
"LP1 NR HT",0.0192148948041022,124,54,70,0.0567367288790662,0.0174321290044047,128,58,0.588839710188603,128,58,"3"
"LP5",0.0193883050975501,94,56,38,0.0636116302202499,0.0174846082775582,97,59,0.590613539138948,97,59,"3"
"M14",0.0390856116350044,236,94,142,0.0399427345565669,0.0350568334804663,236,94,1.1841822189243,236,94,"3"
"MBPM",0.00480189265958076,113,6,107,0.0498839457923649,0.00436832694292419,120,13,0.147557260193852,120,13,"3"
"MBWZ",0.0144529444596283,150,32,118,0.0467934629319394,0.0129909384378317,160,42,0.438820909324159,160,42,"3"
"MM501D",0.0583361370054602,299,137,162,0.0325715983615167,0.0523487683117814,299,137,1.7682862420838,299,137,"3"
"Mo5",0.0602439024603467,305,141,164,0.0323133079645388,0.0542567663547568,305,141,1.83274152837746,305,141,"3"
"MQ305",0.0116711849265425,107,19,88,0.0528398351568966,0.0103696677715393,119,31,0.350268740380877,119,31,"3"
"MS132",0.0145099107362069,148,34,114,0.0480447894714349,0.011977565062414,150,36,0.404577885211945,150,36,"3"
"MS211",0.0393101510336033,239,96,143,0.0395152986028504,0.035461362104932,239,96,1.19785134975746,239,96,"3"
"MS224",0.0394128755354902,195,98,97,0.0514805909909628,0.0355545666402448,194,97,1.2009997134223,194,97,"3"
"MS226",0.0321772604757148,237,85,152,0.0362923023758254,0.0291630173384439,239,87,0.98509798015223,239,87,"3"
"MS24A",0.0119826355129703,154,21,133,0.0437053842125297,0.0105496256091547,165,32,0.356346405588127,165,32,"3"
"MS71",0.0528994713617418,255,127,128,0.0448899845354546,0.0480683575077962,255,127,1.62369814157104,255,127,"3"
"N192",0.0446408196854873,131,109,22,0.0701720724080326,0.040429953579471,131,109,1.36568456487021,131,109,"3"
"N28Ht",0.057306918037382,302,135,167,0.030835676352515,0.0518231527464549,302,135,1.75053685773161,302,135,"3"
"N527",0.0158810031083359,98,43,55,0.0592214105648534,0.0141078972953021,104,49,0.476539169039999,104,49,"3"
"NC250",0.0688171157791,317,145,172,0.0285075829910307,0.0618330106339156,317,145,2.08865662054676,317,145,"3"
"NC294",0.100082602226903,330,162,168,0.0306869578889656,0.0904666187386907,330,162,3.0558767524504,330,162,"3"
"NC310",0.0711053740175844,159,149,10,0.0810485718276971,0.0643256456398154,160,150,2.17285892343561,160,150,"3"
"NC328",0.0539663274282045,276,130,146,0.0386198503973311,0.0486140176340277,274,128,1.64213503986121,274,128,"3"
"ND259",0.0392785563885573,251,95,156,0.0347325823664326,0.0352928237041248,251,95,1.19215594002257,251,95,"3"
"ND265",0.0156215887541627,105,40,65,0.0575842754347119,0.0140920918273162,113,48,0.476017564244357,113,48,"3"
"NKS8326",0.0743588687044212,327,156,171,0.0293299570392864,0.0673222115358965,327,156,2.27407930815498,327,156,"3"
"NQ508",0.0313390981651998,135,78,57,0.0588256990628532,0.0242645080864714,131,74,0.819598806268254,131,74,"3"
"NY6371",0.0342213042124534,152,89,63,0.0577562556901676,0.0306175438825059,152,89,1.03422395892747,152,89,"3"
"Ny821",0.0244143212577019,146,64,82,0.0546012972810265,0.0222105438687187,147,65,0.750247619720148,147,65,"3"
"Oh40B",0.0171144697259572,155,46,109,0.0497222397928046,0.00806480504458129,136,27,0.272368899424051,136,27,"3"
"Oh43",0.127633168801568,176,170,6,0.0901061380776073,0.115708613219928,176,170,3.90852218187211,176,170,"3"
"OQ403",0.11705595071853,178,165,13,0.0799279952768081,0.105845043606808,178,165,3.57534509168537,178,165,"3"
"Os420",0.0248559029384122,93,67,26,0.0671106330670211,0.0223277468123839,93,67,0.754208557333667,93,67,"3"
"OS602",0.0523931532941631,264,126,138,0.0420354634949709,0.0473214883514596,264,126,1.59847527474816,264,126,"3"
"Pa392",0.0158663733260007,115,42,73,0.056084771669824,0.0144399511444019,123,50,0.487765342401927,123,50,"3"
"Pa875",0.0695148007411026,165,147,18,0.074124432156131,0.063182338429102,165,147,2.13423180671787,165,147,"3"
"PH207",0.0119970111298308,72,22,50,0.0609996409451622,0.00236834154513863,56,6,0.0798683127138934,56,6,"3"
"PHBB3",0.0337686182276911,212,87,125,0.0456742075497974,0.0303605651966645,213,88,1.02554973731391,213,88,"3"
"PHG29",0.00010099057302992,106,1,105,0.0499937767857803,9.1411063540922e-05,106,1,0.00308777782563206,106,1,"3"
"PHG80",0.00542930385889458,79,8,71,0.056685066375223,0.00329357737104828,80,9,0.11124368590534,80,9,"3"
"PHG83",0.00532777303050707,44,7,37,0.0645326591216073,0.00476234260903234,51,14,0.160865956141946,51,14,"3"
"PHH93",0.0318205259914636,167,81,86,0.0530584124060816,0.0284668298568839,169,83,0.961575251666644,169,83,"3"
"PHHV4",0.0148510776567635,141,35,106,0.0499187658232667,0.0135968595792605,151,45,0.459281984167807,151,45,"3"
"PHJ70",0.0726178917616158,326,152,174,0.0219060373587109,0.0657761323506334,328,154,2.22185371662862,328,154,"3"
"PHJ89",0.0124419543178178,69,24,45,0.0615133500466444,0.0113824995791618,78,33,0.384484752934441,78,33,"3"
"PHJ90",0.00752850816125809,97,12,85,0.0536188147561973,0.00144280420995476,89,4,0.048650513087419,89,4,"3"
"PHJR5",0.125333854235456,176,169,7,0.0896145514318841,0.112694987335555,176,169,3.80672499811388,176,169,"3"
"PHK56",0.0551804215644521,297,132,165,0.0318778573881103,0.0499629395720778,297,132,1.68769978999009,297,132,"3"
"PHK74",0.0496764418839971,145,122,23,0.0682834368828827,0.0447371699266178,145,122,1.51117865711129,145,122,"3"
"PHKE6",0.0171865674884046,122,47,75,0.0558382538820235,0.0118401658664751,110,35,0.399925151840641,110,35,"3"
"PHN29",0.057869486639302,296,136,160,0.0333782407558179,0.0520942254897809,296,136,1.75969258797276,296,136,"3"
"PHN66",0.0244562105994423,107,66,41,0.062872578742097,0.0222227907815127,107,66,0.750662303301413,107,66,"3"
"PHP55",0.0411698251204352,138,106,32,0.0660446478496652,0.0374050363704888,138,106,1.26347937153318,138,106,"3"
"PHP76",0.0203942726092773,142,59,83,0.0544104773299511,0.0116519898460755,117,34,0.393549688612942,117,34,"3"
"PHPR5",0.00958176727827013,89,15,74,0.0560415055262974,0.00746634855717446,95,21,0.252195288110636,95,21,"3"
"PHR30",0.0481854140829762,145,118,27,0.0670423337183692,0.0432889002521814,144,117,1.46225512163105,144,117,"3"
"PHR36",0.0277350028837973,219,75,144,0.0394133937067804,0.0249879413505401,220,76,0.844068816237339,220,76,"3"
"PHR47",0.0180697690230086,187,50,137,0.0429351509132704,0.0162318728838834,190,53,0.548296142509695,190,53,"3"
"PHR63",0.0550429830777831,167,131,36,0.0646054146902347,0.0498625567150643,167,131,1.68430851873375,167,131,"3"
"PHT10",0.040062460792073,214,101,113,0.0481289394962576,0.0360074720096187,213,100,1.21629633056139,213,100,"3"
"PHTM9",0.0156128082054136,64,39,25,0.0675107394256155,0.0139988958982576,72,47,0.472867486735993,72,47,"3"
"PHV63",0.0184986014689484,182,53,129,0.0447956212758313,0.0165350017603738,185,56,0.55853158246156,185,56,"3"
"PHW30",0.0463254010439065,250,114,136,0.0433335670221888,0.0415579211264091,249,113,1.40378229127379,249,113,"3"
"PHW43",0.0411157577983029,224,105,119,0.046762770045167,0.0371713010081141,224,105,1.25561131834296,224,105,"3"
"R181B",0.080956295621319,171,157,14,0.0797625165255778,0.0731466192642941,171,157,2.47082375441729,171,157,"3"
"R226",0.00659789379001705,103,10,93,0.0517633609495308,0.00593954316741202,109,16,0.200632029467856,109,16,"3"
"R71",0.0269646914290832,176,73,103,0.0502966378257289,0.0240642773022006,176,73,0.8128583051843,176,73,"3"
"R78",0.0820830134725594,186,158,28,0.0670293242476336,0.0740664456389722,186,158,2.50189471752787,186,158,"3"
"SD101",0.194802854486619,178,174,4,0.09489234687599,0.176003635848419,178,174,5.94523671931642,178,174,"3"
"SD107",0.063138210606756,167,143,24,0.0677827375641632,0.0571265315453722,167,143,1.92967961612228,167,143,"3"
"SD40",0.0158000655037373,89,41,48,0.061043517252317,0.0129094171145314,89,41,0.436051900052389,89,41,"3"
"SD44",0.0401872606549639,162,102,60,0.0584231388441969,0.0364118559567521,163,103,1.229956833258,163,103,"3"
"TZU-CHIAO-HSI-WU 105",0.0122508830780786,91,23,68,0.0569008238975845,0.00397060051898708,79,11,0.134056314259831,79,11,"3"
"Va26",0.0378672557489897,242,93,149,0.0377813015847868,0.0339294811412527,242,93,1.14609991535902,242,93,"3"
"Va35",0.0297643337979905,119,76,43,0.0620675621786463,0.0265367514592642,122,79,0.896372961429738,122,79,"3"
"Va99",0.018155781298458,80,51,29,0.0667404768456183,0.0163820093013899,84,55,0.55336883044489,84,55,"3"
"W22",0.032325932844738,213,86,127,0.0449528648583209,0.0289450410046906,213,86,0.977730120797514,213,86,"3"
"W24",0.0495818316070626,255,121,134,0.0436275260289576,0.0443619663480334,255,121,1.49849417366322,255,121,"3"
"W552",0.00816953149265651,130,14,116,0.047422455126545,0.00727231502442473,136,20,0.245646121107649,136,20,"3"
"W605S",0.0203080877702287,93,58,35,0.0649096015334571,0.0185168134360427,95,60,0.625475519856055,95,60,"3"
"W607S",0.0342861460379918,241,90,151,0.0376430541429336,0.0312369015346207,241,90,1.05514594667589,241,90,"3"
"W612S",0.0500965125317715,280,123,157,0.0345376648429969,0.0452721748054225,280,123,1.52925128679792,280,123,"3"
"W614S",0.048053076812975,148,117,31,0.0660921048089648,0.0433597401913431,149,118,1.46465115131037,149,118,"3"
"W64A",0.0159761246652157,125,44,81,0.0546339728228075,0.014541821365486,132,51,0.491206317197502,132,51,"3"
"W701BC",0.0255586984476364,182,71,111,0.0490981896214535,0.02340599600354,183,72,0.790619816774089,183,72,"3"
"W810G",0.0241902264516968,162,62,100,0.0505487251814913,0.0218247245854725,163,63,0.737218614261409,163,63,"3"
"W8304",0.0728544060623409,170,153,17,0.0743546627659338,0.0654648898467091,169,152,2.21133795708019,169,152,"3"
"W9",0.0193684379919682,135,55,80,0.0546749693092199,0.0161502489767,132,52,0.545523365143419,132,52,"3"
"WU-TAN-TZAO",0.0845078670769124,332,159,173,0.0263867968454313,0.0764191735280533,332,159,2.58136708846569,332,159,"3"
"YING-55",0.106129102079745,182,163,19,0.0729868479562908,0.0957798470577927,182,163,3.23535298834174,182,163,"3"
"Yu796 NS",0.0254595763329735,115,69,46,0.0614415631466085,0.0227322172743624,114,68,0.767863993481258,114,68,"3"
"1538",0.0186480987305792,270,36,234,0.0764232628132403,0.00513511018796096,261,27,0.0254137752714088,267,33,"4"
"29MIBZ2",0.0720344327391668,312,294,18,0.109369668393385,0.0242270968462542,312,294,0.115959426739099,339,321,"4"
"2FACC",0.03732095621777,250,136,114,0.0913801078974986,0.0131667471234537,262,148,0.0594899081482338,277,163,"4"
"2MA22",0.00998198821166274,297,6,291,0.068054400766499,0.00278978042694381,297,6,0.0137505846160849,297,6,"4"
"3IJI1",0.0714070427269959,509,292,217,0.0779638115614368,0.0266862306736588,525,308,0.0886392997550694,483,266,"4"
"4226",0.0520642858320501,349,215,134,0.0882255863470205,0.0203981575002395,386,252,0.0595272014728564,298,164,"4"
"4N506",0.0792752603592833,549,316,233,0.0765980073794997,0.0288019487153271,551,318,0.118164466541045,560,327,"4"
"6M502",0.084039435488389,378,322,56,0.0998524403666154,0.0290872705331286,380,324,0.0924108160977723,336,280,"4"
"6M502A",0.0929017267435011,468,333,135,0.0881424274821302,0.031531753091566,470,335,0.117862591047871,461,326,"4"
"764",0.0361733511014551,313,131,182,0.0827445890486491,0.0139813256315141,347,165,0.0528376563706393,316,134,"4"
"78010",0.0427133951776705,256,157,99,0.0933917170317027,0.0140109256256669,265,166,0.0639330884168353,277,178,"4"
"793",0.0276910228825442,277,81,196,0.0805259858814112,0.00914418461962256,285,89,0.0439508904199798,294,98,"4"
"87916W",0.0763009388930346,393,308,85,0.0951865596892028,0.024237215370854,380,295,0.0914364814047096,362,277,"4"
"911",0.0273502847462568,137,79,58,0.0995624739481752,0.00741047425315807,117,59,0.0371298769920247,129,71,"4"
"912",0.0200126154167546,320,40,280,0.0701768862790833,0.00512544747824832,306,26,0.025889778059823,316,36,"4"
"91IFC2",0.0192966230949306,57,37,20,0.108894756084638,0.00525367275259995,49,29,0.0261200385183932,57,37,"4"
"A",0.0584486303897893,530,240,290,0.0683712249306077,0.0214042314526073,556,266,0.0631813152844225,465,175,"4"
"A208",0.035702252572861,429,123,306,0.0658927232919783,0.00807692502000732,377,71,0.0407258235756277,387,81,"4"
"A239",0.0418277244539681,298,150,148,0.0857263188778688,0.0159439119302203,353,205,0.0496767541132399,270,122,"4"
"A272",0.0257642312043639,384,70,314,0.0641493395974105,0.0102118757291276,420,106,0.0488739216427627,428,114,"4"
"A305",0.0463984370620886,374,177,197,0.0802439977539359,0.0148680016540501,379,182,0.0738491403661898,418,221,"4"
"A322",0.0384319846813557,338,137,201,0.0797819077386107,0.014468683395692,378,177,0.0691358243479129,407,206,"4"
"A334",0.0301036010965184,364,96,268,0.071821671836379,0.0100103619951279,372,104,0.0480022602005946,381,113,"4"
"A340",0.0488903676470443,245,192,53,0.100401501055341,0.0180988064515029,281,228,0.0864494594301768,313,260,"4"
"A374",0.0999136746623797,424,342,82,0.0954219760390135,0.0322979196810877,420,338,0.161641215709616,440,358,"4"
"A385",0.0104107302945231,255,8,247,0.0748500946529854,0.00242454256006334,251,4,0.0123041377644612,251,4,"4"
"A401",0.0566944350386815,534,232,302,0.066572938973068,0.0171016948391157,521,219,0.0832541751628734,552,250,"4"
"A427",0.0367684460093433,215,135,80,0.0958626418941144,0.0142712859201066,254,174,0.0429195188870297,172,92,"4"
"A548",0.0477630937901793,276,185,91,0.0943181965717082,0.0160914437112891,297,206,0.0770043405739861,321,230,"4"
"A572",0.0200426464395428,181,41,140,0.0874334377516537,0.00545144389056367,171,31,0.0274645722322616,184,44,"4"
"A619",0.0231696712660801,139,56,83,0.0954218428839968,0.00552276047122595,116,33,0.0280035261751876,128,45,"4"
"A627",0.0512014870916931,540,206,334,0.0603408509101283,0.0178913694238255,561,227,0.0854456064411939,591,257,"4"
"A632",0.0938394584199237,502,336,166,0.0843407463759799,0.031423444239317,499,333,0.158906082830451,520,354,"4"
"A635",0.0408533439915373,424,146,278,0.0705498503995801,0.0136807565683114,436,158,0.0659971501948808,468,190,"4"
"A641",0.0771482715360011,619,311,308,0.0654454722199049,0.0263215881560793,615,307,0.125826107526813,644,336,"4"
"A648",0.0787634303046598,544,315,229,0.0767727668410519,0.0309531171119483,558,329,0.136759619724543,574,345,"4"
"A663",0.0456149521527778,421,173,248,0.0747681336632022,0.00962019922196763,345,97,0.0445850496725584,349,101,"4"
"A672",0.0613549652446209,319,258,61,0.0988404746326133,0.0141722326479251,231,170,0.0714457793564424,276,215,"4"
"A674",0.0185072481147334,125,35,90,0.0944773301373204,0.00503899873840408,115,25,0.025052084001947,121,31,"4"
"A679",0.0362902377841439,311,133,178,0.0834974370191244,0.0118841443678317,310,132,0.0498029269255625,303,125,"4"
"A680",0.0221602266106727,121,48,73,0.0965201967825421,0.00635966930470823,114,41,0.0311793201851761,127,54,"4"
"A682",0.106627423087069,607,350,257,0.0740553992286715,0.0310318471379495,587,330,0.128037597416995,594,337,"4"
"A71",0.0497372228358041,228,201,27,0.106595271464145,0.0128561137265037,172,145,0.0635604157004177,203,176,"4"
"A73",0.0726499164426984,344,297,47,0.101674338375878,0.0227536632718342,328,281,0.113367262673895,363,316,"4"
"A797NW",0.0326413526831606,268,108,160,0.0846060421509839,0.0130386355526946,306,146,0.0624388911834442,334,174,"4"
"AQA3",0.0824473477181303,431,320,111,0.0915143308667712,0.0221273048279205,386,275,0.101351274239049,413,302,"4"
"AS6103",0.017775299036801,294,32,262,0.0724470899344646,0.00662841094162455,310,48,0.0225776009332227,287,25,"4"
"AusTRCF 306238",0.0544588719156982,586,223,363,0.0464600116668428,0.0134844166262319,517,154,0.0642885147194898,544,181,"4"
"B-18 INBR.FR.SUPERGOLD",0.0361426147968073,260,130,130,0.0893991635601648,0.0119165721582088,263,133,0.0604058100792371,298,168,"4"
"B-28",0.0686164687352812,370,286,84,0.0954028098841557,0.0233086928085814,368,284,0.111457454797852,396,312,"4"
"B103",0.0782593171636445,416,314,102,0.0928955679480675,0.0315687188342095,438,336,0.0930408940708819,385,283,"4"
"B104",0.0290968742892996,356,89,267,0.0718962294363866,0.00744512132892017,328,61,0.037780869626629,340,73,"4"
"B105",0.0423684223645797,333,154,179,0.0830262020199088,0.0146641233763161,358,179,0.0700513537015865,389,210,"4"
"B108",0.0764020108054623,419,309,110,0.0915444802652828,0.0172966339743394,332,222,0.0797611409216254,350,240,"4"
"B109",0.0959377112407639,589,340,249,0.0747377152782217,0.0349503490585533,593,344,0.166899552386728,610,361,"4"
"B110",0.0430793681088704,317,161,156,0.0849073556350283,0.0176659481115469,379,223,0.0497711086481706,280,124,"4"
"B111",0.0350517693216509,194,119,75,0.0964338592000636,0.0124678953728584,217,142,0.0440274488386535,174,99,"4"
"B115",0.0484489996614568,530,191,339,0.0586715221181512,0.0151867592671232,526,187,0.0544176671165403,480,141,"4"
"B119",0.0474923782572551,424,183,241,0.0753769712973297,0.0158319846178295,439,198,0.0758787686826026,470,229,"4"
"B120",0.141357041237486,385,363,22,0.108811531834818,0.0532612061282492,383,361,0.172403320510621,385,363,"4"
"B121",0.0524190079103765,438,217,221,0.0776479690767269,0.0199033208544635,468,247,0.0822902353694629,466,245,"4"
"B14A",0.0684165902631454,597,285,312,0.0649102415742021,0.0218395689245904,584,272,0.0911141650572485,587,275,"4"
"B164",0.0333202759766643,206,112,94,0.0938338624758335,0.00943064218919434,186,92,0.04635494269224,202,108,"4"
"B2",0.0492891177835293,468,195,273,0.0715691989388667,0.0167952844784532,490,217,0.0834008044308017,524,251,"4"
"B37",0.0710181660009526,510,290,220,0.0776511503387843,0.0215402924211392,489,269,0.0826305424392088,468,248,"4"
"B47",0.0177723051295318,247,31,216,0.0779954020908419,0.00776888938789292,284,68,0.023046487794696,242,26,"4"
"B57",0.0297081919865587,419,93,326,0.0619445702615322,0.010815009318122,445,119,0.0516448389138316,455,129,"4"
"B66",0.0591202714490098,423,247,176,0.0835200460700006,0.0230012076631085,459,283,0.0697440784449781,384,208,"4"
"B68",0.104311867361447,628,346,282,0.0698411584363703,0.0320587947893218,619,337,0.116952757995997,606,324,"4"
"B73",0.0649871736941253,349,271,78,0.0960303566363847,0.0225727742856157,356,278,0.112807065433134,392,314,"4"
"B75",0.0500134935407503,552,202,350,0.0535938793885462,0.0145993877312352,528,178,0.0713808324135248,564,214,"4"
"B76",0.0660083673001074,329,277,52,0.100775126193803,0.0158851079994285,252,200,0.078923461043816,289,237,"4"
"B77",0.0584496698238611,525,241,284,0.0695832072218289,0.0235575371404558,572,288,0.0670249239320896,482,198,"4"
"B79",0.0626993547476111,596,263,333,0.060862451843117,0.0193249140366853,574,241,0.0974232546620542,626,293,"4"
"B87",0.0664744494321002,341,278,63,0.0986417358442827,0.0221087377108459,337,274,0.106012746681065,371,308,"4"
"B88",0.0272150331353818,363,76,287,0.0691420719950687,0.00908311125513937,374,87,0.0435235307967178,382,95,"4"
"B91",0.0344651702506168,144,116,28,0.10636873794835,0.0133594477304716,178,150,0.0595507784039669,193,165,"4"
"B97",0.0243532048216223,338,62,276,0.0708993917188105,0.00744570878525725,338,62,0.0363096345531154,343,67,"4"
"BEI 10 = NORTH 10",0.0588912386013536,549,245,304,0.0661182183353158,0.0171283908228715,524,220,0.0865993601866026,565,261,"4"
"BO9",0.0348679570935121,188,118,70,0.0967771989929828,0.00865949229544227,147,77,0.0434724707155786,164,94,"4"
"CA-4",0.0658111097163081,513,274,239,0.0756796057933088,0.027747994592219,552,313,0.0826206834665353,486,247,"4"
"CG102",0.0587229743016107,420,243,177,0.0835093993952803,0.0197332190710906,421,244,0.089349696243307,447,270,"4"
"CH701-30",0.0314146079141005,221,102,119,0.0905920842430961,0.0076701250095078,184,65,0.0388308820447773,197,78,"4"
"CH711-10",0.0283874063247387,345,84,261,0.0725556272531577,0.0108062600556964,379,118,0.0360497872005278,327,66,"4"
"CH753-4",0.119861147037534,449,352,97,0.0936228029126931,0.0426573946124803,449,352,0.125171659105388,431,334,"4"
"CH9",0.129912386367946,455,357,98,0.09340172717804,0.048931247189877,456,358,0.163408951935948,457,359,"4"
"CI 40H",0.0590457896543018,290,246,44,0.102192808529012,0.0220555850236332,317,273,0.105368791442146,349,305,"4"
"CM105",0.0519682540219505,247,213,34,0.10408508643698,0.0140884365269682,202,168,0.0702587954347209,245,211,"4"
"CQ702RC",0.0532303520486801,322,221,101,0.0930354838336035,0.0189522438740779,337,236,0.0911205312812117,377,276,"4"
"CR 22 INBRED",0.127240408948011,356,355,1,0.132872060919591,0.0504316385892668,360,359,0.143556718213177,349,348,"4"
"DE2",0.027033133036016,225,74,151,0.085396434467014,0.00890628478834463,237,86,0.042888641779608,241,90,"4"
"DE3",0.0525209387801532,585,219,366,0.0325402037741064,0.0120999030096683,502,136,0.0614181281974677,538,172,"4"
"DE4",0.0360512637319273,267,126,141,0.0874105491753979,0.0122590049490557,279,138,0.0586155868023968,300,159,"4"
"DE811",0.0298470127293179,286,94,192,0.0811841261432492,0.0103687332443609,304,112,0.03848803521932,269,77,"4"
"DJ7",0.0420367277536205,318,153,165,0.0843660571841783,0.0141443777938394,334,169,0.0649519195278959,349,184,"4"
"DK3IIH6",0.024233872736705,167,61,106,0.0924671451773424,0.00929355921527539,197,91,0.0344161023947222,171,65,"4"
"DK4676A",0.102954193804173,520,345,175,0.0836940950848748,0.0395334179005135,523,348,0.17889839350819,539,364,"4"
"DK78002A",0.138856517135415,365,362,3,0.122667358468274,0.0566573220862808,367,364,0.159919324666823,360,357,"4"
"DK78010",0.00915608931222044,37,4,33,0.104318683813158,0.00322692916199297,40,7,0.0155223027332501,42,9,"4"
"DK78371A",0.0297059093713486,234,92,142,0.0873942130607864,0.0114058283018594,268,126,0.0397091420726677,222,80,"4"
"DKFAPW",0.0654274499853247,344,273,71,0.0966708762628675,0.022482308990533,348,277,0.107430789979434,381,310,"4"
"DKFBHJ",0.0203655136858286,158,45,113,0.0914015530718147,0.00671530082969937,162,49,0.0246956985846624,143,30,"4"
"DKMBNA",0.0621947600491007,374,262,112,0.0914381352649264,0.021323137786432,377,265,0.0741513637159344,335,223,"4"
"DKPB80",0.0428675594658594,175,160,15,0.112525881410689,0.0176707635228878,239,224,0.0560263287593732,162,147,"4"
"E8501",0.0464020369768561,311,178,133,0.0884639859702323,0.0156606462879979,328,195,0.0584014065602687,290,157,"4"
"EAST 028",0.0403398720505042,229,142,87,0.0949307002771389,0.0111910938573309,212,125,0.0529258164991142,222,135,"4"
"Eng-Li Chih",0.101830288959015,361,344,17,0.109744812515711,0.0398380869007026,367,350,0.120369110174839,347,330,"4"
"F118",0.0751055048759461,548,306,242,0.0751573937869523,0.0286172955284356,559,317,0.103596477536987,545,303,"4"
"F2834T",0.0416046326771542,414,148,266,0.0720827402731918,0.0137991265483616,426,160,0.0662141354560248,458,192,"4"
"FBLA",0.138186606403376,367,360,7,0.118106408875407,0.048443031306157,364,357,0.143599558502476,356,349,"4"
"FR19",0.045816050881505,520,174,346,0.0557081743453565,0.0136292900509267,501,155,0.0664634870412828,539,193,"4"
"H105W",0.0352755628235891,363,120,243,0.0751477780802656,0.0136412347644416,399,156,0.065382289349951,429,186,"4"
"H110",0.0211622934877956,230,47,183,0.0826630460559657,0.00698359664393908,237,54,0.0337739383452651,246,63,"4"
"H113",0.0136712075301911,212,17,195,0.0805533058271012,0.00525987230962111,225,30,0.017964731391729,211,16,"4"
"H121",0.0603233323613546,426,254,172,0.0838215326387721,0.0243539242757542,468,296,0.0998486158305946,472,300,"4"
"H122w",0.0164976142018158,253,26,227,0.0770425841333246,0.00497800893376198,248,21,0.0242962967380107,255,28,"4"
"H5",0.0344183487449376,147,115,32,0.10441817122949,0.0102396747800186,139,107,0.0499333636796366,158,126,"4"
"H71",0.0935357129868329,580,334,246,0.074963695941881,0.0315220450278506,580,334,0.0998426186266964,545,299,"4"
"H84",0.0664992356638214,589,279,310,0.0650942385808402,0.0271467654635702,620,310,0.081912603665049,554,244,"4"
"H91",0.049062112980706,398,193,205,0.079095118540549,0.0148121596796893,386,181,0.0645170338292892,387,182,"4"
"H95",0.044567151282129,498,166,332,0.0609057543571415,0.0155047745320581,523,191,0.0774183602641451,565,233,"4"
"H96",0.0731313348186441,594,300,294,0.067894048264312,0.0289849381940035,617,323,0.0847168781525179,548,254,"4"
"H99",0.0361229096110373,379,129,250,0.0746181094269806,0.00978026736797631,351,101,0.0489264573218554,366,116,"4"
"HP301",0.0160670509400795,286,22,264,0.0722112390150203,0.00399915727476536,277,13,0.019855921143952,285,21,"4"
"HUOBAI",0.0283497804757788,420,83,337,0.0594348923103657,0.0110313566751349,459,122,0.0527622342355549,470,133,"4"
"Hy",0.0311174630140118,461,99,362,0.0483640961315123,0.0103607775782378,473,111,0.0496686397086386,483,121,"4"
"I29",0.134685693853347,363,359,4,0.121780669407577,0.0543455238811519,366,362,0.159791051644402,360,356,"4"
"Ia 453",0.120145028418294,359,353,6,0.118644000441552,0.0471731045020846,362,356,0.13537384441918,349,343,"4"
"IA2132",0.041876807485435,188,151,37,0.103232705965446,0.0164300199475448,249,212,0.0786055887460854,273,236,"4"
"IBB15",0.0563648777972505,272,230,42,0.102293857653241,0.0127442871215177,186,144,0.0642696555355919,222,180,"4"
"IBC2",0.0195018367359782,181,38,143,0.0869061349233098,0.006431296795124,186,43,0.0309380788124207,196,53,"4"
"ICI 193",0.0416066827702944,322,149,173,0.0838110135023628,0.0158861494119846,374,201,0.0526183030244547,305,132,"4"
"ICI 740",0.0580101809821208,364,237,127,0.0901395739965402,0.014339892941489,302,175,0.0718503135430932,343,216,"4"
"ICI 893",0.0312205891813055,395,100,295,0.0677331218324993,0.00728651589164576,352,57,0.0365075426469314,364,69,"4"
"ICI 986",0.0659150522138311,474,275,199,0.0799348282063033,0.0236325751101366,488,289,0.112043039450866,512,313,"4"
"IDS28",0.04830389467592,359,190,169,0.0839313490545053,0.0156469012328941,363,194,0.0752349680073682,394,225,"4"
"IDS69",0.0202244294018363,400,44,356,0.0518909279212911,0.00687811044682856,408,52,0.0245591053037425,385,29,"4"
"IDS91",0.0467266420313777,540,179,361,0.0492496395631042,0.0122786440565766,501,140,0.0619276921314868,534,173,"4"
"INB 101LFY/LFY (A632 X M16 S5)",0.0765060297387661,510,310,200,0.079928491121252,0.0257422520729621,505,305,0.085870434470312,458,258,"4"
"INBRED 141",0.0560449849149729,546,227,319,0.0634258889427529,0.0204089402805477,572,253,0.0974590150737196,613,294,"4"
"INBRED 2-687",0.115495012393688,538,351,187,0.0815407755352326,0.0446256417243025,541,354,0.132605069593353,529,342,"4"
"INBRED 305",0.0640848468289675,622,269,353,0.0529690707526833,0.0153725868911003,542,189,0.067129023018668,552,199,"4"
"INBRED 321",0.049250902558431,541,194,347,0.0553166490921908,0.0165701706496904,561,214,0.0793074229586264,586,239,"4"
"K150",0.0496663496263803,294,199,95,0.0937090205510073,0.0123718158776337,236,141,0.056488681602079,244,149,"4"
"K41",0.0691312469718252,510,288,222,0.0775139785634498,0.0254098812778864,524,302,0.117786512000407,547,325,"4"
"K47",0.0403796685137035,335,145,190,0.0814363826485205,0.013379683570125,341,151,0.0645898823028208,373,183,"4"
"KUNG-70",0.036088714234962,399,128,271,0.0716206050042956,0.0082895823444013,344,73,0.0416540930034575,355,84,"4"
"L 127",0.0857028613475207,547,324,223,0.0774003331399744,0.0275537342542656,535,312,0.138435418585457,569,346,"4"
"L 139",0.0471199108762929,432,181,251,0.0745583766666625,0.0159152950920953,455,204,0.0598135607261324,418,167,"4"
"L 289",0.0574179425051678,380,233,147,0.0862541497513421,0.0201994987899908,396,249,0.0815549547483653,390,243,"4"
"LH1",0.0172112514692532,294,29,265,0.0721404637796203,0.00596493737667907,303,38,0.0284935743724001,312,47,"4"
"LH119",0.0222799231279246,79,49,30,0.10488439208248,0.00769632795984067,97,67,0.0367683740220088,100,70,"4"
"LH128",0.0237942012469193,167,58,109,0.0916420298916264,0.00870543490983955,187,78,0.0418055926375781,195,86,"4"
"LH143 (Maintainer)",0.133402075372032,379,358,21,0.108812436380828,0.0527582841850883,381,360,0.157226170077002,374,353,"4"
"LH146Ht",0.0984339746511616,360,341,19,0.109159690537198,0.030226720886017,346,327,0.11365417970008,336,317,"4"
"LH149",0.0448588840566213,170,168,2,0.123531529981005,0.0138104127768193,163,161,0.060778003530838,172,170,"4"
"LH165",0.0267725826149818,332,73,259,0.0731078977600416,0.00736144834865684,317,58,0.0364497557301174,327,68,"4"
"LH166",0.0427600996243315,297,158,139,0.0874559789423245,0.0163004939884905,349,210,0.0591058228515416,301,162,"4"
"LH181",0.0520170672669459,446,214,232,0.0766098638489503,0.0205127093856075,486,254,0.0673380093852716,433,201,"4"
"LH184",0.162505256191888,439,365,74,0.0964447144051011,0.0578715886104675,439,365,0.170847905816387,436,362,"4"
"LH190",0.0560407927729064,440,226,214,0.0780575411684493,0.0215268492544941,482,268,0.0728553141643934,434,220,"4"
"LH192",0.0362464510099466,418,132,286,0.0694949731443834,0.010345604107396,396,110,0.050694291327456,413,127,"4"
"LH194",0.0855983543772044,646,323,323,0.0627405144026095,0.0280426481315803,638,315,0.0877447359979852,587,264,"4"
"LH195",0.128818196440429,473,356,117,0.0908278605469345,0.0459057503374383,472,355,0.146205249065399,467,350,"4"
"LH197",0.0736414248786357,337,302,35,0.104042007208733,0.0269367786993483,344,309,0.128638786876917,373,338,"4"
"LH198",0.0399746141063787,165,140,25,0.107399475022811,0.0142094355640271,196,171,0.0678473595656443,229,204,"4"
"LH202",0.0514989586095942,336,211,125,0.0901825017355595,0.0167901099406797,341,216,0.0851104016681045,380,255,"4"
"LH204",0.0251093054078536,221,67,154,0.0849707659444061,0.00990382867587654,257,103,0.0473913383565027,265,111,"4"
"LH205",0.0165877961003557,381,27,354,0.0529527048428074,0.00520319787206823,382,28,0.0192627365211715,371,17,"4"
"LH206",0.144968091786858,374,364,10,0.1166115211472,0.0560081070909984,373,363,0.164127161910846,370,360,"4"
"LH208",0.0199678786576295,155,39,116,0.0911716213380973,0.00743227756304205,176,60,0.0258255977493065,151,35,"4"
"LH209",0.0538285424256899,246,222,24,0.107979103242505,0.0151114319117092,210,186,0.0741441922723811,246,222,"4"
"LH214",0.0620033431684501,405,261,144,0.0866202420726576,0.0234086072099143,431,287,0.0967274902137093,435,291,"4"
"LH215",0.0726653887718885,596,298,298,0.0672960903477674,0.0288455055155154,617,319,0.0832085571265072,547,249,"4"
"LH222",0.00687836038174552,50,1,49,0.101580914756146,0.00239910125975602,51,2,0.0114580984999039,51,2,"4"
"LH223",0.0166849522628593,135,28,107,0.0921157481573455,0.00564563921077448,143,36,0.027005097299826,148,41,"4"
"LH224",0.0813573706326743,655,319,336,0.0597222762944163,0.0289324833780316,658,322,0.139112197935901,683,347,"4"
"LH295",0.0224864458273598,222,52,170,0.0839242792625057,0.00759512684796288,234,64,0.0339041915258527,234,64,"4"
"LH60",0.0121820663812938,192,12,180,0.0829691887523113,0.00401388488540153,194,14,0.0193261536396666,198,18,"4"
"LH74",0.0275901046534004,185,80,105,0.092687113028821,0.00908882985890333,193,88,0.0437756476390594,201,96,"4"
"LH82",0.0392390172931023,198,138,60,0.09940826546898,0.0153530536932069,248,188,0.0446272159774069,162,102,"4"
"LH93",0.0462116634221104,492,176,316,0.0640498043144575,0.0134582864660139,469,153,0.0658246458905109,505,189,"4"
"LIBC 4",0.00873923196757457,68,3,65,0.0983476690141651,0.00240759914565549,68,3,0.0119135382173543,68,3,"4"
"LP1 NR HT",0.0132469187956185,165,16,149,0.0856787716053336,0.0050379530688946,173,24,0.0153397122161557,157,8,"4"
"LP5",0.0582179619417859,274,238,36,0.103982781087472,0.0212152739275785,298,262,0.0986747709338919,333,297,"4"
"M14",0.0285395412182071,385,85,300,0.0671123350747482,0.0116875501820366,430,130,0.0495618901133827,418,118,"4"
"MBPM",0.0403464541351939,362,143,219,0.0776917589270694,0.0106748673327963,334,115,0.0537926828516157,357,138,"4"
"MBWZ",0.0494332988254172,516,196,320,0.0633550317794146,0.0156811877513869,517,197,0.0669829644066473,517,197,"4"
"MM501D",0.0435933279631364,498,163,335,0.0603178777537035,0.017053740609197,553,218,0.0661889614820338,526,191,"4"
"Mo17",0.0861530721522224,603,326,277,0.0707508915132547,0.0272323678360775,588,311,0.131943694425725,618,341,"4"
"Mo1W",0.0235153964698623,260,57,203,0.0793254538872687,0.00855426335830941,279,76,0.0408487751578576,285,82,"4"
"Mo46",0.0291821446285375,433,90,343,0.0574010443525416,0.00952146409754234,438,95,0.0450245778666876,447,104,"4"
"Mo47",0.0575402520256212,391,234,157,0.0849060502200142,0.0191027256721272,394,237,0.0926916449122829,439,282,"4"
"Mo5",0.0519249779013182,560,212,348,0.0545536384804156,0.0150483120201199,533,185,0.0654591942521212,535,187,"4"
"MQ305",0.0320598145298841,268,104,164,0.0843872367808946,0.00948090188672063,258,94,0.0458313745569197,270,106,"4"
"MS116",0.047929540558764,333,187,146,0.0862910837647232,0.0167590043521913,361,215,0.0806467482493543,387,241,"4"
"MS132",0.0449428930609765,395,169,226,0.0772279284994253,0.0134474176937732,378,152,0.0569033345187749,377,151,"4"
"MS200",0.0512628456807021,469,209,260,0.07277090572637,0.0116540671391946,389,129,0.058690360141218,421,161,"4"
"MS211",0.0174343934262894,359,30,329,0.0613001933287866,0.0065720124288384,376,47,0.02200637946461,353,24,"4"
"MS221",0.0201943002901268,83,43,40,0.102547351115402,0.00468996910562723,57,17,0.0235181128543504,67,27,"4"
"MS224",0.0512329824685637,370,208,162,0.0845833062406875,0.0197017296981066,405,243,0.0892249281490736,431,269,"4"
"MS225",0.0717578132366514,537,293,244,0.0750616407497037,0.0172435003918834,465,221,0.0784452408128058,478,234,"4"
"MS226",0.0593435078369764,567,249,318,0.0636486504602593,0.0196987527303756,560,242,0.0785442434967005,553,235,"4"
"MS24A",0.0120207769822259,310,11,299,0.0672878184305986,0.00268479330897444,304,5,0.0132311702438812,304,5,"4"
"MS67",0.0354189153792625,477,122,355,0.0522952519818684,0.0139175031242846,518,163,0.0665885525820207,549,194,"4"
"MS71",0.0606950310260127,455,257,198,0.0800092691491034,0.0238485636414407,491,293,0.0674581115127648,400,202,"4"
"MS72",0.0780690356857524,594,313,281,0.0700964708766099,0.0211435545844672,542,261,0.105587943963851,588,307,"4"
"N192",0.0440627743840816,188,165,23,0.108597671796526,0.0106875111952214,139,116,0.0519325292550599,153,130,"4"
"N193",0.0480780895757813,260,188,72,0.0966338543012431,0.0143999819046701,248,176,0.0488811659370701,187,115,"4"
"N200",0.0426720790057294,507,156,351,0.0535532178221654,0.0097976162742517,453,102,0.049733321942316,474,123,"4"
"N201",0.0103883407936295,84,7,77,0.0960861840193171,0.00372461060813809,89,12,0.0179018559211696,92,15,"4"
"N209",0.0723848537111765,647,295,352,0.0532995087829303,0.0163317553269381,563,211,0.0824118845110037,598,246,"4"
"N211",0.0460212107914904,261,175,86,0.094932814525584,0.0106741352172551,200,114,0.0541748061820327,225,139,"4"
"N217",0.0431513031397008,254,162,92,0.0942777081261659,0.0156704345702485,288,196,0.0748289374268164,316,224,"4"
"N218",0.0602160700279902,611,253,358,0.051338962625655,0.0205693785458036,614,256,0.0983212346987789,654,296,"4"
"N28Ht",0.0600970561184736,592,252,340,0.0580403349347271,0.0205975753594364,597,257,0.0635795365701649,517,177,"4"
"N501",0.0341194510139692,417,114,303,0.0663139309171567,0.0115451180057788,431,128,0.0552243055165703,446,143,"4"
"N523",0.0561658348886422,241,228,13,0.113308030019115,0.0185089709690815,246,233,0.089387423235117,284,271,"4"
"N527",0.105222014301108,386,348,38,0.103130108549757,0.0334599368874795,381,343,0.149921270937911,389,351,"4"
"N534",0.040145502600152,217,141,76,0.0963579998606089,0.0108691794976451,196,120,0.0543401381098757,216,140,"4"
"N542",0.0512295898350103,549,207,342,0.0574575079313642,0.0121889618620669,479,137,0.0495937141201643,462,120,"4"
"N6",0.0308190897688095,415,98,317,0.0638378274506222,0.00711668685017357,373,56,0.0329445639305125,376,59,"4"
"NC250",0.0239561055561279,356,59,297,0.0673349414012311,0.00887055049187863,381,84,0.0287186436208731,345,48,"4"
"NC262",0.0331334657874108,468,111,357,0.0516870327512579,0.0109651676452426,478,121,0.0531257159707713,494,137,"4"
"NC294",0.0749222764890278,462,304,158,0.0847480216103537,0.0289294842485262,479,321,0.0861811394685096,417,259,"4"
"NC310",0.0669120174349962,293,281,12,0.113344842559804,0.0218146846761992,283,271,0.0698305923159999,221,209,"4"
"NC326",0.047162845750896,419,182,237,0.0760336934633252,0.0161269707389433,445,208,0.0770819297603113,468,231,"4"
"NC328",0.052094226038102,488,216,272,0.0716033284031786,0.0198039106087537,517,245,0.0610601930064542,443,171,"4"
"NC342",0.00856935189042028,226,2,224,0.0773146934223157,0.0034047819692848,234,10,0.0163068759460178,235,11,"4"
"NC412",0.0879051111001749,481,328,153,0.0850939541460233,0.0333735211215056,495,342,0.112837004675254,468,315,"4"
"ND259",0.0226177627555704,392,54,338,0.0593797265082897,0.00920972428219675,428,90,0.0261715286957658,376,38,"4"
"ND265",0.0397384330199877,239,139,100,0.093358456526244,0.0132434054828149,249,149,0.0583084534281982,256,156,"4"
"NK740",0.0735601930327003,628,301,327,0.0619064576405961,0.0250456727837539,626,299,0.119743241558031,656,329,"4"
"NK778",0.032586954968154,337,107,230,0.0767502993043963,0.01259520327183,373,143,0.0473312377405592,340,110,"4"
"NK807",0.0527669946508893,433,220,213,0.0781443185998024,0.0184152007772052,444,231,0.0879497555477251,478,265,"4"
"NKS8326",0.0923315237579376,656,332,324,0.0626313407296503,0.0324123459344215,663,339,0.097568984893851,619,295,"4"
"NORTH 7",0.064967510843102,553,270,283,0.069584834851685,0.0238458819593557,575,292,0.113883696316778,601,318,"4"
"NQ508",0.0632666841583951,398,266,132,0.0886006872236698,0.0158331576819364,331,199,0.0727969138987539,350,218,"4"
"NS501",0.0403662272893021,354,144,210,0.0785808232827279,0.0148019407816546,390,180,0.0710760546914057,423,213,"4"
"NS701",0.063720607954231,574,267,307,0.0656662690504384,0.0178534860193312,533,226,0.087611983662274,570,263,"4"
"NY6371",0.0562422722562806,433,229,204,0.0791236449591356,0.0185644234053179,438,234,0.0836572926417422,457,253,"4"
"Ny821",0.049564664059616,334,198,136,0.0879854987817049,0.0140514188470506,303,167,0.0582112127462377,291,155,"4"
"OH33",0.0155936722226316,305,20,285,0.0695162518289333,0.00468185733813408,301,16,0.0196514067234529,305,20,"4"
"Oh40B",0.0739985007127871,561,303,258,0.0739547263922545,0.0248569804421831,556,298,0.12495432247415,591,333,"4"
"Oh43",0.125840687714797,362,354,8,0.118030837413237,0.0441250111386873,361,353,0.131175861415672,348,340,"4"
"Oh7",0.0478842474901064,531,186,345,0.0566272747790149,0.0111602868406418,469,124,0.0566353599390458,495,150,"4"
"OQ403",0.105850779049295,400,349,51,0.100994347417975,0.0411198916758282,402,351,0.129187305281083,390,339,"4"
"OQ603",0.0287600840583422,100,86,14,0.112527314303598,0.00646318081668865,58,44,0.0326594035613801,71,57,"4"
"Os420",0.0116807014205454,76,10,66,0.0978600130561812,0.00485690119128238,86,20,0.0138954673985993,73,7,"4"
"OS602",0.058685872778631,453,242,211,0.0784898139656818,0.0224480908086998,487,276,0.0684376417267629,416,205,"4"
"Pa392",0.027235654770935,203,77,126,0.0901508659967044,0.007536529068799,189,63,0.0372700453655458,198,72,"4"
"Pa405",0.0255811312479561,276,68,208,0.0788534488014809,0.0068123816739423,259,51,0.0335800485980636,269,61,"4"
"Pa875",0.0806869441383433,449,318,131,0.0889719315017298,0.0313946590184349,463,332,0.124598966218299,463,332,"4"
"Pa880",0.0455741311305569,214,171,43,0.102215825987816,0.0102884377417051,151,108,0.0522011850763754,174,131,"4"
"Pa91",0.0288971997951089,343,88,255,0.0742677502380723,0.00952333356800034,351,96,0.0459953998310501,362,107,"4"
"PH207",0.0593370436998228,310,248,62,0.0987871816745764,0.0185003060135348,294,232,0.0937784272274131,347,285,"4"
"PHB09",0.0937126369410128,380,335,45,0.102151741137264,0.0367101552100888,391,346,0.116062242600672,367,322,"4"
"PHB47",0.0341094800250937,216,113,103,0.0928506742381766,0.0122624501597777,242,139,0.0585509700902384,261,158,"4"
"PHBA6",0.0360136928540395,151,125,26,0.1072053354766,0.00877413996035134,107,81,0.044443502077319,126,100,"4"
"PHBB3",0.0476890681046382,386,184,202,0.0794422276870478,0.0155797614072173,394,192,0.0508081367391276,330,128,"4"
"PHEG9",0.0750720269865882,321,305,16,0.110021970998382,0.0307160332776239,344,328,0.0866222193723588,278,262,"4"
"PHG29",0.0224433488016825,321,51,270,0.0716686932262565,0.00767035995167382,336,66,0.0272575505653109,313,43,"4"
"PHG47",0.0940466129239858,702,338,364,0.0440095364585667,0.0256477690986303,667,303,0.123573023199584,695,331,"4"
"PHG71",0.0322174162354327,136,105,31,0.104510958476163,0.0110840653912652,154,123,0.0529617816512403,167,136,"4"
"PHG80",0.0163021962932389,161,24,137,0.087958140144282,0.00498485980366041,159,22,0.0252765793741059,169,32,"4"
"PHG83",0.0317397681273891,132,103,29,0.105602378078729,0.0103694887834824,142,113,0.0336122754810936,91,62,"4"
"PHG86",0.0914644455471986,557,329,228,0.0769005295811173,0.029710582451761,554,326,0.15054670183968,580,352,"4"
"PHH93",0.0692500576235055,529,289,240,0.0755887479846099,0.0233779821173939,526,286,0.116148247160581,563,323,"4"
"PHHH9",0.036524663120969,284,134,150,0.0855353567496177,0.013652329689889,307,157,0.0652238953106987,335,185,"4"
"PHHV4",0.067739275457291,400,282,118,0.0906049542957393,0.022885474563585,400,282,0.0792245141530962,356,238,"4"
"PHJ70",0.068376389215399,649,284,365,0.0393827654714155,0.0207251405776481,624,259,0.0755591779960081,592,227,"4"
"PHJ89",0.0668412005027787,454,280,174,0.0837674323505866,0.0202320946807228,424,250,0.0835052860730223,426,252,"4"
"PHJ90",0.0250064897233264,245,64,181,0.0828308407833426,0.00881564744238417,264,83,0.0429191328552253,272,91,"4"
"PHJR5",0.104638764743849,356,347,9,0.1174637100299,0.0389252388164873,356,347,0.158967511667789,364,355,"4"
"PHK35",0.0249740570294625,104,63,41,0.102357314427864,0.00640267499821484,83,42,0.032043280393685,97,56,"4"
"PHK42",0.0322510428622526,235,106,129,0.0895886408268704,0.00875639274435671,209,80,0.0439497164749676,226,97,"4"
"PHK56",0.0866796344332639,642,327,315,0.0640819137511945,0.0288664652709775,635,320,0.0971606548295835,607,292,"4"
"PHK74",0.0446343307907163,234,167,67,0.0975050522985292,0.0142660969512615,240,173,0.0557051628623647,212,145,"4"
"PHKE6",0.0578950913938224,323,235,88,0.0946025248661708,0.0182203408137917,317,229,0.0605568556715325,257,169,"4"
"PHM10",0.00936303467202804,294,5,289,0.0689590486869191,0.00211753990912946,290,1,0.0107453390644439,290,1,"4"
"PHN11",0.0596403281842711,530,251,279,0.0703627360212181,0.0237928005379896,570,291,0.113899113977466,599,320,"4"
"PHN29",0.0548145795386778,550,225,325,0.0625441825296899,0.0184002903359095,555,230,0.0672560767603568,525,200,"4"
"PHN66",0.0330796539551215,214,110,104,0.0926972043053821,0.00962561558114486,202,98,0.0380642035759489,180,76,"4"
"PHN82",0.0524355180471005,427,218,209,0.0787117617014264,0.0178393869022913,434,225,0.0852946725080286,465,256,"4"
"PHP02",0.0547191121971571,477,224,253,0.0744137073299176,0.0189169969113499,488,235,0.090371262366571,526,273,"4"
"PHP55",0.067947170383206,329,283,46,0.101735294204837,0.0205411055347512,301,255,0.090112347059124,318,272,"4"
"PHP76",0.0614141449956454,484,259,225,0.0772481045954582,0.0149303088742441,408,183,0.0756924473988443,453,228,"4"
"PHP85",0.0604126509233907,565,256,309,0.0652494988808008,0.0226579815337143,589,280,0.077164671593289,541,232,"4"
"PHPR5",0.0201356530003503,194,42,152,0.085325368934344,0.00655165632035457,198,46,0.0327163826762816,210,58,"4"
"PHR03",0.0255860192179132,257,69,188,0.081485221380126,0.0087904198503619,270,82,0.0420050005102869,275,87,"4"
"PHR30",0.0423769517492598,244,155,89,0.0945102585230493,0.0154897986922114,279,190,0.063939835363702,268,179,"4"
"PHR31",0.0124223751233482,82,13,69,0.0970165983439787,0.00326976729595963,77,8,0.0164895126032877,81,12,"4"
"PHR36",0.0272375844472848,400,78,322,0.0627903962599646,0.00679339577805409,372,50,0.0299779436103341,373,51,"4"
"PHR47",0.025069950105285,340,65,275,0.0709910316790484,0.00830985269713482,349,74,0.0294863619000777,324,49,"4"
"PHR63",0.0632088966225535,433,265,168,0.0840045599576166,0.0256568093704147,472,304,0.0728034388797135,387,219,"4"
"PHT10",0.0689205728749632,499,287,212,0.0784742119817404,0.0216167006624487,482,270,0.106015494059368,521,309,"4"
"PHT47",0.046936800922462,473,180,293,0.0679725915870056,0.0138622464123544,455,162,0.0676641739661224,496,203,"4"
"PHT55",0.058376978890096,552,239,313,0.0647206198813527,0.0191479137725959,552,239,0.0925011944166247,594,281,"4"
"PHTM9",0.0604007145315286,370,255,115,0.091209222622011,0.0212392680399409,378,263,0.0906380168752101,389,274,"4"
"PHV37",0.0147703690777039,186,19,167,0.0841437650710291,0.00586808954865485,204,37,0.0281047102424323,213,46,"4"
"PHV57",0.0181050725496571,268,33,235,0.0762425874815962,0.00406254882615501,250,15,0.0205915788524036,258,23,"4"
"PHV63",0.0129907632803979,289,15,274,0.0715655825559445,0.00470357922671659,292,18,0.020127151863189,296,22,"4"
"PHVA9",0.0129421362062253,82,14,68,0.0974154260672066,0.00352776795990244,79,11,0.0177391558017139,82,14,"4"
"PHVJ4",0.0835855411212737,400,321,79,0.096022848848457,0.0283884042849175,395,316,0.135749519848156,423,344,"4"
"PHW03",0.0596349223834354,378,250,128,0.0898747797344185,0.0137264720979377,287,159,0.0696751416422202,335,207,"4"
"PHW17",0.0631217482310878,527,264,263,0.0722237212112415,0.0226528512392032,542,279,0.108873395863261,574,311,"4"
"PHW20",0.0480836874117478,517,189,328,0.0617261559983843,0.0191478931101397,566,238,0.0916572627616015,607,279,"4"
"PHW30",0.0710260747699402,506,291,215,0.0780563667412859,0.0212488262300923,479,264,0.0888546456885625,482,267,"4"
"PHW43",0.0420020445397373,359,152,207,0.0790053598099189,0.0161268113317937,414,207,0.0561516962328737,355,148,"4"
"PHW52",0.0159418981029444,142,21,121,0.0902885686310775,0.00561853916999393,156,35,0.0268292601217221,161,40,"4"
"PHW53",0.0639427192660565,617,268,349,0.0540466297925287,0.0207204285552578,607,258,0.0667465724975379,545,196,"4"
"PHW80",0.0301410583166475,335,97,238,0.0758665079082734,0.0115313932841014,365,127,0.0421127587395197,327,89,"4"
"PHWG5",0.035727494524998,330,124,206,0.0790425508350198,0.0120844875812582,341,135,0.0578063636907858,359,153,"4"
"PHZ51",0.0205122866091619,282,46,236,0.076065154283436,0.00648904353474343,281,45,0.0315792602341767,291,55,"4"
"Q381",0.0919552249259028,426,330,96,0.0936850970072884,0.0353622575378787,441,345,0.11389240359875,415,319,"4"
"R168",0.0650287387991885,524,272,252,0.0744758124012442,0.0245511324683726,549,297,0.0811729100115894,494,242,"4"
"R177",0.061650717809358,601,260,341,0.0574911149326054,0.0192270237108417,581,240,0.0932717355136977,625,284,"4"
"R181B",0.0920799978043751,379,331,48,0.101628070276375,0.0329081858868129,389,341,0.0957035938348711,338,290,"4"
"R226",0.0257827408009043,255,71,184,0.0822837007588515,0.00872670300749051,263,79,0.042079554052951,272,88,"4"
"R229",0.0225090657196966,176,53,123,0.0902285789457758,0.00792769023011972,192,69,0.0378560704554512,198,75,"4"
"R71",0.0946842238877695,393,339,54,0.100324100267471,0.0295490660314702,379,325,0.0988871469862363,352,298,"4"
"R78",0.086066001404054,480,325,155,0.0849234865428678,0.0328932770732381,495,340,0.118820985250346,483,328,"4"
"SD101",0.172864317075685,377,366,11,0.113490471628696,0.0660366577309363,377,366,0.226426961374555,377,366,"4"
"SD102",0.0242195079286429,141,60,81,0.0958431960147987,0.00806000716512679,151,70,0.038898015732886,160,79,"4"
"SD107",0.078014849225458,475,312,163,0.0845026305857955,0.0310840598712179,494,331,0.0889005343292397,431,268,"4"
"SD40",0.0142232922169477,156,18,138,0.0877279958593845,0.00485551038433614,157,19,0.0170954503909149,151,13,"4"
"SD44",0.101328323328871,407,343,64,0.098590969297123,0.028008799076073,378,314,0.12525351431048,399,335,"4"
"SG 30A",0.0312559352321379,422,101,321,0.0629109595487878,0.0120181205153872,455,134,0.0574600808930986,473,152,"4"
"T242",0.018274727495443,156,34,122,0.0902882186621013,0.00690837579207902,175,53,0.0330138227368519,182,60,"4"
"Tr",0.0277676227963095,175,82,93,0.0942352148781649,0.00888851043204719,178,85,0.0432275037039078,186,93,"4"
"TZU-CHIAO-HSI-WU 105",0.0360699458961956,288,127,161,0.0845868275629819,0.00823304512461195,233,72,0.0416668791079894,246,85,"4"
"Va26",0.0329344394060032,440,109,331,0.0610129453792394,0.0101529329258328,436,105,0.0492614473215766,448,117,"4"
"Va35",0.0938778101455894,568,337,231,0.0767244265728017,0.0253049385981311,531,300,0.0954676195909205,519,288,"4"
"Va52",0.0226664944209031,60,55,5,0.118941118778033,0.00708557778089824,60,55,0.029525710624072,55,50,"4"
"Va99",0.0266389567008067,129,72,57,0.0995845465867154,0.00947869134997781,150,93,0.0446934393812035,160,103,"4"
"W182E",0.0587626708285824,513,244,269,0.071750401821625,0.0142468622642793,441,172,0.0709736574736412,481,212,"4"
"W22",0.0428303042588875,345,159,186,0.0816283059035936,0.0162191330845101,395,209,0.0553782399889601,330,144,"4"
"W23",0.0756567155217187,362,307,55,0.10020678298057,0.0208247926183602,315,260,0.0915999190560978,333,278,"4"
"W24",0.0659178721517846,447,276,171,0.083822590246614,0.0258840673850744,477,306,0.105463840776489,477,306,"4"
"W32",0.0288465646261458,341,87,254,0.0743867115719244,0.0103165414911461,363,109,0.0495907502569952,373,119,"4"
"W37A",0.0163756681122424,326,25,301,0.06681445439826,0.00627385006920357,341,40,0.0194988644502366,320,19,"4"
"W552",0.025100799234139,354,66,288,0.0690045022364905,0.00547899259713083,320,32,0.0270125093489684,330,42,"4"
"W603S",0.0223359688746049,295,50,245,0.0750265740456984,0.00502154063069719,268,23,0.0254649252297579,279,34,"4"
"W604S",0.0725261388766867,552,296,256,0.074217862644515,0.0214072141120185,523,267,0.100605547784458,557,301,"4"
"W605S",0.051154096937646,244,205,39,0.102839865783364,0.0107822540240101,156,117,0.0546373913727559,181,142,"4"
"W607S",0.0730361834159699,604,299,305,0.0659191721962437,0.0236533052591407,595,290,0.0944446946687203,591,286,"4"
"W610S",0.0295079861060228,383,91,292,0.0680054853771346,0.00833051977506535,367,75,0.0409686224635736,375,83,"4"
"W611S",0.0514906357767086,506,210,296,0.0674755964230778,0.0198884591263378,542,246,0.0953284932999922,583,287,"4"
"W612S",0.0439670884834239,494,164,330,0.0610713578371465,0.0156201257091299,523,193,0.0455753034657956,435,105,"4"
"W614S",0.0414389107943671,255,147,108,0.0918973908590952,0.0159000479727459,310,202,0.0472005800745107,217,109,"4"
"W64A",0.0455765226895206,317,172,145,0.0865545546298445,0.0118099880602764,276,131,0.0595694470794255,311,166,"4"
"W701BC",0.0494416146321285,391,197,194,0.0806171393402343,0.0164753054866384,407,213,0.0558494583877109,340,146,"4"
"W803G",0.0353220122070378,432,121,311,0.0649350298220546,0.0139209071848111,475,164,0.066611798711909,506,195,"4"
"W809G",0.0500522845604362,392,203,189,0.0814603871492125,0.020349799994423,440,251,0.0580496615947844,343,154,"4"
"W810G",0.0497235646375167,418,200,218,0.077920254839562,0.0131369246285881,365,147,0.0656206493075485,406,188,"4"
"W811G",0.04548443135831,361,170,191,0.0812593905786131,0.01499331708386,375,184,0.0724349688827773,408,217,"4"
"W813G",0.0270707147995298,199,75,124,0.0902185228533065,0.0060753639273624,163,39,0.0307193364962855,176,52,"4"
"W8304",0.080609436559202,376,317,59,0.0995471699414376,0.0253701163293256,360,301,0.104271902348815,363,304,"4"
"W9",0.0346783980905428,302,117,185,0.0816495530685707,0.0096788192682187,284,99,0.0377910103046302,259,74,"4"
"WIL900",0.0161343116853426,367,23,344,0.056919036558657,0.0055400216491169,378,34,0.0266853451728005,383,39,"4"
"WU-TAN-TZAO",0.0565979019723463,590,231,359,0.0503539206253559,0.0233272586494511,644,285,0.0753558574567524,585,226,"4"
"YE 4",0.0501832499484877,564,204,360,0.0497179286270486,0.0159009012242885,563,203,0.0586636387433812,520,160,"4"
"YING-55",0.138637866382752,411,361,50,0.101174338402953,0.0397923678325694,399,349,0.18198538051327,415,365,"4"
"Yu796 NS",0.0299560107782237,215,95,120,0.0905416927614459,0.00971685893684823,220,100,0.0476456319383245,232,112,"4"
"ZS365",0.0579275603397525,395,236,159,0.0846077668974783,0.0199893779093392,407,248,0.0955009553119006,448,289,"4"
"ZS635",0.0111435812390178,202,9,193,0.0807726274616777,0.00329583236358774,202,9,0.0161078351236381,203,10,"4"
"1538",0.0341567486793483,333,123,210,0.065275290420216,0.0106199650149323,302,92,0.0323774143726417,302,92,"5"
"29MIBZ2",0.105134748650098,383,362,21,0.0926109216249461,0.0473023718092493,383,362,0.143972166657694,383,362,"5"
"2FACC",0.0390127690668533,230,143,87,0.0796554905521633,0.017476107565354,257,170,0.053189073654335,257,170,"5"
"2MA22",0.0272385299083317,377,90,287,0.0560716828944582,0.00814238981472186,348,61,0.0248195897615745,348,61,"5"
"3IJI1",0.0508570198761801,532,216,316,0.0517958218820268,0.0251626069275518,582,266,0.0765958992551876,582,266,"5"
"4226",0.00548873002797256,113,10,103,0.0777814810664585,0.00254784487497372,114,11,0.00775687346890426,114,11,"5"
"4N506",0.0521576152421783,363,222,141,0.0725862006052545,0.023454153843116,389,248,0.0713861104351207,389,248,"5"
"6M502",0.0684861374983802,355,292,63,0.0834908676411793,0.0233741195412331,308,245,0.0712217977323049,308,245,"5"
"6M502A",0.0827859005180255,412,335,77,0.0812294006683611,0.0328518932131672,400,323,0.100046269620277,401,324,"5"
"764",0.0161299913570724,167,31,136,0.0731821367106802,0.007487033007869,188,52,0.0227874942359937,188,52,"5"
"78010",0.0539440785012541,367,230,137,0.0730365944075217,0.0241654491880211,392,255,0.0735471919410368,392,255,"5"
"793",0.04113954591811,383,151,232,0.0629835576554372,0.0188134613514579,423,191,0.0572686191833617,423,191,"5"
"87916W",0.0539974136970696,314,231,83,0.0805182377261156,0.0250174617491548,345,262,0.0761654690662474,345,262,"5"
"911",0.0468889332170585,239,181,58,0.0838361404461747,0.0142284453789322,188,130,0.0433763932039857,188,130,"5"
"912",0.0192576733819443,356,46,310,0.0529845253986003,0.00612569432436535,344,34,0.0186758733939913,344,34,"5"
"91IFC2",0.0444590151188707,188,164,24,0.0923046292508624,0.0132913022368164,142,118,0.040514574910282,142,118,"5"
"A",0.0559015900346989,391,236,155,0.0712347802260551,0.0254367376035575,424,269,0.0774257822916844,424,269,"5"
"A208",0.0582249389046697,565,250,315,0.0522441301803142,0.0184965686117567,501,186,0.0563485940648187,501,186,"5"
"A239",0.0493710187456871,236,208,28,0.0909885101283279,0.0157186624638121,175,147,0.0478853797029191,175,147,"5"
"A272",0.0433292578434192,446,155,291,0.0554722362698741,0.0143023911005625,422,131,0.0435909238965766,422,131,"5"
"A305",0.0375067176308115,298,134,164,0.0703080487483059,0.0185646494310584,351,187,0.0565115268880094,351,187,"5"
"A322",0.0455743267072081,337,172,165,0.0703056104292314,0.0193630936190235,364,199,0.0589591166136023,364,199,"5"
"A334",0.023917010234923,310,76,234,0.0629547290527706,0.0109919889554124,331,97,0.0334654061781362,331,97,"5"
"A340",0.0768040886130852,393,317,76,0.0814042177452577,0.0344159990822468,407,331,0.1047443054224,407,331,"5"
"A374",0.0931927876244743,374,352,22,0.0923661379840363,0.042746208441514,379,357,0.130099093958233,379,357,"5"
"A385",0.0122161260653202,236,24,212,0.0650937136054434,0.00471755827227422,237,25,0.0143635731606005,237,25,"5"
"A401",0.0771160935274047,595,318,277,0.0570444860163926,0.0253196256087943,544,267,0.0771759110208109,545,268,"5"
"A427",0.0435937813604384,268,157,111,0.0770421139188943,0.0137956634649947,234,123,0.0420283762741749,234,123,"5"
"A548",0.05216022541318,269,223,46,0.0851165974487508,0.0237799012516059,298,252,0.0723739342136696,298,252,"5"
"A572",0.0392496980475472,341,144,197,0.0670001092272267,0.0122166518174912,309,112,0.0372453281541777,309,112,"5"
"A619",0.0248977735500789,138,78,60,0.083655529550216,0.00746487712559352,110,50,0.0227554947261295,111,51,"5"
"A627",0.0814513152013814,653,328,325,0.050551340636054,0.0365880007320054,663,338,0.111359978338962,663,338,"5"
"A632",0.103073814367813,533,359,174,0.0692208100718571,0.0481359893467218,537,363,0.146508334341553,537,363,"5"
"A635",0.0492088471173992,483,205,278,0.0569411317322808,0.0182993448541431,460,182,0.0557386027376551,460,182,"5"
"A641",0.0925902095639528,689,350,339,0.0472269409373246,0.0417648168215009,694,355,0.127109281179477,694,355,"5"
"A648",0.0849857820511264,592,338,254,0.0603381399299399,0.038431990308622,602,348,0.116977521167245,602,348,"5"
"A663",0.0165814443444388,168,33,135,0.0733932661189042,0.00507747840541601,163,28,0.0154794644665478,163,28,"5"
"A672",0.0482467197440069,230,194,36,0.087583785059045,0.0193211295099272,233,197,0.0588235333774581,233,197,"5"
"A674",0.022627333110297,204,72,132,0.0737591820232559,0.0101634071354591,218,86,0.0309335317072096,218,86,"5"
"A679",0.0323395543084554,299,117,182,0.0683060213917673,0.0154921831835469,326,144,0.0471552310198795,325,143,"5"
"A680",0.0174342180506581,80,37,43,0.0867108510078552,0.00760125511190258,97,54,0.0231441466861768,97,54,"5"
"A682",0.11528356135282,632,365,267,0.0577693368463073,0.0378117317646176,614,347,0.115258273969086,614,347,"5"
"A71",0.0688993807991022,309,295,14,0.094435396591578,0.0253378182161235,282,268,0.0771537413093976,281,267,"5"
"A73",0.0819639822191972,400,329,71,0.0824818695239902,0.0305062355116428,384,313,0.0929197297618496,384,313,"5"
"A797NW",0.0419812815374387,329,154,175,0.0691708620310137,0.0199511512059425,381,206,0.0607263629580747,381,206,"5"
"AQA3",0.0746605322613235,376,308,68,0.0828537245873659,0.0302421733622645,379,311,0.0920712396256289,380,312,"5"
"AS6103",0.0251027797643896,326,80,246,0.0609686122295267,0.0114816403553906,350,104,0.0349493704330131,350,104,"5"
"AusTRCF 306238",0.0598850657425657,610,257,353,0.0422345925601653,0.0191412550628882,549,196,0.0583574645449522,549,196,"5"
"B-18 INBR.FR.SUPERGOLD",0.0377694487187275,235,136,99,0.0785828497495502,0.0175932380446743,273,174,0.0535470831285471,273,174,"5"
"B-28",0.0756584558631668,352,313,39,0.0872560897282899,0.0345720602061559,371,332,0.105220177840618,371,332,"5"
"B103",0.0578201598651132,304,245,59,0.0837888818748555,0.0179998165040572,236,177,0.0548766721027272,236,177,"5"
"B104",0.0208773199656904,362,58,304,0.0536600892427281,0.00701258657806007,351,47,0.0213697523564815,351,47,"5"
"B105",0.0486597190623626,391,199,192,0.0674940806814629,0.0221446447987824,424,232,0.0673968601927297,424,232,"5"
"B108",0.0514046464469782,266,219,47,0.0850727224833032,0.0182037611943499,227,180,0.0554355443270475,227,180,"5"
"B109",0.111647883242164,639,364,275,0.0571588672415851,0.0522907604414541,640,365,0.15915493264318,640,365,"5"
"B110",0.00149193265285116,261,2,259,0.0590126129149305,0.00072422087684365,262,3,0.00220445687380742,262,3,"5"
"B111",0.0287963723247291,152,96,56,0.0840695088020422,0.0118114875181081,164,108,0.0359676334037524,164,108,"5"
"B115",0.0592220990247149,566,255,311,0.0529501919482648,0.0269351191518929,597,286,0.0819864430400658,597,286,"5"
"B119",0.0419006935911656,467,153,314,0.0523597035602217,0.0200262412574724,522,208,0.0609557101683839,522,208,"5"
"B120",0.0147473634833627,217,29,188,0.0678458987245169,0.00660654854286336,232,44,0.020106928892451,231,43,"5"
"B121",0.0364787164399386,303,131,172,0.0692955137406492,0.0164535034713581,329,157,0.0500754724160928,328,156,"5"
"B14A",0.0667368201714972,601,282,319,0.051686446992027,0.0306822222581103,633,314,0.0933824694605465,633,314,"5"
"B164",0.0289610556254834,150,98,52,0.0842580478419438,0.0114204645939055,155,103,0.0347801221576859,155,103,"5"
"B2",0.0580889280890167,514,248,266,0.0578442322057009,0.0260957147510351,544,278,0.079421126657007,544,278,"5"
"B37",0.0513279804871373,463,218,245,0.0610138091433503,0.0238027123970661,498,253,0.0724456707490294,498,253,"5"
"B47",0.0145036623404584,218,27,191,0.0675704555591148,0.00441174165630379,213,22,0.013449612726583,213,22,"5"
"B57",0.0523947825966831,548,226,322,0.0512867330983963,0.0235410448866075,571,249,0.0716501254710433,571,249,"5"
"B66",0.0254331100043671,189,82,107,0.0774992512294117,0.00776920677580431,164,57,0.0236854634343921,164,57,"5"
"B68",0.082968747788548,572,336,236,0.062090545645797,0.0374465534641377,581,345,0.113966885505976,581,345,"5"
"B73",0.0681369579006393,430,290,140,0.0725929774152569,0.0296730011773288,447,307,0.0903479310863762,446,306,"5"
"B75",0.0470255742976762,549,184,365,0.023816750314293,0.0215316981130364,588,223,0.0655320221444554,588,223,"5"
"B76",0.0751687537842539,424,310,114,0.076232730139107,0.0245109162480677,372,258,0.074728246782725,372,258,"5"
"B77",0.0318621641343987,317,113,204,0.0659829987730527,0.0145563337051345,340,136,0.0443022333745826,340,136,"5"
"B79",0.0741184051632963,648,306,342,0.0456487882656216,0.0336644732596504,670,328,0.102468851818088,670,328,"5"
"B87",0.067623727832463,302,286,16,0.093768778522847,0.0308973496697201,331,315,0.0940361676534275,331,315,"5"
"B88",0.0223574119294144,339,70,269,0.0574324972771093,0.0107118059302255,363,94,0.0326046913471263,363,94,"5"
"B91",0.0315528774953684,212,112,100,0.0784561652086,0.0103533205555781,190,90,0.031558229084949,190,90,"5"
"B97",0.0492798721002128,467,207,260,0.0588858934628327,0.0186150540188443,448,188,0.0566797191092587,448,188,"5"
"BEI 10 = NORTH 10",0.0588942042699022,536,253,283,0.0565100127154385,0.027456348978226,574,291,0.0835667675258708,573,290,"5"
"BO9",0.0209941343779318,61,59,2,0.107911362506228,0.0084973225449495,67,65,0.0258698316742916,67,65,"5"
"CA-4",0.0376834783227713,467,135,332,0.0500325395357315,0.0131294790855681,448,116,0.0400017189855654,448,116,"5"
"CG102",0.0559183340367481,354,237,117,0.0751945021592133,0.0254499882306943,387,270,0.077466203753065,387,270,"5"
"CH701-30",0.0507340093525117,394,214,180,0.0686333921011083,0.0154900392323021,323,143,0.047223385460447,325,145,"5"
"CH711-10",0.00168503243069759,223,3,220,0.0641074083385594,0.000557816313382069,222,2,0.00170055012425067,222,2,"5"
"CH753-4",0.0678173912609855,516,289,227,0.0634217798992311,0.0309841573248947,544,317,0.0943003583825045,544,317,"5"
"CH9",0.0230575622878183,362,74,288,0.0559612386497119,0.00889226300630721,355,67,0.0270822823013506,355,67,"5"
"CI 40H",0.0825056453516869,342,332,10,0.0966289100921348,0.0370991387889913,353,343,0.112909472221528,353,343,"5"
"CM105",0.0512636514553808,229,217,12,0.0951050977104008,0.0168183672581869,174,162,0.0512648496702964,174,162,"5"
"CQ702RC",0.0626071949457767,372,266,106,0.0776268302972129,0.0255364356597812,378,272,0.0777629763524019,378,272,"5"
"CR 22 INBRED",0.0581203345836986,281,249,32,0.0890937843648405,0.0264025048035082,314,282,0.0803647419858812,314,282,"5"
"DE2",0.0273710904927178,216,92,124,0.0744479148689574,0.012300569917942,237,113,0.037436215433958,237,113,"5"
"DE3",0.084099662317746,703,337,366,0.0156442771115827,0.0254589943222961,637,271,0.0775828537880838,637,271,"5"
"DE4",0.0319966073146852,203,115,88,0.0796260953985219,0.0158627588611143,238,150,0.0482882913102377,238,150,"5"
"DE811",0.0114687077866883,207,22,185,0.0682057944291552,0.00538520776032672,215,30,0.0163907962227614,215,30,"5"
"DJ7",0.050402565400906,419,213,206,0.065644332431548,0.0189181624421751,399,193,0.0576217697051008,399,193,"5"
"DK3IIH6",0.0115487480926902,103,23,80,0.0808463675385128,0.00522015164086987,109,29,0.0158873126779565,109,29,"5"
"DK4676A",0.0900100808826937,373,347,26,0.0917776010277449,0.0408816803609214,380,354,0.124422365546181,380,354,"5"
"DK78002A",0.0674675366843215,350,284,66,0.0832094027553975,0.0302231620232095,376,310,0.0919851584336298,376,310,"5"
"DK78010",0.0479777046622476,259,189,70,0.0825283629960446,0.0143886826967854,202,132,0.0438523317812198,203,133,"5"
"DK78371A",0.00842396161572579,135,17,118,0.075136022343537,0.0038091924562964,137,19,0.0115931216075157,137,19,"5"
"DKFAPW",0.0651687724102647,306,279,27,0.0915824584138357,0.0311885128017547,345,318,0.0949316314250142,345,318,"5"
"DKFBHJ",0.0166264463250947,143,34,109,0.0774478468887047,0.00602553503404474,142,33,0.0183483879285168,142,33,"5"
"DKMBNA",0.050164178109509,396,212,184,0.0682476691326028,0.0236315535581752,434,250,0.0719271724825774,434,250,"5"
"DKPB80",0.0580486448890719,311,247,64,0.083480058640753,0.0189464342429179,258,194,0.0577122816380125,258,194,"5"
"E8501",0.0530372498317782,366,228,138,0.0729482243970462,0.0175143399870986,310,172,0.0533800552934933,310,172,"5"
"EAST 028",0.0484191164385779,271,196,75,0.081606475056037,0.0159575457831557,227,152,0.04863647290839,227,152,"5"
"Eng-Li Chih",0.0752813772174615,419,311,108,0.0774975397724867,0.0275754027284809,402,294,0.0839679359484108,402,294,"5"
"F118",0.0289727253439294,251,99,152,0.0716004479767275,0.0130054273355237,267,115,0.0395814719793173,267,115,"5"
"F2834T",0.0389072675525987,469,142,327,0.0503132014365418,0.0180630279846762,506,179,0.0549765590222194,506,179,"5"
"FBLA",0.0813531627942313,357,327,30,0.0901321199272213,0.0365311620199405,367,337,0.111186669913952,367,337,"5"
"FR19",0.0455914193865733,528,173,355,0.0413549923716528,0.0196504561487269,558,203,0.0598325230939979,558,203,"5"
"H105W",0.055698857204007,432,234,198,0.0668605516250811,0.0250325856412959,461,263,0.0761855126550025,461,263,"5"
"H110",0.0206812931571676,216,57,159,0.0710118307383025,0.00926379052240531,233,74,0.0281942488969982,232,73,"5"
"H113",0.00385987463497227,237,9,228,0.0633808725054869,0.00154526702322931,237,9,0.00470581399043841,237,9,"5"
"H121",0.0466975565776795,292,179,113,0.0763076795403354,0.0209190913413528,330,217,0.063666953729187,330,217,"5"
"H122w",0.0143344585402187,249,26,223,0.063692743735652,0.00655018927882249,265,42,0.0199382606921127,265,42,"5"
"H5",0.0442003698706118,192,161,31,0.0893388586830895,0.014498037238039,165,134,0.0441927474401227,165,134,"5"
"H71",0.063874206457315,426,272,154,0.071263498112387,0.0293569255360023,458,304,0.0893488273677357,458,304,"5"
"H84",0.0200026512259687,267,52,215,0.0646939855630784,0.0064219958151142,254,39,0.0195792552881918,254,39,"5"
"H91",0.0372949782904256,336,133,203,0.0661207751884969,0.0169161802170908,369,166,0.0514838779895008,369,166,"5"
"H95",0.0565805748525609,524,242,282,0.0566638769342632,0.0199574429465015,489,207,0.0608011418818222,489,207,"5"
"H96",0.0269304009228165,296,88,208,0.0654635689782752,0.00902983971282236,278,70,0.0275173597016738,278,70,"5"
"H99",0.0272549040726866,398,91,307,0.0532082311880134,0.0101512609983056,392,85,0.0309199161349586,392,85,"5"
"HP301",0.0167217386474685,325,35,290,0.0555886319734158,0.00625853543794537,326,36,0.0190565459963403,326,36,"5"
"HUOBAI",0.035180822086852,468,127,341,0.0461283086514564,0.0138035047270445,465,124,0.0420380235428337,465,124,"5"
"Hy",0.0626104243964344,627,267,360,0.0370871191821081,0.0274524643311228,650,290,0.0835695213225767,651,291,"5"
"I29",0.0641342512648274,310,273,37,0.087427221826756,0.0260652647418968,314,277,0.0793543924631064,314,277,"5"
"Ia 453",0.0303710336375298,149,105,44,0.0865337967133121,0.0119440762833517,153,109,0.0363749909093212,153,109,"5"
"IA2132",0.0675435012312049,289,285,4,0.100567535642379,0.0302502698222375,316,312,0.0920669159762658,315,311,"5"
"IBB15",0.0607434032455586,280,261,19,0.0929665863386097,0.0193304474271129,217,198,0.0588884605445638,217,198,"5"
"IBC2",0.0193240104612637,253,48,205,0.0658478146068408,0.00660206706034932,248,43,0.0201166217292945,249,44,"5"
"ICI 193",0.00716299783850105,109,13,96,0.0789278209028485,0.00270018001655299,108,12,0.00822162930687786,108,12,"5"
"ICI 740",0.0475981261041419,297,187,110,0.077320272523716,0.0175003171051703,281,171,0.053306851182567,281,171,"5"
"ICI 893",0.0189978876459155,385,45,340,0.0467264677350105,0.00687267076037477,386,46,0.020928093772763,386,46,"5"
"ICI 986",0.0646696838006211,433,275,158,0.0710704262034138,0.029114473806942,458,300,0.0886084997073837,458,300,"5"
"IDS28",0.0585482706866636,417,251,166,0.0703004571426277,0.0211093785621038,385,219,0.0643048037153554,385,219,"5"
"IDS69",0.0446505510483855,508,165,343,0.0452217135223749,0.0139755430230007,469,126,0.0425788097634096,470,127,"5"
"IDS91",0.054316608619732,596,232,364,0.0297878081259685,0.0168447051392076,527,163,0.051354808159711,528,164,"5"
"INB 101LFY/LFY (A632 X M16 S5)",0.0487520120228837,450,200,250,0.060785078397074,0.0236576319763252,501,251,0.0720211985124577,501,251,"5"
"INBRED 141",0.0808756842845321,646,325,321,0.0515513034333963,0.03634895535671,656,335,0.110626355947131,656,335,"5"
"INBRED 2-687",0.0459382490162686,477,176,301,0.0536941505515283,0.0139965899167375,429,128,0.0426701552084108,429,128,"5"
"INBRED 305",0.0997620173084113,711,357,354,0.0419282460167838,0.0331824404572277,679,325,0.10106906892832,679,325,"5"
"INBRED 321",0.063864766387493,630,271,359,0.0375656521012509,0.0286152103269075,658,299,0.0870898017096156,658,299,"5"
"K150",0.0387336395650094,208,141,67,0.0830591450714348,0.0151634691307573,208,141,0.0461671790521358,208,141,"5"
"K41",0.0573039408358457,560,243,317,0.0517642452750292,0.0263728316056878,598,281,0.0802668395437962,598,281,"5"
"K47",0.0476476227480213,395,188,207,0.0655080891168756,0.0183208961397397,390,183,0.055798598005326,390,183,"5"
"KUNG-70",0.0221977016273118,395,69,326,0.0505066416610631,0.00746802637590184,377,51,0.0227456688013676,376,50,"5"
"L 127",0.0750766034602129,488,309,179,0.0686452035427166,0.0364595206127962,515,336,0.110979292248452,515,336,"5"
"L 139",0.0443786939552332,291,163,128,0.0740849665432835,0.0137100832837296,250,122,0.0417979898166734,250,122,"5"
"L 289",0.078055040688212,353,320,33,0.0886931258802404,0.0349665718476015,366,333,0.106421911592618,366,333,"5"
"LH1",0.0184944143734666,318,42,276,0.0570954040038041,0.00844620018281003,340,64,0.0257060132146371,340,64,"5"
"LH119",0.0294061412689489,117,100,17,0.0937060121897116,0.0133301361756153,136,119,0.0405698331323094,136,119,"5"
"LH128",0.038622204764913,283,140,143,0.0724186084235131,0.0173069286999597,312,169,0.0526732352301311,312,169,"5"
"LH143 (Maintainer)",0.078248464626212,444,321,123,0.0746427290982012,0.0366484119188809,462,339,0.111574155900003,462,339,"5"
"LH146Ht",0.103289453810282,452,361,91,0.079220446675949,0.046379576534352,452,361,0.141161370076178,452,361,"5"
"LH149",0.098152460397059,370,355,15,0.094076959862213,0.0398521805367829,368,353,0.121328141332025,368,353,"5"
"LH165",0.0306079442971522,370,106,264,0.0580093066927464,0.0100403423424027,346,82,0.0306057368852996,346,82,"5"
"LH166",0.0517826726415371,396,220,176,0.0690376166225253,0.0191388887257738,371,195,0.0582773398276938,371,195,"5"
"LH181",0.00350791148850447,276,6,270,0.0574140303415106,0.00123536608797278,275,5,0.00376361806074653,275,5,"5"
"LH184",0.0879312042219291,422,343,79,0.0808649012020023,0.0374106729381834,423,344,0.113912296999001,423,344,"5"
"LH190",0.0202917454571915,272,55,217,0.0644257189739764,0.00918253548498775,289,72,0.0279494880954242,289,72,"5"
"LH192",0.0677170210071871,553,288,265,0.0580057348472239,0.0249499477818718,526,261,0.0759723590042529,526,261,"5"
"LH194",0.0497637187022848,522,210,312,0.0525677268586978,0.0225031549693301,550,238,0.0684874347941777,550,238,"5"
"LH195",0.0812945105191914,565,326,239,0.0616296296665285,0.0242838067206453,495,256,0.0740195010301011,495,256,"5"
"LH197",0.090177465683128,366,348,18,0.0931221230298652,0.0419637324948709,374,356,0.127721273526636,374,356,"5"
"LH198",0.0464623672064307,185,178,7,0.0985755230906424,0.0219142491500713,235,228,0.0667004072185255,234,227,"5"
"LH202",0.0601828078806086,362,258,104,0.0777629094574856,0.027142936437321,392,288,0.0826082610952944,391,287,"5"
"LH204",0.0297883824699785,259,102,157,0.0710768516924259,0.0143962085088706,290,133,0.0438201872032786,289,132,"5"
"LH205",0.0699455295043412,631,298,333,0.049843591385732,0.0233122929119219,577,244,0.0710054714677617,577,244,"5"
"LH206",0.0218555618156685,166,65,101,0.0784363153925172,0.00991636807665026,180,79,0.0301801756858805,180,79,"5"
"LH208",0.026747903898094,214,87,127,0.0741006191718058,0.00892563208282895,195,68,0.0272113166000266,195,68,"5"
"LH209",0.0563458241882504,246,240,6,0.10014073954025,0.0241030477684272,260,254,0.0733754781935756,260,254,"5"
"LH214",0.0576075414451206,383,244,139,0.0729006545833764,0.0260460220350192,415,276,0.0792775920301933,415,276,"5"
"LH215",0.0205725496449159,255,56,199,0.0668026160444254,0.00981629169206219,276,77,0.029878635274809,276,77,"5"
"LH222",0.0211538927390838,115,60,55,0.0841372804800117,0.00631844168347671,92,37,0.0192589227503914,92,37,"5"
"LH223",0.0519170568891685,384,221,163,0.0703324753551363,0.0200804231213882,372,209,0.0611387916039911,372,209,"5"
"LH224",0.0926847410456056,695,351,344,0.0448301540191507,0.0390514803298686,695,351,0.118910641137194,695,351,"5"
"LH295",0.0330791179605982,350,120,230,0.0632210672580229,0.0148583821333027,369,139,0.045223253092006,369,139,"5"
"LH60",0.030338483522188,318,104,214,0.0648182065321108,0.0117151912724634,321,107,0.0356693054027075,321,107,"5"
"LH74",0.0202695896559806,184,54,130,0.0739939003300162,0.00962411548171447,205,75,0.0292933631081238,205,75,"5"
"LH82",0.0327260620822932,170,119,51,0.0842889881501474,0.00995376155470005,132,81,0.0303314936317619,132,81,"5"
"LH93",0.0522396037003116,563,225,338,0.048214464003136,0.0176542422361171,513,175,0.0537963240323153,513,175,"5"
"LIBC 4",0.0194999948873284,135,49,86,0.0800790509977302,0.00830066943398515,149,63,0.0252693873375875,149,63,"5"
"LP1 NR HT",0.016355536438644,185,32,153,0.0714260043233627,0.00505730472971577,180,27,0.0154090119908228,180,27,"5"
"LP5",0.0757662598637925,344,315,29,0.0902248855212978,0.0343901486552163,359,330,0.104677312391384,359,330,"5"
"M14",0.0184387149249445,303,40,263,0.0585956098800717,0.00852923114733971,329,66,0.0259593395321997,329,66,"5"
"MBPM",0.0378791251418536,299,138,161,0.0706863601278238,0.0172636619699266,329,168,0.0525417871684273,329,168,"5"
"MBWZ",0.0688114746475045,600,294,306,0.0533290013859042,0.0260999714889392,585,279,0.0794693966219539,585,279,"5"
"MM501D",0.00385309833282159,257,8,249,0.0608284631335819,0.00127678147710701,255,6,0.00388895030132784,255,6,"5"
"Mo17",0.103282493633209,621,360,261,0.0588041651885649,0.036930282304824,602,341,0.112503159059556,602,341,"5"
"Mo1W",0.031198675784835,340,111,229,0.063232047140413,0.0140931597184835,358,129,0.0428919181537666,358,129,"5"
"Mo46",0.0587910038104312,576,252,324,0.0509019099545466,0.0250883761644787,588,264,0.0763752796978994,588,264,"5"
"Mo47",0.0469718415060997,255,183,72,0.0823822606434434,0.0212233023973674,293,221,0.0645922093204084,293,221,"5"
"Mo5",0.0410137538366964,480,150,330,0.0500473108375846,0.0134630219492468,450,120,0.0410399933093315,450,120,"5"
"MQ305",0.0401425353214588,317,146,171,0.0694000979014691,0.0168631786220768,335,164,0.0513367440923976,334,163,"5"
"MS116",0.0578492652776987,339,246,93,0.0791478177252248,0.0267249240017993,377,284,0.0813390519531065,377,284,"5"
"MS132",0.0360786629606576,382,129,253,0.0603788259721983,0.0161814151663406,406,153,0.0492475567513056,406,153,"5"
"MS200",0.00654247552546914,360,11,349,0.0440153408634636,0.00232208881633616,359,10,0.00707136858922413,359,10,"5"
"MS211",0.0649411146801532,478,276,202,0.0661463677401955,0.0201931878689957,413,211,0.0615241831509284,413,211,"5"
"MS221",0.0186495468441913,121,43,78,0.0809890795028849,0.0060021169530389,110,32,0.0182839723687122,110,32,"5"
"MS224",0.0442380616789501,251,162,89,0.079624937527133,0.020163303345836,299,210,0.0613668247216397,299,210,"5"
"MS225",0.0469209470021279,326,182,144,0.0722205631759084,0.0164438527758909,300,156,0.0500775238105244,301,157,"5"
"MS226",0.0546068162649335,542,233,309,0.0530126731343442,0.0259023680726977,584,275,0.0788400550830531,584,275,"5"
"MS24A",0.00212463350198973,297,4,293,0.054708835115066,0.000745927558036817,297,4,0.0022725448737523,297,4,"5"
"MS67",0.0596944999888175,613,256,357,0.0402901869757201,0.026821882689126,642,285,0.0816311714641177,642,285,"5"
"MS71",0.0295759471257438,203,101,102,0.0784064160945334,0.0132655389466053,219,117,0.040374731204186,219,117,"5"
"MS72",0.0886893042095649,639,345,294,0.05454762049258,0.0294136619171534,599,305,0.0896707612300351,599,305,"5"
"N192",0.0339258225480113,130,122,8,0.0968221058571758,0.0104861273874025,99,91,0.0319691266647109,99,91,"5"
"N193",0.0405933698482115,185,147,38,0.0872801029115963,0.0121267831883129,148,110,0.0369622796281105,148,110,"5"
"N200",0.0753520622520616,668,312,356,0.0402960717586061,0.022802020410624,597,241,0.06948633834553,597,241,"5"
"N201",0.0201470535590345,94,53,41,0.0868619054617639,0.00661960217291495,86,45,0.0201766610214888,86,45,"5"
"N209",0.0691749073007505,659,296,363,0.0300171093477781,0.0219096947323622,590,227,0.0667474263115092,591,228,"5"
"N211",0.0676847817542692,337,287,50,0.0845306701081837,0.020522908473889,263,213,0.0625653059042254,263,213,"5"
"N217",0.0483482070813355,252,195,57,0.0838486835434265,0.0231785340194051,299,242,0.0705511295965316,299,242,"5"
"N218",0.101803645930803,708,358,350,0.0439163482884249,0.0462319299005413,710,360,0.140721907233402,710,360,"5"
"N28Ht",0.0480035747496823,491,191,300,0.0537882239027075,0.0215335839332169,524,224,0.0655366563649927,524,224,"5"
"N501",0.0441239216858467,488,159,329,0.0500939791641637,0.0197787258616689,533,204,0.0601959753614695,533,204,"5"
"N523",0.0606891706294241,261,260,1,0.108882983025242,0.0271847416930612,290,289,0.0827364656196842,290,289,"5"
"N527",0.095445232806197,362,353,9,0.0966618957072393,0.0437331708574371,367,358,0.133147394772747,367,358,"5"
"N534",0.045503294821851,234,169,65,0.0832801181777418,0.0153050681414525,207,142,0.0466609875977074,207,142,"5"
"N542",0.0777696876231854,656,319,337,0.0482196747312566,0.0234029574171251,583,246,0.0713218162262792,584,247,"5"
"N6",0.0508143875557583,520,215,305,0.0535187863362024,0.0158616123829479,454,149,0.0483257608287734,456,151,"5"
"NC250",0.0650073171206523,352,278,74,0.0818281131318645,0.0199275335215442,279,205,0.0607203435270261,279,205,"5"
"NC262",0.0490581391460203,564,203,361,0.034715227714713,0.0221920037488024,594,233,0.0675536835592563,594,233,"5"
"NC294",0.04942033068204,251,209,42,0.0868381084695669,0.0182210743554373,223,181,0.0555017830530633,223,181,"5"
"NC310",0.0409384382357674,169,149,20,0.092842176901773,0.0183474528363375,204,184,0.0558414552769232,204,184,"5"
"NC326",0.0489379705423361,482,201,281,0.0566668875994117,0.0227885652548994,521,240,0.0693596252715251,521,240,"5"
"NC328",0.00756129800756837,193,15,178,0.0687180024134119,0.00291618245537715,191,13,0.00887893624126176,191,13,"5"
"NC342",0.0198397256701801,288,51,237,0.0620634163508402,0.00708277907757822,285,48,0.0215768755977708,285,48,"5"
"NC412",0.0184181582011939,301,39,262,0.058625632183194,0.00901559689096128,331,69,0.0274431213995513,331,69,"5"
"ND259",0.026039036708415,387,85,302,0.05367379573444,0.0112327979121495,403,101,0.0341949969542971,403,101,"5"
"ND265",0.0364392026762631,214,130,84,0.0804222001201403,0.0163205920129776,238,154,0.0496716627195717,238,154,"5"
"NK740",0.0868938091947889,694,342,352,0.0424398088679024,0.0392852481029762,704,352,0.119563028352086,704,352,"5"
"NK778",0.0192649440585601,342,47,295,0.0544882565439274,0.00641478934097257,333,38,0.0195493644939543,333,38,"5"
"NK807",0.0643306167819932,505,274,231,0.0631054967861101,0.0291268816476686,532,301,0.0886465894407552,532,301,"5"
"NKS8326",0.0609358503213121,518,263,255,0.0596677802365753,0.0277763258647992,551,296,0.0845369985474177,551,296,"5"
"NORTH 7",0.0855658625330255,626,340,286,0.0561649882312307,0.038965906976521,636,350,0.118592210986248,636,350,"5"
"NQ508",0.0280204228985187,294,94,200,0.0667734543669768,0.0135999562272294,321,121,0.0413969114468323,321,121,"5"
"NS501",0.0437989112952581,382,158,224,0.0636547309148725,0.0209485783757574,442,218,0.0637751147037817,442,218,"5"
"NS701",0.0451852069735779,525,167,358,0.0392353071689694,0.0204086130614737,570,212,0.0621183501673142,570,212,"5"
"NY6371",0.0485639816738936,455,197,258,0.0592798685255394,0.0220065977681444,487,229,0.0669834470202512,487,229,"5"
"Ny821",0.0345064131138213,305,124,181,0.0683644287529275,0.0155205291253452,327,146,0.0472390577824984,327,146,"5"
"OH33",0.0501472233072302,398,211,187,0.0678745237564051,0.0187340610057406,377,190,0.0570433558664947,377,190,"5"
"Oh40B",0.0717816828227322,555,299,256,0.0595572110865677,0.0353092174003619,590,334,0.107490569738683,590,334,"5"
"Oh43",0.0823132370758526,366,331,35,0.0876322725301972,0.0374669338392955,381,346,0.114044166008625,381,346,"5"
"Oh7",0.0851147515141827,685,339,346,0.0445721712622509,0.0255837826216599,619,273,0.0779691186017038,619,273,"5"
"OQ403",0.0368831360574375,263,132,131,0.0737863644691819,0.0110317403451909,229,98,0.0336273393089044,229,98,"5"
"OQ603",0.0454885926974557,173,168,5,0.100184034626884,0.0146060630212266,142,137,0.0444942290367666,142,137,"5"
"Os420",0.0308172653736737,224,108,116,0.0759830245092823,0.0112054482769969,216,100,0.0341215040276137,216,100,"5"
"OS602",0.0146340753645749,222,28,194,0.06736207706388,0.00463364714609397,218,24,0.0141163298144939,218,24,"5"
"Pa392",0.0219446599753294,127,66,61,0.0836514896245245,0.0102532239427248,149,88,0.0312070936648892,148,87,"5"
"Pa405",0.0095359823198697,292,18,274,0.0572516004847689,0.00444334671720235,297,23,0.0135238560483028,297,23,"5"
"Pa875",0.0608954186397935,506,262,244,0.0610973051455968,0.0275621113405521,536,292,0.0838842382610633,536,292,"5"
"Pa880",0.0105799166072735,23,20,3,0.10120301528715,0.00348050267578048,21,18,0.0106101398053857,21,18,"5"
"Pa91",0.0252788712452496,384,81,303,0.0536635486024286,0.0115191153617398,408,105,0.0350583064320712,408,105,"5"
"PH207",0.0762437187235379,370,316,54,0.0841478775963476,0.0342698436212321,383,329,0.104304883323945,383,329,"5"
"PHB09",0.0735645953139272,522,303,219,0.0642230388624633,0.0225888583130619,458,239,0.0688287402872903,458,239,"5"
"PHB47",0.0350712002072916,247,125,122,0.0747105479156736,0.0155018673208036,267,145,0.0471986788669429,266,144,"5"
"PHBA6",0.0614989683152748,288,265,23,0.0923472007508634,0.0183824515106161,208,185,0.0560280514322874,208,185,"5"
"PHBB3",0.033158928857715,290,121,169,0.0699381874561449,0.00992849793322847,249,80,0.0302649463580916,249,80,"5"
"PHEG9",0.00359409619266925,97,7,90,0.0793849772162931,0.00152430208560715,98,8,0.00464139724942362,98,8,"5"
"PHG29",0.0109191155565205,301,21,280,0.0567063463855027,0.00412534627681631,301,21,0.0125649070043501,301,21,"5"
"PHG47",0.168461435290409,650,366,284,0.0564038585182148,0.0525123532975983,650,366,0.160096477208,650,366,"5"
"PHG71",0.0602334142972123,308,259,49,0.0849434085260672,0.0275693121307447,342,293,0.0839194887037189,342,293,"5"
"PHG80",0.0307603887829771,297,107,190,0.0676529880795361,0.0139843361636241,317,127,0.0425661169015923,316,126,"5"
"PHG83",0.0794085680971028,395,322,73,0.0820377443166122,0.0243541126475141,330,257,0.0742081276862461,330,257,"5"
"PHG86",0.098661623400668,624,356,268,0.0577051300689158,0.0448057540628624,627,359,0.136365162955894,627,359,"5"
"PHH93",0.0861215896029506,589,341,248,0.0608812751517073,0.0385788075267518,597,349,0.117415786870715,597,349,"5"
"PHHH9",0.0418471828469939,267,152,115,0.0760469588525207,0.0186688071563911,304,189,0.0568402390074868,304,189,"5"
"PHHV4",0.0486192327320198,292,198,94,0.0791149238571918,0.016808498559004,255,161,0.0512125772326427,254,160,"5"
"PHJ70",0.0697861590270984,659,297,362,0.0326975537074336,0.0318706876010945,682,320,0.0970152461555375,682,320,"5"
"PHJ89",0.0462011782285434,319,177,142,0.0725382238864583,0.0222741290698995,377,235,0.0677991715659762,377,235,"5"
"PHJ90",0.0353886785688107,341,128,213,0.0648745089082062,0.0158634040537208,364,151,0.0482798033077359,362,149,"5"
"PHJR5",0.0743985290039853,455,307,148,0.071887071756069,0.0248031416955682,408,260,0.075587949180456,408,260,"5"
"PHK35",0.0592131918610184,379,254,125,0.07436050912183,0.0232016250912763,368,243,0.0706402950788922,368,243,"5"
"PHK42",0.0649697830662825,445,277,168,0.0699417482960071,0.0195539323755546,370,202,0.0596090240854104,370,202,"5"
"PHK56",0.0564197714584193,539,241,298,0.0543160787991174,0.0279731919483743,596,298,0.0851542375059471,596,298,"5"
"PHK74",0.0211739260704214,173,61,112,0.0767966793991302,0.00755957722583479,165,53,0.0230293805430977,165,53,"5"
"PHKE6",0.0668062202731055,504,283,221,0.0639579697209302,0.0206143254329271,435,214,0.0628468626139436,435,214,"5"
"PHM10",0.0322999144759097,388,116,272,0.057400090713649,0.0100825890554901,355,83,0.0307187385567222,355,83,"5"
"PHN11",0.0797496579811349,559,324,235,0.0621546435939298,0.0317843174557332,554,319,0.0967940781659264,554,319,"5"
"PHN29",0.0457924820555705,417,175,242,0.0612685119556892,0.0139372514251906,367,125,0.0424891126757165,367,125,"5"
"PHN66",0.0537600346755944,380,229,151,0.071786610648668,0.0189110124529238,343,192,0.0575903419907965,343,192,"5"
"PHN82",0.0455644132683707,463,171,292,0.0547276609224472,0.022470046833943,528,236,0.0684045536420165,528,236,"5"
"PHP02",0.0455508832665191,343,170,173,0.0692774804991628,0.0222651724988716,407,234,0.0677815448259359,407,234,"5"
"PHP55",0.073179578877077,364,302,62,0.0835581837883866,0.0335188835297408,389,327,0.102030011814489,389,327,"5"
"PHP76",0.072498882675331,538,300,238,0.0618228025045591,0.0220652104998543,468,230,0.0672680102725692,468,230,"5"
"PHP85",0.0197331863439413,329,50,279,0.0568648598511857,0.00647801825430535,320,41,0.0197455149849943,320,41,"5"
"PHPR5",0.0238598324896109,245,75,170,0.069644249483507,0.0107192820905289,265,95,0.0326236481300555,265,95,"5"
"PHR03",0.0259183909482134,300,84,216,0.0646386232952441,0.0121641829270959,327,111,0.0370237207227114,327,111,"5"
"PHR30",0.0254995668286972,250,83,167,0.0700410957175181,0.00983073305624072,245,78,0.0299405152478566,245,78,"5"
"PHR31",0.0130134068353953,70,25,45,0.0851233185789455,0.0040036317688046,65,20,0.0122058016751606,65,20,"5"
"PHR36",0.0630431597534116,555,270,285,0.0563869559037209,0.0194209771769143,485,200,0.0591748466795895,485,200,"5"
"PHR47",0.0184873445908148,312,41,271,0.0574085734263683,0.00915129431963968,342,71,0.0278569062683113,342,71,"5"
"PHR63",0.0274581023458317,336,93,243,0.0611403272795193,0.0124894998992293,357,114,0.0380251924058821,357,114,"5"
"PHT10",0.0613959731357576,473,264,209,0.0653497879493968,0.0279461225763012,506,297,0.0850535860513982,506,297,"5"
"PHT47",0.047548935579329,517,186,331,0.050039980542967,0.0177810965741507,507,176,0.0541590773958379,507,176,"5"
"PHT55",0.0558044100492087,580,235,345,0.0447671252888644,0.0263220852390883,625,280,0.080135449753173,625,280,"5"
"PHTM9",0.0626319859676947,454,268,186,0.0680531877370838,0.0299018347783537,495,309,0.0910147320811293,495,309,"5"
"PHV37",0.0213261212848898,211,64,147,0.0719827389589964,0.00968625138526927,223,76,0.0294798629531209,223,76,"5"
"PHV57",0.0212336550552774,313,62,251,0.0607257584164486,0.00644266435005094,291,40,0.0196327445895654,291,40,"5"
"PHV63",0.00969404691715653,260,19,241,0.0612693366345222,0.00322654850570855,257,16,0.00983661224578396,257,16,"5"
"PHVA9",0.0160183669999088,78,30,48,0.0849794303566702,0.00492197105304524,74,26,0.015005489769791,74,26,"5"
"PHVJ4",0.110640942156784,445,363,82,0.0805745060972553,0.0495521599943769,446,364,0.150812202654357,446,364,"5"
"PHW03",0.022502807181676,304,71,233,0.0629708766703195,0.00776549397950622,289,56,0.0236603310312424,289,56,"5"
"PHW17",0.065450062294097,580,281,299,0.054250350460283,0.0324493949970565,620,321,0.0987803151287657,620,321,"5"
"PHW20",0.0737925448844572,628,305,323,0.0510371611438929,0.0334793701482801,649,326,0.101893474319863,649,326,"5"
"PHW30",0.0527494916011205,389,227,162,0.0704517093296898,0.0215353326791606,387,225,0.0655628067870033,387,225,"5"
"PHW43",0.00267434640751443,151,5,146,0.0721583622918262,0.00132730021878728,153,7,0.00404058469690067,153,7,"5"
"PHW52",0.0230494104583471,168,73,95,0.0790729024288808,0.0103515839103791,184,89,0.0315062355734929,184,89,"5"
"PHW53",0.0653469009214889,600,280,320,0.0516117773874343,0.029741542689217,628,308,0.0905291006540904,628,308,"5"
"PHW80",0.0186574502853342,204,44,160,0.0707092447852427,0.00623423814668523,195,35,0.0190065749664646,195,35,"5"
"PHWG5",0.0250147393941758,275,79,196,0.0670210380326366,0.0112630951818185,298,102,0.0342786882429853,298,102,"5"
"PHZ51",0.0171193222341079,258,36,222,0.0638931365859533,0.00768277674183178,277,55,0.0233832704007578,277,55,"5"
"Q381",0.0826162956114868,368,334,34,0.0877779919054701,0.0271262014170864,321,287,0.082682420656951,322,288,"5"
"R168",0.00721485812132654,134,14,120,0.074904158529801,0.00333359564344036,137,17,0.0101460192085748,137,17,"5"
"R177",0.0756663295005086,662,314,348,0.0440934332383027,0.0258386337212132,622,274,0.0787310211299356,622,274,"5"
"R181B",0.0560261185458166,359,238,121,0.0747601085735333,0.0250948135339644,386,265,0.0763758579042219,386,265,"5"
"R226",0.0324370655666644,311,118,193,0.0674839493174927,0.0145458115550953,328,135,0.0442696795102006,328,135,"5"
"R229",0.0398484087496012,295,145,150,0.0717960007752429,0.018054545587157,328,178,0.0549541886051242,328,178,"5"
"R71",0.0794733739351231,334,323,11,0.0956822021120985,0.0245294341462512,270,259,0.0747828808619594,270,259,"5"
"R78",0.0434998923005649,396,156,240,0.0613296095936384,0.0195175411975585,441,201,0.0594033977055535,441,201,"5"
"SD101",0.0450269282632815,235,166,69,0.0825674739920201,0.0207934027679689,285,216,0.0632860315320507,285,216,"5"
"SD102",0.0310077797469695,190,109,81,0.0806746357922486,0.0106407997125562,174,93,0.0324219242272173,174,93,"5"
"SD107",0.0441250092617911,361,160,201,0.0662173516201497,0.0165633311788795,359,158,0.050449307978313,359,158,"5"
"SD40",0.000927724779859414,184,1,183,0.0682716908711706,0.000441884066468809,184,1,0.00134499255761333,184,1,"5"
"SD44",0.0728482928167525,386,301,85,0.0803942027022507,0.0328599753993355,409,324,0.100007809976414,408,323,"5"
"SG 30A",0.0456309391131993,510,174,336,0.0487288344928249,0.0207896134776921,551,215,0.063272953029311,551,215,"5"
"T242",0.0467772528136193,391,180,211,0.0652597906655254,0.0146975056932496,349,138,0.0448091621252001,349,138,"5"
"Tr",0.0282399882903627,108,95,13,0.0949815654181438,0.00926236135810552,86,73,0.0282337621904895,87,74,"5"
"TZU-CHIAO-HSI-WU 105",0.0491601213039892,330,204,126,0.0743565485003602,0.0163919762296984,281,155,0.0499272287822487,281,155,"5"
"Va26",0.0318862207019773,411,114,297,0.0544154100060423,0.0108176125406363,393,96,0.0329628264357865,393,96,"5"
"Va35",0.0628888881524929,582,269,313,0.0525411331149747,0.0211611039434976,533,220,0.0645144299813295,533,220,"5"
"Va52",0.0561474550524293,264,239,25,0.0919027176047238,0.0168034442665127,185,160,0.0512213904807812,186,161,"5"
"Va99",0.0480970422423429,325,192,133,0.0736271393860368,0.0216439237401996,359,226,0.0658767526694417,359,226,"5"
"W182E",0.0972321474546679,601,354,247,0.0609212250038408,0.0326329948610162,569,322,0.0993924358953541,569,322,"5"
"W22",0.00806869016933806,108,16,92,0.0791710430490657,0.0029604633089877,106,14,0.0090177858098841,106,14,"5"
"W23",0.088241161800776,384,344,40,0.0870970284572868,0.0293048070183805,343,303,0.089343065489742,343,303,"5"
"W24",0.0492280624279148,311,206,105,0.0776353726304161,0.022116767275632,336,231,0.067315123044528,336,231,"5"
"W32",0.0385048722377787,364,139,225,0.0635517597374272,0.0175830014257692,398,173,0.053513862080224,398,173,"5"
"W37A",0.00694542269499024,301,12,289,0.0556209120704343,0.00316204813843791,304,15,0.00962484770896641,304,15,"5"
"W552",0.0288441087444375,415,97,318,0.0517481209358924,0.0101397169634178,402,84,0.0308788758209457,402,84,"5"
"W603S",0.0269518673347857,346,89,257,0.05944920097589,0.00814912414955854,319,62,0.0248336440879463,319,62,"5"
"W604S",0.0522072433767201,559,224,335,0.0491899431169599,0.0234235777853405,582,247,0.071291750561427,581,246,"5"
"W605S",0.0918398785422386,402,349,53,0.0842343956582894,0.0292030228254094,355,302,0.0889647054798215,355,302,"5"
"W607S",0.0825677673632841,585,333,252,0.0605624098995447,0.0370404983061256,594,342,0.11273135302226,594,342,"5"
"W610S",0.0351647204506677,434,126,308,0.0531880209751357,0.0115353310378026,414,106,0.035161610815043,414,106,"5"
"W611S",0.0685701420828385,566,293,273,0.0573776669590315,0.0264721348266443,556,283,0.0806233180314152,556,283,"5"
"W612S",0.0737514380482177,522,304,218,0.0642505875703291,0.0276340714688598,513,295,0.0841424893546383,513,295,"5"
"W614S",0.0183971034252317,167,38,129,0.0740551529589429,0.00549694554974991,160,31,0.0167544428696184,160,31,"5"
"W64A",0.0474820803992648,341,185,156,0.0711046270155098,0.0157587101227506,304,148,0.0480267816965809,304,148,"5"
"W701BC",0.0479835028403536,287,190,97,0.0787753057081043,0.0214918967445759,319,222,0.0654110498678722,319,222,"5"
"W803G",0.0482159544060621,521,193,328,0.050173893750968,0.0224996136404412,565,237,0.0684804749849422,565,237,"5"
"W809G",0.0221502677364474,262,67,195,0.0672437134496409,0.00745036840934737,244,49,0.022714145493757,244,49,"5"
"W810G",0.0489487965294801,347,202,145,0.0721838336102698,0.0166949082470519,304,159,0.0508701912233403,304,159,"5"
"W811G",0.030091801062085,399,103,296,0.0544214781279929,0.0148799774370533,436,140,0.0452983103093256,436,140,"5"
"W813G",0.0261390580199327,184,86,98,0.0786903055002473,0.00809930395984297,158,60,0.0246773084661367,158,60,"5"
"W8304",0.0407937137549816,282,148,134,0.0736148310764846,0.0168832560010263,299,165,0.0514108953266019,299,165,"5"
"W9",0.0221901083840141,245,68,177,0.0690161990280284,0.0078559938146597,236,59,0.0239237152734298,236,59,"5"
"WIL900",0.0247464564418935,428,77,351,0.0427786933895459,0.0111807496438285,450,99,0.0340281302189475,450,99,"5"
"WU-TAN-TZAO",0.0378173713604999,471,137,334,0.0494841393578062,0.0171308418814644,501,167,0.0521471573295613,501,167,"5"
"YE 4",0.0821633501488109,677,330,347,0.0445451824363306,0.0296705430904728,653,306,0.090350689581609,654,307,"5"
"YING-55",0.0887951169538108,465,346,119,0.0751268040992981,0.0369039350519789,459,340,0.112374520865644,459,340,"5"
"Yu796 NS",0.031193011685009,336,110,226,0.0634792243954135,0.0102380457484494,313,87,0.0312090452098251,314,88,"5"
"ZS365",0.0683123824415658,440,291,149,0.0717989334765176,0.0309686471510866,465,316,0.0942520708128167,465,316,"5"
"ZS635",0.0212686179107488,252,63,189,0.0677038860846658,0.00785376952615555,247,58,0.0239145387501268,247,58,"5"
"1538",0.0133832210474064,239,34,205,0.049381334024542,0.00321035840166316,223,18,0.0191526286866622,226,21,"6"
"29MIBZ2",0.0641988364174882,332,309,23,0.0698877290974902,0.0230840608294722,326,303,0.133785957127794,365,342,"6"
"2FACC",0.0555577364794899,321,280,41,0.0674902746937415,0.0220760402299753,336,295,0.0902748916460109,317,276,"6"
"2MA22",0.00925016308776952,291,13,278,0.0433171150905198,0.00220539503862201,285,7,0.0129705934069837,286,8,"6"
"3IJI1",0.0522491269115213,620,272,348,0.0349355940741927,0.0232604614141861,653,305,0.0842397796119263,604,256,"6"
"4226",0.0384426976706175,325,186,139,0.0545119455427323,0.0176353599937703,390,251,0.0579364518298515,302,163,"6"
"4N506",0.0383185526161078,328,184,144,0.0541608367775035,0.0165831508029742,383,239,0.0685078565343085,344,200,"6"
"6M502",0.0393448901095907,276,198,78,0.0630437749523742,0.00973570990030549,209,131,0.0573302283286487,237,159,"6"
"6M502A",0.0590450646777714,397,294,103,0.0597637685427084,0.019171915108051,374,271,0.104936076908647,405,302,"6"
"764",0.0238425737268277,262,87,175,0.0522034042236496,0.0122578121904959,345,170,0.0398611913250707,262,87,"6"
"78010",0.0888480311636595,610,349,261,0.0443954612597214,0.0442245096099656,614,353,0.139940315105545,612,351,"6"
"793",0.0206822235005808,261,72,189,0.0509544651014169,0.00753068663654875,275,86,0.0436292590060586,292,103,"6"
"87916W",0.0617897785803015,369,305,64,0.0645091023912182,0.0222793336296365,362,298,0.0833938718947988,317,253,"6"
"911",0.0255795645024201,186,105,81,0.0622256592813149,0.00594613184722234,143,62,0.035316155035102,158,77,"6"
"912",0.00864657812105701,308,8,300,0.0417363476058166,0.00206036925945399,305,5,0.0122852322987225,306,6,"6"
"91IFC2",0.0247486408270229,141,97,44,0.0672725883715098,0.00581314354280203,104,60,0.0342715644537233,118,74,"6"
"A",0.0530506720711034,381,275,106,0.0592076594638197,0.0210920870848002,392,286,0.0858785453357276,366,260,"6"
"A208",0.0268211271027872,424,116,308,0.0407723439794808,0.00759444436388623,396,88,0.0441827801960044,414,106,"6"
"A239",0.0377011896452485,200,183,17,0.07092714736443,0.0152385527849871,236,219,0.0501043186421173,149,132,"6"
"A272",0.0291454760767843,362,131,231,0.0472775549035561,0.00719311417909699,314,83,0.0430019577200053,332,101,"6"
"A305",0.0265480960945488,272,113,159,0.0532503034086154,0.00980409227594459,292,133,0.052543989345366,303,144,"6"
"A322",0.0258001527802922,273,106,167,0.0527362732151393,0.00947959680112806,292,125,0.0555620601509126,322,155,"6"
"A334",0.0132933278344678,233,33,200,0.0497580599094674,0.00446786864286287,236,36,0.0262559579859145,242,42,"6"
"A340",0.0468190858722977,331,249,82,0.0621940575095936,0.0167174934044039,326,244,0.0969687927040077,372,290,"6"
"A374",0.0692201140072868,365,323,42,0.067370652291164,0.0264197707027588,362,320,0.128177634528555,376,334,"6"
"A385",0.00472942393927633,213,3,210,0.0490491026625553,0.00170944198247848,214,4,0.00995274131543291,214,4,"6"
"A401",0.0393255790059873,469,197,272,0.0435682329105073,0.00960960300839812,399,127,0.0573509777229253,433,161,"6"
"A427",0.0268814843197083,216,117,99,0.0599620403146585,0.00706428077997867,178,79,0.0400908227648012,188,89,"6"
"A548",0.0341616176690558,237,164,73,0.0632209699776366,0.0121913110041385,240,167,0.0707836181430873,282,209,"6"
"A572",0.0208051450001484,241,73,168,0.0526841821608471,0.00470534806571417,211,43,0.02729892084192,214,46,"6"
"A619",0.0129816786977775,120,31,89,0.0610225189066129,0.00317524246184149,105,16,0.0186210057928543,107,18,"6"
"A627",0.0618326545638737,560,306,254,0.0446479233908927,0.0226475556329606,554,300,0.131205029600044,594,340,"6"
"A632",0.0663648047304759,517,315,202,0.0495276346702482,0.023037505099889,504,302,0.136476545774054,546,344,"6"
"A635",0.020239025846149,318,67,251,0.0447415709097125,0.00708392824313459,332,81,0.0415772043965572,346,95,"6"
"A641",0.0580044622026573,626,286,340,0.036457433713395,0.0207931973282445,624,284,0.120891643590933,668,328,"6"
"A648",0.0907723087228823,482,350,132,0.0550672651579433,0.0472162259409737,488,356,0.156440166933438,490,358,"6"
"A663",0.0477546540396235,368,256,112,0.0584417851288227,0.0220045250408283,405,293,0.0745851058155393,333,221,"6"
"A672",0.0850201233105644,474,345,129,0.0553797252211398,0.0416932363277356,479,350,0.130666722821153,465,336,"6"
"A674",0.0145199004184706,169,41,128,0.0555590509022841,0.0053381861600721,180,52,0.0309260556709504,188,60,"6"
"A679",0.0415345546558829,440,213,227,0.0477331224168862,0.0151909861033289,444,217,0.0672292185524826,421,194,"6"
"A680",0.0185750920538286,87,60,27,0.06880861617311,0.00692675978861088,104,77,0.0401344301901484,118,91,"6"
"A682",0.0594957284332076,574,297,277,0.0434351203353128,0.014122337297513,481,204,0.0843968043139929,534,257,"6"
"A71",0.0413731755070162,239,209,30,0.068504604518451,0.0131696376097933,211,181,0.0764165066155811,257,227,"6"
"A73",0.0672709228582661,372,318,54,0.0660056755471458,0.0201408821257106,333,279,0.0874704401476138,322,268,"6"
"A797NW",0.0267351510988529,276,115,161,0.053055758182428,0.00965277895748348,289,128,0.0561914017503705,317,156,"6"
"AQA3",0.0448526506964996,302,231,71,0.0632658410506539,0.0159508100202993,300,229,0.0771055674598035,300,229,"6"
"AS6103",0.0811044398454466,539,340,199,0.0497877175795085,0.0415697367020348,548,349,0.138117257855535,546,347,"6"
"AusTRCF 306238",0.0451305175368372,575,234,341,0.0363535217736414,0.0187886564887556,609,268,0.065271019714283,527,186,"6"
"B-18 INBR.FR.SUPERGOLD",0.040810213160884,290,206,84,0.0619256732175116,0.0127714682343127,259,175,0.0671062371729153,277,193,"6"
"B-28",0.0446779545897401,239,229,10,0.0741156457596623,0.0133757157423375,197,187,0.0789411952739567,246,236,"6"
"B103",0.0468239907654082,345,250,95,0.0603491687875055,0.0145882144954666,304,209,0.0568647021737178,252,157,"6"
"B104",0.0180615169421321,378,57,321,0.0394932061249307,0.00762411332085154,412,91,0.0249833082341924,359,38,"6"
"B105",0.0285612348605607,329,128,201,0.0496295775570354,0.0103745799928197,343,142,0.0604443235827209,375,174,"6"
"B108",0.0474176812370717,345,255,90,0.0608903527717049,0.0178379893544351,347,257,0.0638187218178116,272,182,"6"
"B109",0.0700245266124677,615,325,290,0.0423857270176497,0.025667658093854,604,314,0.14970987132802,643,353,"6"
"B110",0.0182845775773813,356,59,297,0.0421423496460522,0.00846389234694125,401,104,0.031228798463853,361,64,"6"
"B111",0.0227756224640461,150,82,68,0.063860764429359,0.00643318392546446,136,68,0.0311149465935569,130,62,"6"
"B115",0.0714446638400225,669,330,339,0.0365182108738653,0.0235579176592383,646,307,0.116395862631728,662,323,"6"
"B119",0.0365250839317236,422,179,243,0.04546670230131,0.0130310843850451,421,178,0.0756211415172217,468,225,"6"
"B120",0.0564241959530662,578,284,294,0.0422189594072227,0.025890910035004,611,317,0.0866325228021623,556,262,"6"
"B121",0.0242353251711182,256,91,165,0.0527772395442622,0.00859268365064937,273,108,0.0478143777676003,286,121,"6"
"B14A",0.0609660839831371,647,301,346,0.0351541789570285,0.0187653241014382,613,267,0.103842425559759,646,300,"6"
"B164",0.0191500492805265,161,63,98,0.0601197143070475,0.00479853489058051,144,46,0.0285872328771379,151,53,"6"
"B2",0.0507460339586777,468,264,204,0.0494077681331582,0.0209093351550762,489,285,0.0906909456251161,482,278,"6"
"B37",0.058642450633184,594,290,304,0.0412194013100565,0.0198625543852165,582,278,0.0951175880560593,589,285,"6"
"B47",0.0251077335615849,229,99,130,0.0551506797936892,0.0117473570554083,289,159,0.0456223442552239,243,113,"6"
"B57",0.0552298036198752,491,279,212,0.0488024129697472,0.0192424716475536,485,273,0.111541299775662,527,315,"6"
"B66",0.00908931499568216,107,11,96,0.0602588735139885,0.00222352712309887,104,8,0.0127773306510414,103,7,"6"
"B68",0.0703651502174474,502,328,174,0.0522499432163578,0.032970331980788,512,338,0.122863530456838,503,329,"6"
"B73",0.0423793537256753,355,218,137,0.0547704334909939,0.0143368190897554,343,206,0.0838179558604854,392,255,"6"
"B75",0.0234157711651996,448,84,364,0.0257725332166328,0.00848041191415416,469,105,0.0493887976990372,491,127,"6"
"B76",0.0617739651379884,451,304,147,0.0539644778528611,0.0231202285606105,451,304,0.0872705337924196,413,266,"6"
"B77",0.0259802882969411,327,108,219,0.0485153497016153,0.00792364615336788,313,94,0.0456208465915858,331,112,"6"
"B79",0.059159437235341,622,296,326,0.0391418200808408,0.028585244165293,650,324,0.107030422658872,633,307,"6"
"B87",0.0465558224312786,281,246,35,0.067934866298161,0.0166138346817518,275,240,0.0964586433093497,324,289,"6"
"B88",0.0114883614021555,260,22,238,0.0462813750285897,0.00419286330617646,270,32,0.0244429905794245,274,36,"6"
"B91",0.0203094597790492,178,68,110,0.0585365628180268,0.00488378595458211,157,47,0.0279080861615902,161,51,"6"
"B97",0.0208647913989653,339,75,264,0.0441820810418407,0.00779104378765816,356,92,0.0451439459772955,375,111,"6"
"BEI 10 = NORTH 10",0.0459780223314647,483,241,242,0.0457711875849744,0.0183991384462989,504,262,0.0850091630602187,501,259,"6"
"BO9",0.172121298261138,372,365,7,0.0760251887047468,0.0795469345756319,372,365,0.29000787081426,372,365,"6"
"CA-4",0.014048624120789,368,38,330,0.0383272016102098,0.00466642603142971,371,41,0.027525236417614,378,48,"6"
"CG102",0.0590609364676119,370,295,75,0.0631906479196636,0.0197129215975425,351,276,0.0957717075659614,361,286,"6"
"CH701-30",0.070540090037706,591,329,262,0.0442991719359346,0.0333845987210446,601,339,0.109203050262342,573,311,"6"
"CH711-10",0.0283533568133873,405,126,279,0.0433062763556775,0.0134521171025227,469,190,0.0421111246564402,376,97,"6"
"CH753-4",0.0580896982496524,575,287,288,0.0424378078101424,0.0295551216674543,615,327,0.106831282745841,594,306,"6"
"CH9",0.045125058585264,448,233,215,0.0486975790107321,0.0214636914986171,503,288,0.0682758265974033,414,199,"6"
"CI 40H",0.0432005624223442,277,221,56,0.0655859528913253,0.0155788564771987,278,222,0.09067185978486,333,277,"6"
"CM105",0.0264695223584727,132,112,20,0.0706047315773649,0.00645403366560145,89,69,0.0385245959592059,104,84,"6"
"CQ702RC",0.0364486864370306,299,178,121,0.0569667099781325,0.0115180846091024,276,155,0.0678325314657031,319,198,"6"
"CR 22 INBRED",0.0413782165107437,270,210,60,0.0653115028951105,0.0152119913889584,278,218,0.0784794876296132,294,234,"6"
"DE2",0.0134338914404126,142,35,107,0.058981083476215,0.00468859877552215,149,42,0.0275208074010182,154,47,"6"
"DE3",0.0453809600211456,602,236,366,0.0182052271098868,0.011572786795409,522,156,0.0676486757004068,563,197,"6"
"DE4",0.0227622540475685,172,81,91,0.0606576797433213,0.00762306345577856,181,90,0.0448030461702674,201,110,"6"
"DE811",0.0175435818927855,258,52,206,0.0493642339598501,0.00869142944248972,317,111,0.0284140102223908,258,52,"6"
"DJ7",0.077859172278717,658,336,322,0.0394097782304647,0.036362587805124,664,342,0.130944446696214,660,338,"6"
"DK3IIH6",0.0286583694219136,246,130,116,0.0577984487186825,0.0138283042327921,315,199,0.0431116231481279,218,102,"6"
"DK4676A",0.0880752209626038,377,348,29,0.068687108883073,0.0264137231967596,348,319,0.147549110067245,381,352,"6"
"DK78002A",0.0517007982188664,329,268,61,0.0648870150144128,0.0156715664684292,285,224,0.0931866430095501,342,281,"6"
"DK78010",0.0249949193401357,181,98,83,0.062036000500943,0.00589319293091579,144,61,0.0347190051265909,158,75,"6"
"DK78371A",0.0279125106950965,310,123,187,0.0514352797251698,0.0137932256545058,383,196,0.0440218737501602,291,104,"6"
"DKFAPW",0.0457476487627906,291,239,52,0.0663493691562152,0.0165566487076886,290,238,0.0964142210282828,340,288,"6"
"DKFBHJ",0.0394183303620837,360,200,160,0.0532279478714855,0.0189765050242422,429,269,0.0592191845644749,327,167,"6"
"DKMBNA",0.0590367298463345,542,293,249,0.0449501313749713,0.0295552485469681,577,328,0.0992014219474285,543,294,"6"
"DKPB80",0.0917889092028985,532,352,180,0.051945918688245,0.0441465519682269,532,352,0.138188503055091,528,348,"6"
"E8501",0.0357490078742454,335,171,164,0.0528633086150978,0.00967913408650158,294,130,0.0500261404938995,295,131,"6"
"EAST 028",0.0409493236868185,256,207,49,0.066873176852096,0.00977644600787776,181,132,0.0585411470150822,214,165,"6"
"Eng-Li Chih",0.0521045448847681,393,271,122,0.056946848394035,0.01684219314782,368,246,0.0747710135475927,344,222,"6"
"F118",0.0251394257141267,251,101,150,0.0534870536490112,0.013112201080118,329,179,0.0443094344211263,257,107,"6"
"F2834T",0.0272101738044539,430,118,312,0.0405297898527167,0.00984793878558093,448,136,0.0573476296718982,472,160,"6"
"FBLA",0.095003904479418,359,354,5,0.0767479245888572,0.0325796848913227,340,335,0.152339416635299,361,356,"6"
"FR19",0.0327332903458147,505,155,350,0.0337908445499654,0.010191677106295,489,139,0.0600547183267504,521,171,"6"
"H105W",0.0327739214408003,365,156,209,0.0491343204290102,0.0117860898970855,369,160,0.0685658441122345,410,201,"6"
"H110",0.014094112241956,191,39,152,0.0533493451345863,0.00519274728044651,202,50,0.030083745116458,209,57,"6"
"H113",0.038490289531238,424,188,236,0.0465791671385546,0.0176479426292928,489,253,0.063524337155917,416,180,"6"
"H121",0.0339600898224635,285,162,123,0.0568794304650906,0.0133135153284871,309,186,0.0612582063347609,298,175,"6"
"H122w",0.0113056624409709,235,19,216,0.0486364789505473,0.00368700474370443,242,26,0.0213865199178165,243,27,"6"
"H5",0.0274455990704162,192,120,72,0.0632230697960044,0.00671062951061421,144,72,0.0401342792925648,162,90,"6"
"H71",0.0510360668883258,385,266,119,0.0573180523267423,0.0216075744742607,410,291,0.090165394571768,394,275,"6"
"H84",0.00403584989961095,219,1,218,0.0485377042121644,0.000947463340145304,219,1,0.0055851281533403,219,1,"6"
"H91",0.0655487486070638,602,311,291,0.0423820755728955,0.0323069137809792,624,333,0.101814722979611,588,297,"6"
"H95",0.030165764536352,420,136,284,0.0426805591093694,0.00840312378460208,385,101,0.0477882605938814,404,120,"6"
"H96",0.024722481428151,247,96,151,0.0533983402237214,0.00851861575185962,258,107,0.0314563318937149,217,66,"6"
"H99",0.010582354878238,290,16,274,0.0435161818690097,0.0031024582793578,289,15,0.0183267183803381,290,16,"6"
"HP301",0.00893079398745092,280,10,270,0.0438641047537029,0.00319807323695271,287,17,0.0185408625769893,287,17,"6"
"HUOBAI",0.0163446626781308,379,47,332,0.037989923038414,0.00544750413610683,386,54,0.0320216964212372,399,67,"6"
"Hy",0.0387956252465421,549,193,356,0.0315861935483947,0.0141074092902973,559,203,0.0817329568118562,602,246,"6"
"I29",0.0656615695444464,328,312,16,0.0710548683840419,0.0227943446780141,317,301,0.10811275705995,325,309,"6"
"Ia 453",0.0359011522474809,268,174,94,0.0604171271218368,0.0158673616657796,320,226,0.0529845029869119,239,145,"6"
"IA2132",0.0334320761870016,193,160,33,0.0683784422896428,0.0120543236432791,197,164,0.0701567256174963,241,208,"6"
"IBB15",0.0317331906859953,174,148,26,0.0688700065598453,0.0084622561306273,129,103,0.0493453923761482,152,126,"6"
"IBC2",0.0114799299906178,205,21,184,0.0517118912919087,0.00353020376479389,207,23,0.0208119002815121,208,24,"6"
"ICI 193",0.015005713564799,106,43,63,0.0646906287322092,0.00717752516872903,145,82,0.0229250318419553,93,30,"6"
"ICI 740",0.0296587986220559,238,134,104,0.059666545584595,0.00992970473071707,241,137,0.0541011689695111,255,151,"6"
"ICI 893",0.011857491896613,351,24,327,0.0391131035659727,0.00440858483465367,362,35,0.0255428427781576,367,40,"6"
"ICI 986",0.0461656172844406,406,243,163,0.052985619988585,0.0198402030475489,440,277,0.0825696601597246,413,250,"6"
"IDS28",0.0958042275097159,412,355,57,0.0655768626213917,0.0422131736325233,408,351,0.13648060174636,402,345,"6"
"IDS69",0.0303945722419763,473,139,334,0.0374360877300843,0.00861495397924545,444,110,0.0410436963088822,428,94,"6"
"IDS91",0.0291671440805096,494,132,362,0.0280739693148896,0.00676307176470536,435,73,0.0400430582187935,450,88,"6"
"INB 101LFY/LFY (A632 X M16 S5)",0.0436543349215853,521,223,298,0.0421215463066736,0.0178231155683704,553,255,0.0741448297644443,518,220,"6"
"INBRED 141",0.0518511906257233,582,269,313,0.0401862528942967,0.0185648615478677,576,263,0.10790698759786,621,308,"6"
"INBRED 2-687",0.0204534170633162,379,70,309,0.0407127695208753,0.00463716219847221,349,40,0.0256969317709268,350,41,"6"
"INBRED 305",0.0656838486691867,665,313,352,0.033459183524952,0.017816019852178,606,254,0.10621823731678,656,304,"6"
"INBRED 321",0.0414506153186614,570,212,358,0.0312273587910227,0.0147967727379129,568,210,0.0859250981161692,619,261,"6"
"K150",0.0457999569084538,353,240,113,0.0583871052345195,0.0183075258036723,373,260,0.0635671636816629,294,181,"6"
"K41",0.0401574607956305,534,203,331,0.0381850678263089,0.0134200871373842,520,189,0.0798088906133135,570,239,"6"
"K47",0.0314190369335241,362,145,217,0.0485988962320332,0.00850634255377199,323,106,0.0504430893959077,350,133,"6"
"KUNG-70",0.007800238175304,325,6,319,0.0396453745845445,0.0028816862032035,330,11,0.0166950992123958,331,12,"6"
"L 127",0.0877570711131185,472,347,125,0.0565860704991318,0.026282249036665,443,318,0.106197756625336,428,303,"6"
"L 139",0.0457427769649265,324,238,86,0.0614601177504875,0.0215024672809687,375,289,0.0709886524443071,298,212,"6"
"L 289",0.0447925895103783,292,230,62,0.0646940152168085,0.0162388742500165,296,234,0.08460517927811,320,258,"6"
"LH1",0.0112393143394963,267,17,250,0.0448078410565132,0.0040280626416907,278,28,0.0233507319999599,282,32,"6"
"LH119",0.0242457634888324,143,92,51,0.0664437337654081,0.00870585649916702,163,112,0.0504601546645427,185,134,"6"
"LH128",0.0245256560776105,229,94,135,0.0549113685814739,0.00879911328980302,249,114,0.0510038269821184,272,137,"6"
"LH143 (Maintainer)",0.0510292306662706,403,265,138,0.0546114296115261,0.0187194038937785,404,266,0.104188327303477,439,301,"6"
"LH146Ht",0.107890676115676,585,361,224,0.048075609906724,0.0558663690182993,587,363,0.187855693566974,587,363,"6"
"LH149",0.0748545003990819,379,331,48,0.06688332890902,0.0295405224628626,374,326,0.117812311608364,374,326,"6"
"LH165",0.0125262956138845,276,28,248,0.0449960548531448,0.00302622872541969,262,14,0.0180768807651678,263,15,"6"
"LH166",0.074931985891032,588,332,256,0.0445898146680077,0.0364724798913091,599,343,0.114036395864147,575,319,"6"
"LH181",0.00879138266740396,292,9,283,0.0428392936737978,0.00409957664022567,313,30,0.0156275284860397,293,10,"6"
"LH184",0.197007460427187,367,366,1,0.0856039907883303,0.090757145713775,367,366,0.322048441193636,367,366,"6"
"LH190",0.0363159020210299,436,176,260,0.0444138811402005,0.0172847369329353,508,248,0.0552919053761709,413,153,"6"
"LH192",0.0557339233303645,477,281,196,0.0499307654372251,0.0167673502461299,441,245,0.0973926144880419,487,291,"6"
"LH194",0.0436254085186269,555,222,333,0.0379665443986976,0.0131484806899215,513,180,0.075334853682439,557,224,"6"
"LH195",0.058988894903053,482,292,190,0.0507871487376737,0.0137828303562806,385,195,0.0777887996197313,422,232,"6"
"LH197",0.0614037260974096,340,302,38,0.0676766596295777,0.0220267799516844,332,294,0.128081650878305,371,333,"6"
"LH198",0.0314400339532753,155,147,8,0.0755637599921578,0.0100120628778717,146,138,0.0589465048375763,174,166,"6"
"LH202",0.0463946823652798,332,245,87,0.0614402181995702,0.0140340821740204,289,202,0.0833196517724199,339,252,"6"
"LH204",0.0199437555928831,236,65,171,0.0525307855838982,0.00692427670319323,247,76,0.0406500172032456,264,93,"6"
"LH205",0.0503294514596587,584,261,323,0.039271488754952,0.0135563790365467,514,191,0.0808105837255341,564,241,"6"
"LH206",0.0308279634588742,281,141,140,0.054301959621272,0.0153575933066185,360,220,0.0508703359379662,276,136,"6"
"LH208",0.0286477529378674,286,129,157,0.0532927637446666,0.00950898359402342,283,126,0.0368562804481798,237,80,"6"
"LH209",0.025994479866365,115,109,6,0.0765449928374267,0.0093277251912948,128,122,0.0540671630626231,156,150,"6"
"LH214",0.0482766923783013,433,257,176,0.0520892651299431,0.0202573576732486,456,280,0.0825031447241867,425,249,"6"
"LH215",0.0238029057374981,299,85,214,0.0487313234935942,0.00845013696577794,316,102,0.0398253668679455,300,86,"6"
"LH222",0.0114139933156967,99,20,79,0.0627514721336888,0.00265106986763568,89,10,0.015678977542995,90,11,"6"
"LH223",0.0242121452793639,226,90,136,0.0547849077810841,0.00861373284992774,245,109,0.0499231594583944,266,130,"6"
"LH224",0.0530297917810913,589,274,315,0.040043917783005,0.0165387386362861,552,237,0.0974486822472198,607,292,"6"
"LH295",0.063370396069896,610,307,303,0.0413627272433817,0.0307597690154558,634,331,0.0958130023163356,590,287,"6"
"LH60",0.0157287719779665,238,45,193,0.0504044711353533,0.00518596809159127,242,49,0.0300772074724088,249,56,"6"
"LH74",0.0129827009448778,165,32,133,0.0550010199406668,0.00470668017272309,177,44,0.0275969083323639,183,50,"6"
"LH82",0.0246071267973931,126,95,31,0.0684737709114232,0.0114196787267103,185,154,0.0425597245747,130,99,"6"
"LH93",0.0261759229038867,430,110,320,0.039530894951856,0.006576677971,390,70,0.039173481914255,405,85,"6"
"LIBC 4",0.0122781635771583,124,27,97,0.0601430339848984,0.00407056099534578,126,29,0.0236066389317525,131,34,"6"
"LP1 NR HT",0.0273489603401723,274,119,155,0.0533155215657961,0.0122383421964633,323,168,0.0487644737794641,278,123,"6"
"LP5",0.068175146342368,330,319,11,0.072512371769475,0.0205274436870095,293,282,0.115451606011568,333,322,"6"
"M14",0.0164751880543384,280,48,232,0.0472164741701918,0.0054154517882823,285,53,0.0264521969542007,276,44,"6"
"MBPM",0.0465968991236877,349,247,102,0.0597668463567044,0.01506029716058,316,214,0.0900179040889493,376,274,"6"
"MBWZ",0.100141564442371,539,357,182,0.0517980810846199,0.0488847416271518,541,359,0.152675465463147,539,357,"6"
"MM501D",0.0281619637719743,430,124,306,0.0408503954944518,0.0131890213680115,488,182,0.0427244160525121,406,100,"6"
"Mo17",0.0549529766883706,517,278,239,0.0460408890407696,0.0156244037971166,462,223,0.0924254003836347,518,279,"6"
"Mo1W",0.0176647201320139,251,54,197,0.0498403232408695,0.0063147029326066,262,65,0.0366885672380021,276,79,"6"
"Mo46",0.0504147745256625,549,262,287,0.0425200433604657,0.0234876186905011,593,306,0.0824678533764322,535,248,"6"
"Mo47",0.0341273992986896,268,163,105,0.0596299314246026,0.0122564706280743,274,169,0.0710389452079166,319,214,"6"
"Mo5",0.0240413849259502,395,88,307,0.0408420676532798,0.0075828155567307,394,87,0.0335963561531428,380,73,"6"
"MQ305",0.0320008179754061,313,151,162,0.0530305394713127,0.0160927622536989,392,230,0.0514146193578916,302,140,"6"
"MS116",0.0338795482773436,281,161,120,0.0569906286118403,0.0121904917175566,286,166,0.0709252818141098,331,211,"6"
"MS132",0.0302294115650681,413,138,275,0.0434644056398886,0.00906585661113951,392,117,0.051056851197397,413,138,"6"
"MS200",0.00585017380646478,342,5,337,0.0370958909386228,0.00209423232050604,343,6,0.0121417986544333,342,5,"6"
"MS211",0.106157989675222,436,360,76,0.063155969389583,0.0504851530695279,437,361,0.158079943818246,435,359,"6"
"MS221",0.0176233402565056,161,53,108,0.0588823165698731,0.00451983212097697,145,37,0.0264112197507947,151,43,"6"
"MS224",0.0586452898374502,328,291,37,0.067775186681504,0.0223553658605274,336,299,0.094462290983775,320,283,"6"
"MS225",0.0558348383113503,416,282,134,0.0549369709220771,0.0194071711514074,409,275,0.0899126423140989,407,273,"6"
"MS226",0.042968601157388,515,220,295,0.0422091368683952,0.0162288097424013,528,233,0.0777039613257852,526,231,"6"
"MS24A",0.014541564406248,358,42,316,0.0398718262658077,0.00682697600516468,390,74,0.0229713695382943,347,31,"6"
"MS67",0.0391420851170692,550,195,355,0.0331795534267772,0.0139901653285637,555,200,0.0812793728025986,600,245,"6"
"MS71",0.0683883886887887,367,321,46,0.0670676646625073,0.0326797399597545,382,336,0.101634233421007,342,296,"6"
"MS72",0.04520939198606,516,235,281,0.0429917546872357,0.0107689587794318,427,146,0.0644691008695704,464,183,"6"
"N192",0.0445344398578868,231,227,4,0.0770962366729264,0.0183623736457974,265,261,0.0674839153956657,200,196,"6"
"N193",0.0371114624968595,198,180,18,0.0707224924258393,0.0166191813458282,260,242,0.0622845535349545,194,176,"6"
"N200",0.0363884796528882,531,177,354,0.0332638938306097,0.0091974166950912,473,119,0.0537953161299475,502,148,"6"
"N201",0.0262198207741503,139,111,28,0.0686897472673491,0.00608472613745794,91,63,0.0361121856148801,106,78,"6"
"N209",0.0356744975107261,533,170,363,0.027535804943681,0.0102636775785316,503,140,0.0596830648486166,531,168,"6"
"N211",0.0392958365281789,433,196,237,0.046501919204499,0.014332276149316,442,205,0.0835457436825027,491,254,"6"
"N217",0.0317553062282674,199,149,50,0.0668056152858448,0.00983648197762709,185,135,0.0579732509847504,214,164,"6"
"N218",0.060902971058566,653,300,353,0.0334077103773596,0.0218414288406864,645,292,0.126607495950944,685,332,"6"
"N28Ht",0.038637128330181,455,190,265,0.0440689837448611,0.0169244329924852,512,247,0.0693502600689773,469,204,"6"
"N501",0.027464639012229,450,121,329,0.0390408431432515,0.0098295359368083,463,134,0.057127989861065,487,158,"6"
"N523",0.0387061631859248,194,191,3,0.079446773166567,0.0138100490971774,200,197,0.0801667940877042,243,240,"6"
"N527",0.0583355045683943,311,289,22,0.0701633764425258,0.0193498873122396,296,274,0.112702680527553,339,317,"6"
"N534",0.0219784164625519,155,78,77,0.0631461485283745,0.0052069975420372,128,51,0.0311704564935371,140,63,"6"
"N542",0.0767646259766316,592,334,258,0.0444336484518156,0.0356153248065592,599,341,0.113352614504741,576,318,"6"
"N6",0.0200100430351852,383,66,317,0.0398650826040308,0.00559575679369771,373,56,0.0332415237874941,387,70,"6"
"NC250",0.14547053967401,388,363,25,0.0691735443920246,0.0678241036902222,389,364,0.213672234285674,389,364,"6"
"NC262",0.0344601245249667,522,165,357,0.0312649125541958,0.0124909090724833,531,174,0.0723714180485625,574,217,"6"
"NC294",0.0915404921583975,396,351,45,0.0672657301520139,0.0381029544084039,392,347,0.126390681609049,376,331,"6"
"NC310",0.0777646787737697,390,335,55,0.0656876645068705,0.0369870848148552,399,344,0.117723421569309,380,325,"6"
"NC326",0.0322520841410631,421,152,269,0.0439854489024508,0.0117995900794583,430,161,0.0688075211284045,471,202,"6"
"NC328",0.00432450240644259,181,2,179,0.0519624281790194,0.00139740363786396,181,2,0.00797618975369031,181,2,"6"
"NC342",0.0193514746252807,365,64,301,0.041722350842485,0.00461283666406886,339,38,0.0275871843365917,350,49,"6"
"NC412",0.0283825334309631,432,127,305,0.0411808826045023,0.0113925971927777,458,153,0.0476178383729057,424,119,"6"
"ND259",0.0169902589036186,351,49,302,0.0415299821374187,0.00720974077315256,386,84,0.0303062639913687,360,58,"6"
"ND265",0.0412089107217792,277,208,69,0.0636991557171633,0.013200330831592,253,184,0.0665731370608321,261,192,"6"
"NK740",0.0567833834036844,634,285,349,0.0344550439321011,0.020377149862883,630,281,0.118498315389265,676,327,"6"
"NK778",0.0189790510997604,355,62,293,0.0422669729875814,0.00440040540193674,327,34,0.0235118096647533,326,33,"6"
"NK807",0.0417231881195636,436,214,222,0.0481694779126841,0.0149453246790934,433,211,0.0868776555582809,486,264,"6"
"NKS8326",0.0440960026907656,513,224,289,0.042414346916805,0.0136773483328632,482,193,0.0812298815659704,532,243,"6"
"NORTH 7",0.053437145563814,569,277,292,0.0423333587670795,0.0192409413676332,564,272,0.111958340558738,608,316,"6"
"NQ508",0.0349511520171545,374,167,207,0.0493208360191742,0.0145760872612918,415,208,0.049458599293625,335,128,"6"
"NS501",0.0252241541768057,300,102,198,0.0498142053259946,0.00946140648824744,322,124,0.0553134020644502,352,154,"6"
"NS701",0.0314395910931168,497,146,351,0.0335878855316109,0.0113009851916871,502,151,0.0654972699185603,538,187,"6"
"NY6371",0.0324414195722832,400,154,246,0.045271864066886,0.0120648421300596,411,165,0.0601362082028667,418,172,"6"
"Ny821",0.021866511292957,243,77,166,0.0527437499479307,0.00761250954531656,255,89,0.0446990412579234,275,109,"6"
"OH33",0.0332631792805088,331,158,173,0.0522995471426098,0.0117043015462596,331,158,0.0484193567314351,295,122,"6"
"Oh40B",0.12416242013819,462,362,100,0.0598593281454306,0.0558263381457186,462,362,0.18307202232832,461,361,"6"
"Oh43",0.0821553908956933,355,342,13,0.0719397051310992,0.0257422390466962,328,315,0.134993465336953,356,343,"6"
"Oh7",0.0373770908563527,528,181,347,0.0351048800134726,0.00917528397054923,465,118,0.0537898637806093,494,147,"6"
"OQ403",0.042035961988676,342,215,127,0.055723924781208,0.0179912809816038,385,258,0.0695851694787274,332,205,"6"
"OQ603",0.0301861391552158,152,137,15,0.0711270419413101,0.0083976759044854,115,100,0.0488846939680635,139,124,"6"
"Os420",0.0182313118604928,151,58,93,0.0604651790109283,0.00609750273335034,157,64,0.031111030144004,154,61,"6"
"OS602",0.0352883976634552,396,168,228,0.0475219532707352,0.016614689126862,469,241,0.0524623429405564,371,143,"6"
"Pa392",0.0694046905397213,345,324,21,0.0701706157288772,0.0325558822054502,355,334,0.102300861995896,319,298,"6"
"Pa405",0.00911524500354111,253,12,241,0.0458510131805868,0.00326076955421728,261,20,0.0189488652821658,261,20,"6"
"Pa875",0.049209318575926,493,260,233,0.0468159903400565,0.0166652136574867,476,243,0.0981896661172374,526,293,"6"
"Pa880",0.0155445667762151,63,44,19,0.0706370698840061,0.00367513889231815,44,25,0.0216415233741966,47,28,"6"
"Pa91",0.0258285399240802,342,107,235,0.0466497452024486,0.00940755952453266,358,123,0.0545028016072662,387,152,"6"
"PH207",0.0423500458374747,256,216,40,0.0675092914487947,0.0149887811211934,252,212,0.0871939828261422,305,265,"6"
"PHB09",0.0866069338469793,664,346,318,0.0398339793267705,0.0412364818035913,666,348,0.130921595281851,655,337,"6"
"PHB47",0.0232881298155812,226,83,143,0.0542494796785721,0.00686373826674245,218,75,0.0405357735627896,235,92,"6"
"PHBA6",0.0349372048293726,213,166,47,0.0669491427825944,0.00835452742697651,146,99,0.0491160860787697,172,125,"6"
"PHBB3",0.0204240287616263,227,69,158,0.053279117678398,0.00470926564987788,203,45,0.0249570325117561,195,37,"6"
"PHEG9",0.0442578346093575,237,225,12,0.072279828253628,0.0205604417445954,295,283,0.076030327443085,238,226,"6"
"PHG29",0.0471588408536727,588,252,336,0.037343100675531,0.0150296817043174,549,213,0.0767775778631263,564,228,"6"
"PHG47",0.150026865411347,545,364,181,0.0518300467700065,0.0500183106558125,541,360,0.185065608539559,543,362,"6"
"PHG71",0.0374689432148641,252,182,70,0.0634975184088634,0.0137612873300892,264,194,0.0797239378554201,308,238,"6"
"PHG80",0.0485089143338074,524,258,266,0.0440670129601574,0.024582058206382,577,311,0.0796249058725289,503,237,"6"
"PHG83",0.0647406933092069,427,310,117,0.0577875346151147,0.0220891483460313,413,296,0.0789013132994071,352,235,"6"
"PHG86",0.0683284105558404,567,320,247,0.0450468144184798,0.0247562559455537,559,312,0.131150806809198,586,339,"6"
"PHH93",0.0700956101793904,571,326,245,0.0453960730327132,0.0215199849619751,535,290,0.128356294997732,580,335,"6"
"PHHH9",0.0312399346482975,235,143,92,0.0605758740043233,0.00833931384211392,190,98,0.0494906367691252,221,129,"6"
"PHHV4",0.0394963191925771,260,202,58,0.0655110326214108,0.0107132601158241,203,145,0.0513005711519809,197,139,"6"
"PHJ70",0.0450456330369965,597,232,365,0.025511183734742,0.0161216684566373,596,231,0.0873837982241672,632,267,"6"
"PHJ89",0.0663450890655504,467,314,153,0.0533469244791882,0.0252192834117501,466,313,0.0867834817704202,416,263,"6"
"PHJ90",0.0603154143736311,493,299,194,0.0502193880768689,0.0269165341688787,515,321,0.0882826143301274,465,271,"6"
"PHJR5",0.0792729456318201,597,338,259,0.0444160708696697,0.0376237324556871,605,346,0.137034591503762,605,346,"6"
"PHK35",0.058143303169443,473,288,185,0.0516536186294602,0.0236881612852138,493,308,0.0829980656013736,436,251,"6"
"PHK42",0.0297705024771034,266,135,131,0.0550980178493782,0.00701829346492673,209,78,0.0417999601117084,227,96,"6"
"PHK56",0.047289632425646,539,254,285,0.042665975679048,0.0159009021474607,512,227,0.0821990381726182,532,247,"6"
"PHK74",0.0390718904528073,364,194,170,0.0526058340228333,0.0182058339831852,429,259,0.0628151553446356,348,178,"6"
"PHKE6",0.051618763414308,507,267,240,0.0458556181921435,0.0175662298152618,489,249,0.0662191620605525,430,190,"6"
"PHM10",0.012270664136766,289,26,263,0.044259137405155,0.00364213166369094,287,24,0.0211616834973243,288,25,"6"
"PHN11",0.0533855677775598,424,276,148,0.0537282501480334,0.0136612158191816,340,192,0.0812759446265075,392,244,"6"
"PHN29",0.0469058922357544,429,251,178,0.051996516441304,0.0221787924505222,475,297,0.0716114468217829,393,215,"6"
"PHN66",0.0461610723846716,419,242,177,0.0520654286852571,0.0162459224262702,412,235,0.0597101060396911,346,169,"6"
"PHN82",0.0319205552449463,421,150,271,0.0438529713579265,0.0119674327565988,433,162,0.0699610978709274,478,207,"6"
"PHP02",0.0614823568242217,457,303,154,0.0533422156740552,0.0156782654682099,379,225,0.0932966670404498,436,282,"6"
"PHP55",0.0671207324006347,427,316,111,0.0585030136338489,0.0291410303974814,436,325,0.108695954595226,421,310,"6"
"PHP76",0.0387125550183277,449,192,257,0.0444400227961035,0.0104709231325562,400,143,0.0523122293420786,399,142,"6"
"PHP85",0.0266458120657449,334,114,220,0.0485140985758693,0.0124110121461419,393,173,0.0459869298383227,335,115,"6"
"PHPR5",0.0313234830059515,373,144,229,0.0475028638507404,0.0133868584090894,417,188,0.0522716599637435,370,141,"6"
"PHR03",0.0144522075537663,265,40,225,0.0480390280472605,0.00552004524049684,280,55,0.0323215318011814,293,68,"6"
"PHR30",0.0281678574214053,336,125,211,0.049031924724983,0.0131991844869033,394,183,0.0464941393037452,329,118,"6"
"PHR31",0.0128736856188776,115,30,85,0.0616137141866551,0.00301002568279463,98,13,0.0177635849562507,99,14,"6"
"PHR36",0.045730668683455,505,237,268,0.0440064423206591,0.0111112174904196,417,149,0.0660267998046299,457,189,"6"
"PHR47",0.0186367560010926,357,61,296,0.0421450441148817,0.0063434257046089,362,66,0.0334881477987934,367,71,"6"
"PHR63",0.0174095310192483,284,50,234,0.0466514467863735,0.00562637470522505,291,57,0.0335870202636597,306,72,"6"
"PHT10",0.0824746077752724,630,344,286,0.0426652271175762,0.0297873128050624,615,329,0.11488032072642,607,321,"6"
"PHT47",0.0241621787836831,403,89,314,0.0400583019652351,0.00748918036287929,399,85,0.0441378792234519,419,105,"6"
"PHT55",0.0323668359207927,478,153,325,0.0391776988737125,0.0111102645612188,473,148,0.0652471852381876,510,185,"6"
"PHTM9",0.0701868534970144,571,327,244,0.0454162451733708,0.0315040145601787,576,332,0.110673577461723,558,314,"6"
"PHV37",0.0119253988025868,181,25,156,0.0533075823777738,0.00430375952766874,189,33,0.0250516251635842,195,39,"6"
"PHV57",0.0115425782677918,246,23,223,0.0480818779286669,0.00329374111192946,244,21,0.0191576545833668,245,22,"6"
"PHV63",0.0362221883318162,405,175,230,0.0472820940475457,0.0163474163755896,466,236,0.0633682207012601,409,179,"6"
"PHVA9",0.013666970407944,124,36,88,0.061381459163897,0.00321081961124915,107,19,0.0189287585042804,107,19,"6"
"PHVJ4",0.0671299132752001,397,317,80,0.0623830975040934,0.0239496332244746,389,309,0.138988021868396,430,350,"6"
"PHW03",0.00999777088301443,217,14,203,0.0494468708611558,0.00251460314253537,212,9,0.0149769859999968,212,9,"6"
"PHW17",0.040279071313765,471,204,267,0.0440638763565729,0.0150716631186746,483,216,0.088092419251238,536,269,"6"
"PHW20",0.0491300782173982,570,259,311,0.0406450310307773,0.0176369890711089,563,252,0.10257065128539,610,299,"6"
"PHW30",0.0393897743828314,371,199,172,0.0524990445699937,0.0140202351253983,373,201,0.0601950126011392,345,173,"6"
"PHW43",0.0140233052588372,206,37,169,0.0526605458780722,0.00669275308688795,240,71,0.0212778089813112,195,26,"6"
"PHW52",0.0101190516820685,141,15,126,0.0561430386229774,0.00352621374087172,148,22,0.0206988790381595,149,23,"6"
"PHW53",0.0504685431431051,605,263,342,0.0361098082600698,0.0150646952136651,557,215,0.0882299526306429,612,270,"6"
"PHW80",0.0177668342532842,204,55,149,0.053625717002526,0.00822224890366425,246,97,0.0312289532852617,214,65,"6"
"PHWG5",0.0223913971155672,189,80,109,0.0585783252283247,0.00801501608000838,204,95,0.0464693489878143,226,117,"6"
"PHZ51",0.0112930917267516,231,18,213,0.0487799112392836,0.00416382221512301,244,31,0.0241228531503413,248,35,"6"
"Q381",0.0471905598500625,296,253,43,0.0673273476972015,0.0110292085254439,190,147,0.0655431890451713,231,188,"6"
"R168",0.0463942389875366,311,244,67,0.0639096187219313,0.0212693564467288,354,287,0.0699034554775645,273,206,"6"
"R177",0.0413900575914731,549,211,338,0.0369071350268248,0.0104893739681925,482,144,0.0624438569940657,515,177,"6"
"R181B",0.0358149480587549,287,173,114,0.0580146672949583,0.0120210109900883,277,163,0.0709937185302986,327,213,"6"
"R226",0.0445129025645058,417,226,191,0.0506531731038865,0.0144060415398335,398,207,0.0727944412817667,410,219,"6"
"R229",0.0254137887648546,246,104,142,0.0542611428052281,0.00931016372395011,263,121,0.0539369488140284,291,149,"6"
"R71",0.0814225776027415,343,341,2,0.0824727854785387,0.0328075310545774,339,337,0.117438887089972,326,324,"6"
"R78",0.0687590812267621,665,322,343,0.0360609815595795,0.0301493602753972,673,330,0.11462887650636,663,320,"6"
"SD101",0.0385870647846079,242,189,53,0.0662113606107123,0.0138134625331074,251,198,0.0782153348552739,286,233,"6"
"SD102",0.0251314347608071,134,100,34,0.0683637093621418,0.00920426423113636,154,120,0.053323453139403,180,146,"6"
"SD107",0.101487222817977,432,358,74,0.0631970062488072,0.0466914648436152,429,355,0.160217349254372,434,360,"6"
"SD40",0.0519902521517202,453,270,183,0.0517476186012308,0.0239948270335205,493,310,0.0892522558907602,455,272,"6"
"SD44",0.0640233078809811,373,308,65,0.0644646474445033,0.0190814521966752,335,270,0.10942841055208,377,312,"6"
"SG 30A",0.0309358280437681,466,142,324,0.0392041322013274,0.0111461999495258,474,150,0.0648639076486227,508,184,"6"
"T242",0.023819635410765,274,86,188,0.0512506609376341,0.00581113262929703,247,59,0.0347580234850338,264,76,"6"
"Tr",0.0126794263727027,88,29,59,0.065460790757278,0.00462863804716848,98,39,0.0269841681994803,104,45,"6"
"TZU-CHIAO-HSI-WU 105",0.102422944349465,395,359,36,0.0679263392337432,0.0482929230123388,394,358,0.150478549571014,390,354,"6"
"Va26",0.0216740631017943,352,76,276,0.0434416655604144,0.00894695673061567,392,116,0.0370359495336908,357,81,"6"
"Va35",0.0333122566251712,469,159,310,0.0406897062177997,0.00966268594181912,439,129,0.0461935976863797,426,116,"6"
"Va52",0.0384521365751549,226,187,39,0.0676349971181358,0.0103313713885852,180,141,0.0443204813216115,147,108,"6"
"Va99",0.0930516595535887,561,353,208,0.049220565078362,0.0442952184653382,562,354,0.138432331431504,557,349,"6"
"W182E",0.0425362658480232,471,219,252,0.0447016463208958,0.0129665961363771,429,177,0.0752953319600939,475,223,"6"
"W22",0.039435051186363,233,201,32,0.0684366317085481,0.0186881761559409,296,264,0.0598659030298025,202,170,"6"
"W23",0.0782971815973703,346,337,9,0.0748746552865485,0.0278796745743797,332,323,0.10054779939992,304,295,"6"
"W24",0.0383531011889246,309,185,124,0.0566217200012261,0.0161426194096823,356,232,0.0689659846546035,327,203,"6"
"W32",0.0243132387980523,314,93,221,0.0481751327143175,0.0087086216088508,334,113,0.0506229394845153,356,135,"6"
"W37A",0.0277343254793965,467,122,345,0.0351981816661572,0.00884564141955735,460,115,0.0331530559097023,414,69,"6"
"W552",0.0597794413666732,657,298,359,0.0311080938445943,0.0273083916373287,681,322,0.0947852529530656,643,284,"6"
"W603S",0.00572444034749654,259,4,255,0.0446232315128811,0.00159669271314842,258,3,0.00929384136836433,258,3,"6"
"W604S",0.035319743187422,504,169,335,0.037426956031522,0.0122860074700268,506,171,0.0718526465669526,551,216,"6"
"W605S",0.0525256555931766,297,273,24,0.0692047814150742,0.015461433005877,245,221,0.0808908324569816,266,242,"6"
"W607S",0.0563204699982715,563,283,280,0.0431685475010254,0.0178315406270184,536,256,0.10650151677275,585,305,"6"
"W610S",0.0157303709020618,345,46,299,0.0419057940218494,0.00378751391218086,326,27,0.0226306576126424,328,29,"6"
"W611S",0.0357878451534478,445,172,273,0.0435596329605374,0.0123358384855477,445,172,0.07243531177317,491,218,"6"
"W612S",0.046653303700119,443,248,195,0.0501533333614907,0.0176144745996732,445,250,0.0709015782405668,405,210,"6"
"W614S",0.0252907457965338,289,103,186,0.0514860420877286,0.0116271168684392,343,157,0.0376379998379665,269,83,"6"
"W64A",0.0292650280258844,279,133,146,0.0540035141590494,0.00707203670537405,226,80,0.0422484426879079,244,98,"6"
"W701BC",0.0998640477224333,370,356,14,0.0713405273987871,0.0482544306411128,371,357,0.150559901656889,369,355,"6"
"W803G",0.0307422705469513,468,140,328,0.0391002001068892,0.0113499003845375,480,152,0.0662515742671641,519,191,"6"
"W809G",0.0174980083691024,196,51,145,0.0541485119365329,0.00809266123439805,241,96,0.0298470376848329,200,55,"6"
"W810G",0.076472819987363,399,333,66,0.0644220077945923,0.0355059323327369,406,340,0.123846829191685,396,330,"6"
"W811G",0.0208165197915496,356,74,282,0.0428855818086288,0.00782433404734601,375,93,0.0458331163126092,396,114,"6"
"W813G",0.0206747645830388,186,71,115,0.0579893181112453,0.00505557411236948,163,48,0.0296488408653696,169,54,"6"
"W8304",0.0803945201345107,592,339,253,0.044657644685273,0.0372946042038479,598,345,0.132705923914547,594,341,"6"
"W9",0.0407809676486042,323,205,118,0.0576984748316755,0.0187122933752035,383,265,0.0674422014595907,313,195,"6"
"WIL900",0.0177694889559168,400,56,344,0.0355203330263471,0.00637688241419223,411,67,0.0370833834987183,426,82,"6"
"WU-TAN-TZAO",0.0330584186883957,517,157,360,0.0304740481334482,0.0129444222990468,536,176,0.0574892687208152,522,162,"6"
"YE 4",0.0423553552571005,578,217,361,0.0300291344702045,0.0132430832780335,546,185,0.0772448514542504,591,230,"6"
"YING-55",0.0822573403523903,444,343,101,0.0598416266001595,0.0258178112481784,417,316,0.109796479143322,414,313,"6"
"Yu796 NS",0.0221398074811689,305,79,226,0.0479075347956392,0.00571623051896337,284,58,0.0307674491570078,285,59,"6"
"ZS365",0.0446452297945729,369,228,141,0.0542875604729609,0.0159278044684143,369,228,0.0924468552413438,421,280,"6"
"ZS635",0.00812845353368759,199,7,192,0.0506472783909831,0.00295053586954519,204,12,0.0170947349804974,205,13,"6"
"1538",0.0133742171901505,159,46,113,0.0557277853189075,0.00590766256113756,178,65,0.0285909071561788,193,80,"7"
"29MIBZ2",0.0458662506912516,317,276,41,0.0646219375713597,0.0167058344416007,292,251,0.0742733191367414,313,272,"7"
"2FACC",0.0236339113889449,133,120,13,0.0688779929063373,0.00639753559583382,89,76,0.0268031371581318,84,71,"7"
"2MA22",0.0218481100367144,339,103,236,0.0481292647625967,0.00788631401670049,342,106,0.03506971407183,340,104,"7"
"3IJI1",0.0431804152035945,585,263,322,0.0387010037294927,0.0136241424879232,530,208,0.0683683029464017,572,250,"7"
"4226",0.0369141622496287,246,214,32,0.065268056349403,0.0158917616327578,271,239,0.0711442029426186,295,263,"7"
"4N506",0.0396144490975585,338,240,98,0.056891859347303,0.0138063883093942,310,212,0.0638147979868347,332,234,"7"
"6M502",0.0125250325243354,141,38,103,0.0565298615930465,0.00391441541735909,130,27,0.0186313284774186,130,27,"7"
"6M502A",0.0351061696008969,409,201,208,0.0495132815857267,0.0139079454091917,424,216,0.0720342517027476,472,264,"7"
"764",0.0155480530080809,325,62,263,0.0454322635754585,0.00500956595979011,312,49,0.0193821689200193,295,32,"7"
"78010",0.0454530064343069,599,273,326,0.0381684960063491,0.0197387239693274,615,289,0.0655073763057735,568,242,"7"
"793",0.0383724172528156,286,230,56,0.0619363586768348,0.0160072507134409,297,241,0.0749524795264167,330,274,"7"
"87916W",0.0389682981321073,336,235,101,0.0566476801342818,0.0128934295077259,288,187,0.0449943375139156,241,140,"7"
"911",0.0218319186892541,133,102,31,0.0652825022328996,0.00758426194753148,131,100,0.0337792211909708,131,100,"7"
"912",0.0328788160054357,496,185,311,0.0407832803751313,0.00990693349041232,449,138,0.0516735623573076,487,176,"7"
"91IFC2",0.045716600922842,317,275,42,0.0645459307338325,0.0191831274990455,329,287,0.0858115029017595,351,309,"7"
"A",0.0408292447322722,460,246,214,0.0492741693761225,0.0180690092804587,484,270,0.0572825472484412,426,212,"7"
"A208",0.0114681728237224,240,31,209,0.0494142226137721,0.00381036202062368,235,26,0.0196743550690287,243,34,"7"
"A239",0.0327637240801963,204,184,20,0.067134528281128,0.00951732856364635,152,132,0.0483798692218144,174,154,"7"
"A272",0.0200197870692463,402,87,315,0.0397368921298215,0.00577693220719124,376,61,0.0268286795153223,387,72,"7"
"A305",0.0506041620657284,465,295,170,0.0520747060536594,0.0213544950981353,472,302,0.0988998603661746,506,336,"7"
"A322",0.033236375220172,456,190,266,0.0451825270895344,0.0131708366902753,461,195,0.0659074983377467,509,243,"7"
"A334",0.030868519204091,192,168,24,0.0665374070996607,0.0136622419959373,234,210,0.0672031635472756,271,247,"7"
"A340",0.0134238587100707,62,47,15,0.0686989744918493,0.00565003596931131,73,58,0.0252501028572302,80,65,"7"
"A374",0.0565446036661815,438,320,118,0.0554127835749748,0.0230650015970128,434,316,0.106547645210071,459,341,"7"
"A385",0.01980392619269,260,86,174,0.0518210231634525,0.00816167238982107,288,114,0.0369320313560097,284,110,"7"
"A401",0.032321207836762,481,180,301,0.0417644840447683,0.00972668172646977,436,135,0.0508315409973132,470,169,"7"
"A427",0.0113815559378698,170,30,140,0.0541940566933682,0.00404143453964506,169,29,0.0151905992144838,158,18,"7"
"A548",0.0227960445184981,150,112,38,0.0647957202992749,0.00723728830315913,128,90,0.0325468414453061,129,91,"7"
"A572",0.0317195492242279,249,176,73,0.0593369472528878,0.0141383358809283,290,217,0.0483006519660376,226,153,"7"
"A619",0.0658418659068352,537,339,198,0.0500454993954633,0.0284263755412315,541,343,0.136136588761272,551,353,"7"
"A627",0.00974774278154076,278,19,259,0.0456979320209023,0.00415052282487615,291,32,0.0197250780060418,294,35,"7"
"A632",0.0463193672879318,361,278,83,0.058414169908347,0.0173936488576054,344,261,0.0793258608232038,375,292,"7"
"A635",0.070898288520181,499,347,152,0.0532856859208274,0.0303236473618079,499,347,0.144490336279964,508,356,"7"
"A641",0.0224086922387685,403,108,295,0.0422471933283012,0.00930165818709901,422,127,0.0433423544413083,431,136,"7"
"A648",0.0711758721900403,439,348,91,0.0577427270030119,0.0236763151946437,413,322,0.117235644044487,440,349,"7"
"A663",0.0437059814157176,315,264,51,0.0632709033049907,0.0185098870761746,327,276,0.062611942567477,281,230,"7"
"A672",0.049945446984486,513,292,221,0.0488423045994843,0.0218613093449066,527,306,0.0850845417040462,529,308,"7"
"A674",0.0159777535054828,123,66,57,0.0614601193455794,0.00550058301861588,114,57,0.0245121388218709,117,60,"7"
"A679",0.0497497966788802,397,290,107,0.0563385670784075,0.019385515123895,395,288,0.0777479313407648,389,282,"7"
"A680",0.0383398536052662,366,229,137,0.0543503567498525,0.0158412728801124,375,238,0.0733981100119484,406,269,"7"
"A682",0.0395489981712276,451,239,212,0.0493238148800833,0.0144596577954726,433,221,0.0661519492420437,456,244,"7"
"A71",0.012554682257212,161,39,122,0.0551117994314361,0.00378132361109438,147,25,0.0197840530645852,158,36,"7"
"A73",0.0363639982265709,236,207,29,0.0656350411982485,0.0132604306082022,227,198,0.0637470468317603,262,233,"7"
"A797NW",0.00653154653308103,171,11,160,0.0527815248715677,0.00274372161493372,175,15,0.0122690224523676,175,15,"7"
"AQA3",0.044523909649205,316,269,47,0.063593343368614,0.020217387591119,339,292,0.0675855729230062,296,249,"7"
"AS6103",0.0976708970605675,453,360,93,0.0575452365040798,0.0312808800188441,443,350,0.149331182631035,451,358,"7"
"AusTRCF 306238",0.0501280722821019,648,294,354,0.0319585229727795,0.0230020294541839,668,314,0.0666597609989789,599,245,"7"
"B-18 INBR.FR.SUPERGOLD",0.0498812867720916,417,291,126,0.0548224711998717,0.0161460888701862,373,247,0.0783338471984377,411,285,"7"
"B-28",0.0372519883990639,334,220,114,0.055684174235465,0.0154879013809873,347,233,0.0722894702011367,380,266,"7"
"B103",0.0272101782889245,273,139,134,0.0544286190299018,0.0101557111132916,274,140,0.0508663095332114,305,171,"7"
"B104",0.0352272421340733,367,202,165,0.0524784797680636,0.0135695142107102,369,204,0.0595958221891566,388,223,"7"
"B105",0.00331948948932531,210,4,206,0.0497065635480708,0.000999834630478727,210,4,0.00523129554809427,210,4,"7"
"B108",0.0294280182651937,328,156,172,0.0518776757860191,0.00944426094047233,303,131,0.0353876394312163,278,106,"7"
"B109",0.030221905293724,440,164,276,0.0448630662085676,0.0101903816264731,419,143,0.0524743592596388,456,180,"7"
"B110",0.0344660217592682,338,199,139,0.0542556261909116,0.0170869015151396,394,255,0.0495040602362167,300,161,"7"
"B111",0.0142576006988174,106,51,55,0.0620958714965858,0.00607136293951263,124,69,0.0227436964062468,105,50,"7"
"B115",0.0289200103807091,481,149,332,0.0370069183253164,0.0107224919166741,484,152,0.0482611356648115,484,152,"7"
"B119",0.0178857914661467,331,74,257,0.0459095110217704,0.00759670078778084,358,101,0.0360475625217793,365,108,"7"
"B120",0.030321383372991,479,165,314,0.0397733084227072,0.0129803816849664,503,189,0.0499281207006199,479,165,"7"
"B121",0.0169194507724778,296,70,226,0.0486355656059134,0.00520217599734824,277,51,0.0264101017410106,295,69,"7"
"B14A",0.0417685688634042,532,254,278,0.0442955267529928,0.0161166889966141,524,246,0.0774459887990762,559,281,"7"
"B164",0.036885467927024,295,213,82,0.0585807230303526,0.0106495689643942,232,150,0.0494398303836733,242,160,"7"
"B2",0.038110470191939,468,227,241,0.047610816058486,0.015968733548487,481,240,0.0601971500208739,466,225,"7"
"B37",0.0473915104499873,501,283,218,0.049163272932007,0.0204884130516518,513,295,0.0596007467575755,442,224,"7"
"B47",0.0378224650214747,493,226,267,0.0451578715084386,0.0185887062523517,545,278,0.0587602396994319,487,220,"7"
"B57",0.0255141296227965,406,132,274,0.0448958513606251,0.0106953156625505,425,151,0.0478595157944473,424,150,"7"
"B66",0.0362112333245148,453,204,249,0.0468562816031357,0.0130838049349817,442,193,0.0519983573956318,427,178,"7"
"B68",0.0370367421521885,427,216,211,0.0493271871246155,0.0172932387382959,469,258,0.0516079108661501,385,174,"7"
"B73",0.0239873012726242,238,121,117,0.0554153272107828,0.00784107498632813,220,103,0.0375081949295926,231,114,"7"
"B75",0.0473184617854828,646,282,364,0.0236896109141714,0.0170200155431779,616,252,0.0756939133257889,641,277,"7"
"B76",0.068761587334712,356,344,12,0.0694943579055405,0.0324621699991422,364,352,0.098385698964641,343,331,"7"
"B77",0.0219025710145927,308,104,204,0.0498016815593189,0.00740584407929556,300,96,0.0247807240563378,266,62,"7"
"B79",0.033129240976912,461,188,273,0.044977625035105,0.0156640570907281,508,235,0.0513561233077197,446,173,"7"
"B87",0.00874208900505424,84,15,69,0.0598552437915634,0.00268343124947151,83,14,0.0137113077456529,85,16,"7"
"B88",0.0158949966294211,199,64,135,0.0544036105468223,0.00491122667541417,180,45,0.0222089909639681,180,45,"7"
"B91",0.0215360018589572,191,96,95,0.057338286835831,0.00691613173719032,180,85,0.0275318854097599,171,76,"7"
"B97",0.00535894875324329,300,7,293,0.0424978759078995,0.00227814732512134,302,9,0.0112733760328585,303,10,"7"
"BEI 10 = NORTH 10",0.0151246460626799,127,60,67,0.0601006954896446,0.00787367086584806,172,105,0.0225462155825026,115,48,"7"
"BO9",0.232720874578339,446,366,80,0.0589036558752805,0.106482747362977,446,366,0.393262061637639,446,366,"7"
"CA-4",0.0326818891626961,269,183,86,0.0581802557681355,0.0133884638508295,286,200,0.0558392056571406,288,202,"7"
"CG102",0.0295020090700351,282,157,125,0.0548658001980731,0.0120500737376281,299,174,0.0402222921469127,250,125,"7"
"CH701-30",0.0602424209411111,508,329,179,0.0513891903618755,0.02829144949758,521,342,0.0910773988848993,493,314,"7"
"CH711-10",0.0548689795350559,671,314,357,0.0297022468017039,0.0230544944228773,672,315,0.0943068474819885,681,324,"7"
"CH753-4",0.0522986987783421,589,300,289,0.0428310494045266,0.0203288571174454,583,294,0.100822639311161,626,337,"7"
"CH9",0.0659271633807094,469,341,128,0.0546683523774053,0.0232720155955735,446,318,0.118022245395612,478,350,"7"
"CI 40H",0.0109451447844045,76,27,49,0.0635448265680994,0.00479616361162332,93,44,0.0231321573011867,102,53,"7"
"CM105",0.0546089395982174,442,312,130,0.0546062414704476,0.0191615789947362,415,285,0.0979497062111055,459,329,"7"
"CQ702RC",0.0422578634169596,366,258,108,0.0561837008646318,0.0174181565892669,370,262,0.080393161967026,403,295,"7"
"CR 22 INBRED",0.0397218067000022,400,241,159,0.0528051655616682,0.0144552554594719,379,220,0.0744274903995929,432,273,"7"
"DE2",0.0422127229446813,610,257,353,0.0327950682906334,0.0173569211831056,613,260,0.0796210210698366,647,294,"7"
"DE3",0.0384441668120608,597,231,366,0.0112413322375743,0.0124392875229547,547,181,0.0557743248322101,566,200,"7"
"DE4",0.0330652743615417,521,187,334,0.0369464010961998,0.0109645997299909,488,154,0.0490149290824009,493,159,"7"
"DE811",0.0242836081383976,395,123,272,0.0450237479020238,0.00930606828755004,400,128,0.0484796306523444,428,156,"7"
"DJ7",0.0539216641922163,602,311,291,0.0427352355614222,0.0225932413265622,602,311,0.0848102886639375,598,307,"7"
"DK3IIH6",0.0538259860633847,405,308,97,0.057174871992485,0.0239924358771008,423,326,0.0821584913129876,398,301,"7"
"DK4676A",0.0790268516510437,416,354,62,0.0604806676351718,0.0363876990450289,419,357,0.108671777163184,406,344,"7"
"DK78002A",0.02330587848025,226,117,109,0.0561209473810215,0.00625318997342488,183,74,0.0310059872920822,199,90,"7"
"DK78010",0.0364640374821558,224,208,16,0.0682237742420603,0.0131869682292376,212,196,0.0586383370081031,235,219,"7"
"DK78371A",0.0245410035119313,391,127,264,0.0453555248614984,0.0108635998300175,417,153,0.0381399518717976,379,115,"7"
"DKFAPW",0.0312525208745891,252,171,81,0.0587660559885438,0.0135700843294819,287,206,0.0669376215270053,327,246,"7"
"DKFBHJ",0.0215671300273406,334,99,235,0.048145108857458,0.00961183967491326,369,134,0.0326435057071535,327,92,"7"
"DKMBNA",0.0414572499431167,503,249,254,0.0460897087431587,0.0166145016237215,504,250,0.0700199615242285,511,257,"7"
"DKPB80",0.0659029180087455,507,340,167,0.0523660852659973,0.0307230863126531,515,348,0.093421335172232,488,321,"7"
"E8501",0.0334661485611261,501,194,307,0.0412025250394273,0.0126183397999319,492,185,0.0555409639925759,506,199,"7"
"EAST 028",0.0148585269675738,160,56,104,0.0565248219567867,0.00467324648494584,145,41,0.0221940957119582,148,44,"7"
"Eng-Li Chih",0.0191601218662587,204,83,121,0.055297496674625,0.00784319382794472,225,104,0.0295483198668835,206,85,"7"
"F118",0.0833765435240403,415,355,60,0.0609666254935108,0.0330507128156331,414,354,0.110915594017915,405,345,"7"
"F2834T",0.0102141752243195,252,22,230,0.0485479359702505,0.00427045863410388,265,35,0.0191284254204515,261,31,"7"
"FBLA",0.0571279121000108,396,322,74,0.0592915930840947,0.0222874290420404,384,310,0.0845303033769984,380,306,"7"
"FR19",0.0847485025946722,718,356,362,0.0246232475765421,0.0352244090997907,718,356,0.164358636786291,722,360,"7"
"H105W",0.0151127331784519,246,59,187,0.0510618273531574,0.00461039001177513,225,38,0.024134185063774,246,59,"7"
"H110",0.023250629562356,332,115,217,0.04921064426327,0.010296485598196,364,147,0.0498833745979861,381,164,"7"
"H113",0.0257748974370878,470,135,335,0.036935999635538,0.00726661787727865,426,91,0.0371654925978541,446,111,"7"
"H121",0.0330567215975965,367,186,181,0.0512773554172276,0.0141694778728368,399,218,0.0623844977009247,410,229,"7"
"H122w",0.0208830941584243,403,90,313,0.0403845525384253,0.00866558836318625,434,121,0.0403642692576739,439,126,"7"
"H5",0.0290257556986282,390,150,240,0.0476357948298556,0.0119786889453972,410,170,0.0554030061336418,435,195,"7"
"H71",0.0149165001470288,94,58,36,0.065040336502304,0.00465958658118979,75,39,0.023301817894575,92,56,"7"
"H84",0.0339924829145968,422,197,225,0.0486468003408452,0.0145972890606595,449,224,0.0735962163441663,495,270,"7"
"H91",0.0386134941540785,557,233,324,0.0385619740196494,0.0191456076021121,608,284,0.055438125355287,522,198,"7"
"H95",0.0183121772730066,362,77,285,0.0435497452738768,0.00466868816206969,325,40,0.0236709021747449,342,57,"7"
"H96",0.0323928666506992,450,181,269,0.0451489295435497,0.0152628689492708,499,230,0.0487276340660927,426,157,"7"
"H99",0.0274180442484475,192,140,52,0.0626857239491532,0.0119705227979666,221,169,0.0576389161167911,266,214,"7"
"HP301",0.0276172378282338,220,142,78,0.058994817841949,0.0115051683915554,241,163,0.0516170335429889,253,175,"7"
"HUOBAI",0.0424680591211519,577,260,317,0.0393797532758035,0.0180794989309905,588,271,0.0805885921988596,613,296,"7"
"Hy",0.0227575555071573,279,110,169,0.0521622668749757,0.00749715715794017,267,98,0.033538581880067,267,98,"7"
"I29",0.0514296431203061,399,297,102,0.0565720468151157,0.0221318175909557,411,309,0.0642365897218146,338,236,"7"
"Ia 453",0.0400530795600736,284,244,40,0.0646483983761187,0.0186019632750242,319,279,0.0629993630359524,271,231,"7"
"IA2132",0.0287586711464732,169,147,22,0.0668839210098668,0.00866398586959375,142,120,0.0451977923812689,164,142,"7"
"IBB15",0.0493142159007388,289,287,2,0.078148362288844,0.0204961073664283,298,296,0.0920686150478125,318,316,"7"
"IBC2",0.0507729693767994,324,296,28,0.0658695676326347,0.0211909838564817,329,301,0.0949891426958945,353,325,"7"
"ICI 193",0.00175890791437158,55,2,53,0.0625637256473625,0.00051477872493785,55,2,0.00267069728444167,55,2,"7"
"ICI 740",0.0166585754014229,240,69,171,0.0518881013140727,0.00601846419053465,239,68,0.0264007223325395,239,68,"7"
"ICI 893",0.0111146733270025,169,28,141,0.0541690551956441,0.0047083704293106,183,42,0.022304472778042,187,46,"7"
"ICI 986",0.0622270269328203,410,331,79,0.0589550379470133,0.0287076900681754,424,345,0.0938142467318297,401,322,"7"
"IDS28",0.0332462404423375,195,191,4,0.0741827406690288,0.0112446260477596,163,159,0.0543053995293577,195,191,"7"
"IDS69",0.0674396782798698,637,343,294,0.0422843926382711,0.0331596453288593,649,355,0.0951682091084976,620,326,"7"
"IDS91",0.0203502483925249,418,89,329,0.0377978171853923,0.0063219848492135,404,75,0.0330224536847816,423,94,"7"
"INB 101LFY/LFY (A632 X M16 S5)",0.0370465937110936,569,217,352,0.0332198943030621,0.0130048100564623,542,190,0.055803070883464,553,201,"7"
"INBRED 141",0.0370326091089454,325,215,110,0.0560538755543299,0.0118957134065187,278,168,0.0617975541920577,337,227,"7"
"INBRED 2-687",0.0308420094266441,343,167,176,0.0516877564245635,0.0138757277288972,391,215,0.0475391588135326,324,148,"7"
"INBRED 305",0.0439311117127963,626,267,359,0.0276068854479816,0.0137333480135753,570,211,0.0496114330760098,521,162,"7"
"INBRED 321",0.0316533086351609,518,175,343,0.0360641069042527,0.0130315200293559,535,192,0.0590684393647737,564,221,"7"
"K150",0.0515641892460338,473,298,175,0.0517525435368801,0.0171045924968684,431,256,0.0893085132062627,488,313,"7"
"K41",0.0306205068486848,373,166,207,0.0496755746819878,0.0138134876022802,420,213,0.0449495481759812,345,138,"7"
"K47",0.04932707010606,597,288,309,0.0408738481981064,0.020275671633171,602,293,0.0923144385573051,627,318,"7"
"KUNG-70",0.0296351707114502,509,159,350,0.03440990108568,0.012184521927336,527,177,0.0554135084126125,546,196,"7"
"L 127",0.0495321476106125,418,289,129,0.0546380745313923,0.0234524721206032,449,320,0.0757097031864018,407,278,"7"
"L 139",0.0257115690681619,179,134,45,0.064054000724292,0.00804565317924946,156,111,0.0419093647735544,179,134,"7"
"L 289",0.0374702324628861,372,222,150,0.053340128665291,0.0123839658221521,330,180,0.0490134037905709,308,158,"7"
"LH1",0.0240463245056484,447,122,325,0.0385565287423993,0.0100164320263364,464,139,0.0468379292142978,471,146,"7"
"LH119",0.00573979910052997,163,9,154,0.0531075114298244,0.00240059421035141,164,10,0.0112659075335901,163,9,"7"
"LH128",0.0136660722865462,279,48,231,0.0484724355335867,0.00421109588420047,264,33,0.0217163305122863,273,42,"7"
"LH143 (Maintainer)",0.0362236096914429,457,205,252,0.0462942862320853,0.0152156047236212,481,229,0.0686208071772143,504,252,"7"
"LH146Ht",0.0562642260882706,629,319,310,0.040836606147655,0.0244549628415058,641,331,0.0783337027122,594,284,"7"
"LH149",0.0530346170674523,405,305,100,0.056776167461352,0.0231302944052046,417,317,0.0885296659422861,411,311,"7"
"LH165",0.0128215951649305,293,43,250,0.0468318792319345,0.00544831123637078,306,56,0.0258606469032876,317,67,"7"
"LH166",0.0570303089343428,548,321,227,0.048630450291201,0.0286292595537495,571,344,0.083204561732738,530,303,"7"
"LH181",0.0439115656927045,586,266,320,0.0391506421984665,0.0189404401984719,601,281,0.0709398126325972,581,261,"7"
"LH184",0.127447208875766,372,364,8,0.0720314995367748,0.0573173756897726,372,364,0.17677018290886,370,362,"7"
"LH190",0.0456115796928903,601,274,327,0.0378674126221017,0.0160504671611088,571,244,0.0805998960539342,624,297,"7"
"LH192",0.00497603067580236,271,6,265,0.0451973192183757,0.00141479778420607,271,6,0.00665194621052259,271,6,"7"
"LH194",0.0416719089869702,521,251,270,0.0451227427303513,0.0135696800073588,475,205,0.0508375091060775,440,170,"7"
"LH195",0.0148995932255264,245,57,188,0.0510197971394692,0.00613423833754005,261,73,0.0275725710007001,265,77,"7"
"LH197",0.0126574071698403,209,41,168,0.0522523394822787,0.00494968854109157,214,46,0.0220028120301368,211,43,"7"
"LH198",0.0108414694874196,217,24,193,0.050641035337576,0.0034149643849656,211,18,0.0153795048512718,212,19,"7"
"LH202",0.0248342041577818,233,128,105,0.056510747729249,0.00858647951190838,224,119,0.0449591778961068,244,139,"7"
"LH204",0.0345276327610952,422,200,222,0.0487215012467945,0.0104016225345316,371,149,0.0542643886050829,411,189,"7"
"LH205",0.017071363804981,409,71,338,0.0367152364581005,0.00600093654303678,405,67,0.0250732119724941,402,64,"7"
"LH206",0.0381514467291736,414,228,186,0.0510646397614535,0.0136013809188821,393,207,0.0701780476298184,445,259,"7"
"LH208",0.0320146131255027,452,177,275,0.0448869386302856,0.0115972787724798,440,165,0.0592300768250583,497,222,"7"
"LH209",0.0264762208705688,230,138,92,0.0576017602728249,0.00813996755976541,205,113,0.0425772490319566,227,135,"7"
"LH214",0.0212546743234771,411,95,316,0.0396855464901524,0.00873229141767679,439,123,0.0396041837086852,438,122,"7"
"LH215",0.0281105695689138,340,144,196,0.0501488003542963,0.0103457128347588,344,148,0.0450798877296175,337,141,"7"
"LH222",0.0524316333129197,307,301,6,0.0733052419815559,0.0220669214662617,314,308,0.0986191112795364,339,333,"7"
"LH223",0.0375407420365226,318,224,94,0.0574353715213081,0.0160189604979488,336,242,0.0792243314312619,385,291,"7"
"LH224",0.0417392145868093,598,253,345,0.0352908156136126,0.0174191259700573,608,263,0.0815945345450697,645,300,"7"
"LH295",0.0528099950730303,536,303,233,0.0481888645975267,0.0256829022122586,569,336,0.075379249855355,509,276,"7"
"LH60",0.0127800353545121,284,42,242,0.047560013797296,0.00581625751394448,305,63,0.0284961565761471,321,79,"7"
"LH74",0.00808963471039472,57,14,43,0.0645262663583207,0.00253682688104754,54,11,0.0114347149963573,54,11,"7"
"LH82",0.0654461658064916,340,335,5,0.0735861627411908,0.0268755629573123,344,339,0.112393327874938,351,346,"7"
"LH93",0.0119645616479093,305,34,271,0.0450745772795967,0.00365309041358144,292,21,0.0189127866612099,301,30,"7"
"LIBC 4",0.0296189087075548,168,158,10,0.0699859271677951,0.0113602323455229,171,161,0.0504896124407395,177,167,"7"
"LP1 NR HT",0.0293903178568288,394,155,239,0.0477251257167447,0.0111095590799589,394,155,0.0580892386920853,454,215,"7"
"LP5",0.0429428101668003,452,262,190,0.0507900008245615,0.0184241110501496,465,275,0.0700946155211454,448,258,"7"
"M14",0.0145466507773,206,53,153,0.0531311638656101,0.00574822120992236,213,60,0.0187442881315379,182,29,"7"
"MBPM",0.0275488087306482,370,141,229,0.0485631905170711,0.0116718902358958,396,167,0.0513079342857244,401,172,"7"
"MBWZ",0.056125395629094,462,318,144,0.0539582203656697,0.0254825843449365,478,334,0.0770534130251184,423,279,"7"
"MM501D",0.0366215676469861,391,209,182,0.0512623460307854,0.0185171783772104,459,277,0.05391598656518,369,187,"7"
"Mo17",0.0131519204784508,247,44,203,0.0498539291003891,0.00594093094609787,269,66,0.0289984664888731,286,83,"7"
"Mo1W",0.0302068527697527,346,163,183,0.051250084175768,0.012459969425966,365,182,0.0575826220047382,396,213,"7"
"Mo46",0.0333725452751539,488,192,296,0.0420206039813127,0.0145165626146875,519,223,0.0477815324778384,445,149,"7"
"Mo47",0.0657457863727986,593,338,255,0.0459913857865668,0.0271845115811483,595,340,0.126081199962193,607,352,"7"
"Mo5",0.0462350965716119,409,277,132,0.0544841580755129,0.0132243500389823,329,197,0.0582995915740506,350,218,"7"
"MQ305",0.0155481468037545,308,63,245,0.0474299026965168,0.00693485671240468,331,86,0.0232899543017874,300,55,"7"
"MS116",0.0906627605997273,481,357,124,0.0549138379825382,0.0388746465920518,483,359,0.185496645906149,487,363,"7"
"MS132",0.0419568914084422,499,256,243,0.047489143586392,0.011983828844316,414,171,0.0521565556817338,422,179,"7"
"MS200",0.0210133729578161,370,93,277,0.0446354512593708,0.00753799687487497,376,99,0.0335268034310564,374,97,"7"
"MS211",0.0688311751211173,370,345,25,0.0664786901611303,0.0239293161151998,349,324,0.114027859911797,372,347,"7"
"MS221",0.0342154347231316,413,198,215,0.0492573126823605,0.0134909566043281,417,202,0.0675655753943896,463,248,"7"
"MS224",0.0297929692695044,169,160,9,0.0711933769289345,0.0102782379180647,154,145,0.0525649589592773,190,181,"7"
"MS225",0.057828498975862,444,325,119,0.0553733838403676,0.0207303101686198,417,298,0.108549619783597,462,343,"7"
"MS226",0.00978048735232618,278,20,258,0.0458542358983259,0.0034676474359017,277,19,0.0119050784034557,271,13,"7"
"MS24A",0.0232423295500804,413,114,299,0.0417897876525132,0.00715030882422028,387,88,0.0374123084932003,412,113,"7"
"MS67",0.0608033665331151,690,330,360,0.0268382021633325,0.0250029058808242,693,333,0.11472934951902,708,348,"7"
"MS71",0.0313237494334586,199,172,27,0.0659624319018842,0.0153365790989181,259,232,0.0449032583223701,164,137,"7"
"MS72",0.0429213814243235,345,261,84,0.0583133073785448,0.018961072424135,367,283,0.0917682656377851,399,315,"7"
"N192",0.0626812348725372,367,332,35,0.0651845203982368,0.0189543319335482,317,282,0.0771000891708474,315,280,"7"
"N193",0.0467104827591393,344,280,64,0.0604305628396908,0.0146295423496112,289,225,0.0752893099893217,339,275,"7"
"N200",0.0192022208242558,384,84,300,0.0417674244454844,0.00578853706299519,362,62,0.0301806108833747,388,88,"7"
"N201",0.00761671423466073,97,12,85,0.05824433894858,0.00313495441868701,101,16,0.0142170868117811,102,17,"7"
"N209",0.0145141919090348,349,52,297,0.0418495444116303,0.00422603861007548,331,34,0.0195207166461553,330,33,"7"
"N211",0.078631939507206,716,353,363,0.0238520987537984,0.0236641729358512,684,321,0.123639523113688,714,351,"7"
"N217",0.0126169826820254,139,40,99,0.0568134482740386,0.00520297955124759,151,52,0.0240342512174855,157,58,"7"
"N218",0.0322875722967124,498,179,319,0.0393007636937066,0.0136547727620798,528,209,0.064614108279645,557,238,"7"
"N28Ht",0.0118959722306041,188,33,155,0.0531073308254287,0.004093341340783,186,31,0.0212909744906638,195,40,"7"
"N501",0.0290274687474313,456,151,305,0.0414393060741092,0.0122281716234641,483,178,0.054464369309179,497,192,"7"
"N523",0.0287157529686022,356,146,210,0.0493833043417684,0.00923168407762104,336,126,0.0479511957319256,361,151,"7"
"N527",0.0254823162966458,254,131,123,0.0550765445801295,0.0070742974068539,210,87,0.0287774958565031,204,81,"7"
"N534",0.0225862768944247,311,109,202,0.0499205657739053,0.0101996127773077,346,144,0.0497805542713919,365,163,"7"
"N542",0.0662948329593219,626,342,284,0.0435790365405962,0.0262181976287089,622,338,0.0835513608720791,589,305,"7"
"N6",0.0242958154006224,370,124,246,0.0471959323160829,0.00806350816598558,358,112,0.0416550835891173,378,132,"7"
"NC250",0.188885365607228,428,365,63,0.0604393423168297,0.0851362418505545,428,365,0.260540007725992,428,365,"7"
"NC262",0.00905703093246546,159,16,143,0.0541505738059983,0.00259354958275583,155,12,0.0121126861571396,157,14,"7"
"NC294",0.10406015197022,379,361,18,0.0678990891102197,0.0441415725224674,380,362,0.146877535914578,375,357,"7"
"NC310",0.0535740186744008,484,307,177,0.0516647199464175,0.0239749003106787,502,325,0.0779314043290383,460,283,"7"
"NC326",0.0209603255404623,292,92,200,0.0499548933120938,0.00648045799817175,278,78,0.0331709533506935,295,95,"7"
"NC328",0.0324917125882742,348,182,166,0.052403942977335,0.0101695834150779,307,141,0.0525779956023926,348,182,"7"
"NC342",0.040981372034775,603,248,355,0.0305703743875408,0.0125069362740844,538,183,0.0647644605254148,594,239,"7"
"NC412",0.0397443070272591,532,242,290,0.042804195025441,0.0123352852049956,469,179,0.0455808243043424,434,144,"7"
"ND259",0.0480799762172405,633,285,348,0.0347952105734953,0.0210887786971915,648,300,0.0738591743547497,619,271,"7"
"ND265",0.0373817041259139,378,221,157,0.0530824762495353,0.0133995983851309,358,201,0.0484339350844202,312,155,"7"
"NK740",0.0316228943384617,402,174,228,0.0485664069164911,0.0129665365672916,416,188,0.0645267816942307,465,237,"7"
"NK778",0.0417109946475757,475,252,223,0.0487178540608784,0.0144891865966069,445,222,0.072137674333562,488,265,"7"
"NK807",0.0368231765626075,232,211,21,0.0669674140933317,0.0152683550659748,252,231,0.0686875230609267,274,253,"7"
"NKS8326",0.0298181693986987,469,161,308,0.0410382015798669,0.0114853779180522,470,162,0.0562889329209711,514,206,"7"
"NORTH 7",0.00784313716191414,207,13,194,0.0505374126794437,0.00220727006456325,202,8,0.0106766340760678,202,8,"7"
"NQ508",0.0925553510147727,404,358,46,0.063611345600361,0.0415279576712924,406,360,0.140629958584918,401,355,"7"
"NS501",0.00170499755497014,112,1,111,0.0560298382482477,0.000492767292913667,112,1,0.00246024163985263,112,1,"7"
"NS701",0.020256887429386,371,88,283,0.0437753073305474,0.00833474591588569,399,116,0.0383171850649159,399,116,"7"
"NY6371",0.0232771434625469,300,116,184,0.05113041336243,0.00958542664630484,317,133,0.0393746663785243,304,120,"7"
"Ny821",0.0139301883403891,245,50,195,0.05026338256418,0.00574565490335461,254,59,0.026507662842561,265,70,"7"
"OH33",0.0393209285982772,395,237,158,0.0529998597495252,0.0164874287683234,406,248,0.0830516216668537,460,302,"7"
"Oh40B",0.039252142146621,243,236,7,0.0726808427301826,0.0147912356543106,235,228,0.0582699477913359,224,217,"7"
"Oh43",0.0533959697842482,505,306,199,0.0500314115742436,0.0237850738834922,522,323,0.0888873934523151,511,312,"7"
"Oh7",0.0176689398800804,402,72,330,0.0373688834135695,0.00734082120605303,422,92,0.0329823120897286,423,93,"7"
"OQ403",0.0249161691532194,168,129,39,0.0647284569910391,0.0102926860777273,185,146,0.0474130670654893,186,147,"7"
"OQ603",0.0122868406388521,106,36,70,0.0597432944298994,0.00510314758061007,120,50,0.022932740528787,122,52,"7"
"Os420",0.0593960940500193,350,327,23,0.0667614183639247,0.0246894918245562,355,332,0.097281451760789,351,328,"7"
"OS602",0.0387302080099835,372,234,138,0.0543476302647994,0.0170754161857313,392,254,0.0554319872539363,335,197,"7"
"Pa392",0.0573034104069539,443,323,120,0.0553320654299327,0.0255082875761475,455,335,0.0807425147219433,418,298,"7"
"Pa405",0.0321399661569053,246,178,68,0.0600249212912168,0.0135175440426357,271,203,0.0637171859659989,300,232,"7"
"Pa875",0.0250287603064128,381,130,251,0.0463160702299237,0.00788708940959925,358,107,0.0413016158731975,381,130,"7"
"Pa880",0.0159525181865955,102,65,37,0.0648453726160784,0.00588015701627152,101,64,0.0297921628484253,123,86,"7"
"Pa91",0.00955516404846932,274,18,256,0.0459307041918557,0.00368761232797044,278,22,0.0185350465098139,282,26,"7"
"PH207",0.0235185416082273,180,119,61,0.0605691319827465,0.00793733988239929,170,109,0.0397875475778966,184,123,"7"
"PHB09",0.0746666645650162,538,349,189,0.0508134502969697,0.0371889720775544,547,358,0.106945646620037,531,342,"7"
"PHB47",0.0185224244511727,303,79,224,0.0486634180447464,0.00609119919080075,295,71,0.027254558305389,298,74,"7"
"PHBA6",0.0165575935342917,164,68,96,0.0572764569827163,0.00676977503058092,177,81,0.0301229517245557,183,87,"7"
"PHBB3",0.0186426277493531,260,80,180,0.0513243353402295,0.00540443303200868,235,55,0.0232778964645725,234,54,"7"
"PHEG9",0.0362544179989477,256,206,50,0.0633451906768513,0.0177542654356023,316,266,0.0563344048649593,257,207,"7"
"PHG29",0.0955565111920731,717,359,358,0.0284814095881867,0.0319914530268751,709,351,0.156100089970961,717,359,"7"
"PHG47",0.115260804617705,504,362,142,0.0541511639745295,0.0542451078502647,505,363,0.173138360552787,503,361,"7"
"PHG71",0.010925843606525,98,26,72,0.059469632459808,0.00357792788327472,92,20,0.0160171848491223,92,20,"7"
"PHG80",0.0655407172082591,555,336,219,0.0491480502164688,0.030924456970396,568,349,0.0987121049433222,553,334,"7"
"PHG83",0.0196600117495653,286,85,201,0.0499486029734302,0.00880005319620255,325,124,0.0288534961071856,283,82,"7"
"PHG86",0.0500607628938772,341,293,48,0.0635503432022335,0.0174925227764957,313,265,0.0560305767151567,252,204,"7"
"PHH93",0.0187492984102182,364,82,282,0.0441379430238739,0.00537690196545791,336,54,0.0216754344601055,323,41,"7"
"PHHH9",0.0124558781300497,379,37,342,0.0361478718508144,0.00399695519338296,370,28,0.0207677366539602,380,38,"7"
"PHHV4",0.0698804715773942,357,346,11,0.0695020725890576,0.0199472686845173,301,290,0.104434380600907,351,340,"7"
"PHJ70",0.0538485080356843,638,310,328,0.0378667771441516,0.0218587142178148,633,305,0.0789697229617046,617,289,"7"
"PHJ89",0.0179768803040835,367,75,292,0.0425638438412853,0.00682988111600167,375,83,0.0277053119165423,370,78,"7"
"PHJ90",0.0552279877561443,488,315,173,0.0518302970687728,0.0226452913963092,485,312,0.0728475668581848,441,268,"7"
"PHJR5",0.0753284928359512,556,351,205,0.049797854881622,0.0327572400140053,558,353,0.0959729967930338,532,327,"7"
"PHK35",0.0176723044549837,353,73,280,0.0441836784453895,0.00738824802688726,374,94,0.0272601885199933,355,75,"7"
"PHK42",0.0233440538512184,135,118,17,0.0679185177832647,0.0080277622668759,127,110,0.0357764913314312,124,107,"7"
"PHK56",0.0263816752288872,398,137,261,0.045569299480541,0.0112249416825268,418,157,0.0504925130034225,429,168,"7"
"PHK74",0.0467242273214054,346,281,65,0.0604303539667402,0.0240485509926987,392,327,0.069087498606767,320,255,"7"
"PHKE6",0.0335475871284636,386,195,191,0.0507090885814302,0.0146982725431769,418,227,0.045560657425286,334,143,"7"
"PHM10",0.014610039863444,314,54,260,0.0456737386400492,0.00473363426448694,303,43,0.0245534944626448,321,61,"7"
"PHN11",0.0112126816089695,177,29,148,0.053429916918772,0.00341268351446042,165,17,0.0173982372320042,171,23,"7"
"PHN29",0.0417888451494689,433,255,178,0.0516346632254502,0.0155898965498622,412,234,0.0527039771488899,361,183,"7"
"PHN66",0.0283649079288959,294,145,149,0.0533820554243375,0.0130271589696604,340,191,0.0563887632087698,357,208,"7"
"PHN82",0.0216433978893128,189,100,89,0.057958659224017,0.00894866027867363,214,125,0.0398317548145184,213,124,"7"
"PHP02",0.0554352768260884,653,316,337,0.0367436761156523,0.0177783926911927,605,268,0.0923838114983435,656,319,"7"
"PHP55",0.0337778210983045,323,196,127,0.0547523293353138,0.0157216647141981,364,237,0.0466112412242525,272,145,"7"
"PHP76",0.0476859154387903,374,284,90,0.0578310418234913,0.0240717955166324,418,328,0.0726657358331596,357,267,"7"
"PHP85",0.0114852652428921,229,32,197,0.050121801954954,0.006108629378938,269,72,0.0175426285032551,221,24,"7"
"PHPR5",0.0292598015127365,455,153,302,0.0417296838749504,0.0101865266578966,444,142,0.0530365694579479,486,184,"7"
"PHR03",0.00188449743399153,343,3,340,0.0366327585690506,0.000776190851348523,343,3,0.00357727777719865,343,3,"7"
"PHR30",0.0546906692410941,617,313,304,0.0415178950093065,0.0200567701747291,595,291,0.09405032820158,627,323,"7"
"PHR31",0.0227830402146606,227,111,116,0.0555906905675907,0.00640953710681477,193,77,0.0309087000707993,205,89,"7"
"PHR36",0.0333845445808866,529,193,336,0.0369119650522833,0.00978581375029542,473,137,0.0386850830260054,455,119,"7"
"PHR47",0.022303412378706,393,106,287,0.043386706163245,0.00740385750159792,382,95,0.0385042777989987,405,118,"7"
"PHR63",0.0215661940732966,290,98,192,0.0506556541949673,0.00793170766139322,300,108,0.0415378913049506,323,131,"7"
"PHT10",0.0311408994803811,531,170,361,0.0267349669665695,0.00974997490408359,497,136,0.0410215941354371,490,129,"7"
"PHT47",0.0384799256329723,573,232,341,0.0361808308813277,0.012182038252736,517,176,0.0548114064048226,535,194,"7"
"PHT55",0.0287799547196604,401,148,253,0.0462147333524359,0.0120254393625998,426,173,0.0563895672127263,462,209,"7"
"PHTM9",0.0525269113488257,536,302,234,0.0481683113543092,0.0234399641323663,553,319,0.0710078087815495,496,262,"7"
"PHV37",0.0397450121774295,405,243,162,0.0526987592241847,0.0173168137287678,421,259,0.0833025543555765,466,304,"7"
"PHV57",0.0375208423951535,242,223,19,0.0671497179466447,0.015666063058586,255,236,0.0702115761328334,279,260,"7"
"PHV63",0.0256404063088327,371,133,238,0.047789693701436,0.0111510928341134,394,156,0.0395538536698126,359,121,"7"
"PHVA9",0.00910536465990419,148,17,131,0.054525118124381,0.00374186936662432,155,24,0.017107661143442,153,22,"7"
"PHVJ4",0.0656538530823179,412,337,75,0.0592734262689199,0.0278518971618342,416,341,0.137868668489279,429,354,"7"
"PHW03",0.0221746750170321,149,105,44,0.0645196119427514,0.00935458981142248,173,129,0.0417794958150274,177,133,"7"
"PHW17",0.0131673982718722,366,45,321,0.0391498568180581,0.00407794807632797,351,30,0.0209876080271506,360,39,"7"
"PHW20",0.0293421627550104,230,154,76,0.0592220961452238,0.0083133114440207,191,115,0.040806441232188,204,128,"7"
"PHW30",0.0209260122959787,359,91,268,0.0451541014312051,0.00608146281006136,338,70,0.0255396505937931,334,66,"7"
"PHW43",0.0376919747103465,312,225,87,0.0581168722233332,0.0181233146116316,359,272,0.0567546245975319,297,210,"7"
"PHW52",0.0372287836785076,505,219,286,0.0435372028741324,0.0160376827664744,529,243,0.0792031157917373,576,290,"7"
"PHW53",0.0301319044526481,409,162,247,0.0471856908143779,0.0115814207594692,411,164,0.0501920349913487,413,166,"7"
"PHW80",0.0754447725745827,699,352,347,0.0348502348748945,0.0258298608082295,684,337,0.0932815102417171,667,320,"7"
"PHWG5",0.0746732633708907,408,350,58,0.0614588344501384,0.0219796567202891,365,307,0.100983326995303,396,338,"7"
"PHZ51",0.0244956756088533,414,126,288,0.042875567038408,0.00834315735425203,405,117,0.03720711412135,400,112,"7"
"Q381",0.0395118670074634,268,238,30,0.0655911463522645,0.0125386176352313,214,184,0.0617517569881111,256,226,"7"
"R168",0.0639439411499198,490,334,156,0.053086221376464,0.0227146080671975,469,313,0.0785152763196637,442,286,"7"
"R177",0.0416147111783275,589,250,339,0.0366486231782249,0.016066116158946,584,245,0.0807481651016447,638,299,"7"
"R181B",0.0147757523869193,132,55,77,0.059045898742485,0.00535176412457107,130,53,0.0184338234891173,102,25,"7"
"R226",0.0108458066592317,287,25,262,0.0455023932898975,0.00500540560376301,310,48,0.0170821837871778,283,21,"7"
"R229",0.0119785631599002,314,35,279,0.0442568843107794,0.00499693083679845,326,47,0.0224039771968537,326,47,"7"
"R71",0.0422637907201962,262,259,3,0.075797830177349,0.0143681201935901,222,219,0.0685946017054226,254,251,"7"
"R78",0.0450190301074704,605,272,333,0.0369611174982338,0.0177726288907488,600,267,0.0787822221721614,621,288,"7"
"SD101",0.0186762325164261,169,81,88,0.0580802847812319,0.00721446596797632,177,89,0.033570805318246,187,99,"7"
"SD102",0.0231986342305957,147,113,34,0.0652389090514914,0.00668608885109341,114,80,0.0333229451012423,130,96,"7"
"SD107",0.0578268307890309,383,324,59,0.0609950867014643,0.0244442163755328,389,330,0.0921696278103115,376,317,"7"
"SD40",0.0314550739712223,320,173,147,0.0535847576513247,0.0126223693345696,333,186,0.0534154291013224,332,185,"7"
"SD44",0.0464836117766209,464,279,185,0.0511057857488225,0.0165050697598116,434,249,0.0581384113646786,401,216,"7"
"SG 30A",0.00986558522966444,258,21,237,0.0481094988089399,0.00369963724243748,260,23,0.0186877362301487,265,28,"7"
"T242",0.0137059559115031,120,49,71,0.0596993883455446,0.00435557532822867,107,36,0.0226690497686603,120,49,"7"
"Tr",0.0259701311906453,417,136,281,0.0441489308325365,0.0113343378234405,441,160,0.0558668740052178,484,203,"7"
"TZU-CHIAO-HSI-WU 105",0.0560928613715979,350,317,33,0.0652578745916988,0.024106935686486,362,329,0.0785475319228071,320,287,"7"
"Va26",0.0437134870011746,568,265,303,0.0415980366171338,0.0187545053580244,583,280,0.0687607700793382,557,254,"7"
"Va35",0.0216934391106768,407,101,306,0.0413403859200925,0.00768764769429317,408,102,0.0339685630408727,408,102,"7"
"Va52",0.0366332553516212,264,210,54,0.0625213864459595,0.0119906180399122,226,172,0.0406898777669252,181,127,"7"
"Va99",0.0492073715648284,584,286,298,0.0418250533673018,0.0213930153591877,602,304,0.0693421297144886,554,256,"7"
"W182E",0.00631991142126411,155,10,145,0.0539306159521274,0.00265276707946352,158,13,0.0118652744104376,157,12,"7"
"W22",0.0538407908995464,445,309,136,0.0543911940142648,0.0179363516630007,405,269,0.0618695970779881,364,228,"7"
"W23",0.120737438337517,377,363,14,0.0688525577159572,0.0434487417560917,375,361,0.223155561264323,378,364,"7"
"W24",0.0183917173518095,322,78,244,0.0474331596259701,0.00660002434061822,323,79,0.0338082712272167,345,101,"7"
"W32",0.053010064686637,416,304,112,0.0560179384233366,0.0206783038481323,409,297,0.103747441116302,451,339,"7"
"W37A",0.0587430264894348,675,326,349,0.0344803521306875,0.0191662884372625,635,286,0.0795205195807136,642,293,"7"
"W552",0.0448302542138671,622,271,351,0.0336961480473967,0.0170714305558912,604,253,0.0542742718269824,541,190,"7"
"W603S",0.0519862207361242,617,299,318,0.0393404667795124,0.0213914714047335,621,303,0.0983629696306279,648,330,"7"
"W604S",0.0443415836587412,383,268,115,0.0556650568395025,0.0182276018410231,389,274,0.0535824529921534,301,186,"7"
"W605S",0.0368747674670844,238,212,26,0.066016409856433,0.0131061027731533,220,194,0.0640867921120323,261,235,"7"
"W607S",0.0181609471594079,292,76,216,0.0492513455034604,0.00939751419090242,346,130,0.0270248945215604,289,73,"7"
"W610S",0.00555008536981956,339,8,331,0.0373096170334364,0.0017727636178523,338,7,0.00921847833084176,338,7,"7"
"W611S",0.0405144045959901,610,245,365,0.0234553702976937,0.0146855539663722,591,226,0.0652983466675486,606,241,"7"
"W612S",0.0211071676481447,314,94,220,0.0491338431312112,0.00685757992514003,304,84,0.0250237901902897,283,63,"7"
"W614S",0.0310756210641338,401,169,232,0.0482468360159602,0.0112355386806144,390,158,0.0567686582496896,443,211,"7"
"W64A",0.0244903016909115,231,125,106,0.0564285615428605,0.00855971190234111,224,118,0.0364377717450723,215,109,"7"
"W701BC",0.0371708906715676,219,218,1,0.078364706389746,0.0181486445388529,274,273,0.0541973895677932,189,188,"7"
"W803G",0.0331862330950231,533,189,344,0.0356150000233007,0.0138566834536921,558,214,0.0649363639159198,584,240,"7"
"W809G",0.0152238238478085,222,61,161,0.0527362227335039,0.00734577569071883,254,93,0.0291503107360996,245,84,"7"
"W810G",0.0599085518831122,394,328,66,0.0602968961999775,0.0208766806723724,365,299,0.0986071381528984,398,332,"7"
"W811G",0.0106255434301096,271,23,248,0.0471428771687191,0.00437614673047993,285,37,0.0198226183054402,285,37,"7"
"W813G",0.0447958756668652,421,270,151,0.0533102484513336,0.0174258055511778,415,264,0.0874697059359388,461,310,"7"
"W8304",0.0636396013674453,546,333,213,0.049302370533045,0.0292390779117277,559,346,0.0987844101794685,548,335,"7"
"W9",0.0280331680621027,276,143,133,0.054432256280973,0.0133728647755379,332,199,0.0384229072020329,250,117,"7"
"WIL900",0.0355681626020077,515,203,312,0.0405143624323892,0.0116055080439459,478,166,0.0519775090626816,489,177,"7"
"WU-TAN-TZAO",0.0164844579071964,413,67,346,0.0350683097213705,0.00743120735406546,443,97,0.0229283182726276,397,51,"7"
"YE 4",0.0223952831812261,463,107,356,0.0297108845826073,0.00680656234738449,438,82,0.0351035008611348,461,105,"7"
"YING-55",0.0409133419516474,411,247,164,0.0525385753267071,0.0172582421027283,421,257,0.0547643497745746,357,193,"7"
"Yu796 NS",0.0215385454719473,260,97,163,0.052655153783628,0.00872955598629681,285,122,0.0349775230887994,266,103,"7"
"ZS365",0.0291470169170193,475,152,323,0.0385945548460896,0.0120695525902776,498,175,0.0560845752547213,528,205,"7"
"ZS635",0.00343549929768436,151,5,146,0.0539208340530877,0.00135695498560619,151,5,0.0060330233994947,151,5,"7"
"1538",0.0169578526872138,105,23,82,0.0910028057207048,0.00596517774231268,112,30,0.0205950884198202,112,30,"8"
"29MIBZ2",0.117696806686539,507,350,157,0.0815994351516335,0.0431122441387508,515,358,0.147147434422083,515,358,"8"
"2FACC",0.066822343950749,282,246,36,0.100119203486534,0.0178456770555401,233,197,0.0635509475362727,240,204,"8"
"2MA22",0.0594785107057006,316,210,106,0.0873003441633175,0.0218303055377596,353,247,0.0745779523551227,351,245,"8"
"3IJI1",0.0902037887487741,381,311,70,0.0923296055837844,0.0260944055609197,363,293,0.0935816833283934,369,299,"8"
"4226",0.108879460668861,396,343,53,0.0963649841876238,0.0304795708039967,377,324,0.10541933960482,377,324,"8"
"4N506",0.0642967319704804,488,234,254,0.072240889961163,0.0228664318118362,519,265,0.0780643362887521,514,260,"8"
"6M502",0.0254397940146081,248,61,187,0.0781947986306515,0.0067999663584857,227,40,0.0243670184586449,230,43,"8"
"6M502A",0.0442418436789965,405,147,258,0.0715432321732035,0.0106191683813303,363,105,0.0376324072113679,367,109,"8"
"764",0.0716392812485545,502,260,242,0.0733248510629018,0.0264412637560659,538,296,0.0906953525027057,535,293,"8"
"78010",0.0518683903305128,442,179,263,0.0711159125220365,0.0181888856248867,468,205,0.0627081266304032,463,200,"8"
"793",0.0379565087461117,186,122,64,0.0938400739469748,0.0108820259824114,177,113,0.0389436081172245,178,114,"8"
"87916W",0.0385793207849695,300,127,173,0.0794517738466682,0.0134479292904723,311,138,0.0462027748055118,307,134,"8"
"911",0.0158300781292418,70,18,52,0.0967770321898235,0.00618004806470008,86,34,0.0213038458825119,85,33,"8"
"912",0.0648645413495736,510,238,272,0.069704130143838,0.0248133680414006,558,286,0.0852790896625778,556,284,"8"
"91IFC2",0.0773056579108749,429,278,151,0.0824130321571711,0.0299432863587855,474,323,0.103127108713963,474,323,"8"
"A",0.0351462325334779,381,103,278,0.0687256643719052,0.010141411080712,376,98,0.0363452115768729,378,100,"8"
"A208",0.0191607706839501,175,32,143,0.0835427926233299,0.00747570260833593,193,50,0.0255648399773378,191,48,"8"
"A239",0.0648133933871183,313,237,76,0.0917791484800987,0.0169375343099029,259,183,0.0591516908588978,261,185,"8"
"A272",0.0258328692854545,369,63,306,0.064330468140304,0.00948929466051457,394,88,0.0324253694682896,391,85,"8"
"A305",0.0743869320514253,417,267,150,0.0826535192733402,0.0206290380260685,387,237,0.0738311902011207,393,243,"8"
"A322",0.0455066950393858,449,153,296,0.0659637668530143,0.0140401841451474,442,146,0.0503106393360357,447,151,"8"
"A334",0.0604079436454897,222,217,5,0.114007056597662,0.0242877433532572,288,283,0.0832193270520348,284,279,"8"
"A340",0.00740379777694342,16,6,10,0.11043917963623,0.00234467326653252,15,5,0.00820117515896848,15,5,"8"
"A374",0.0785881945126202,446,283,163,0.0807004145806192,0.0229832914612075,430,267,0.081933033323467,436,273,"8"
"A385",0.0485454684522137,254,170,84,0.0908657926192868,0.0182057778929745,290,206,0.062440340626345,281,197,"8"
"A401",0.0475281321730592,406,165,241,0.073341033187991,0.0188241713632809,456,215,0.0646037489259049,453,212,"8"
"A427",0.0550201975123829,410,192,218,0.0759994342074995,0.0169751644457686,402,184,0.0585894401406642,400,182,"8"
"A548",0.0381157643637103,167,123,44,0.0976587196474878,0.0143641063549375,195,151,0.0490215692014048,190,146,"8"
"A572",0.0289613900934024,144,78,66,0.0930859089518875,0.007855329941564,120,54,0.0281121286166224,124,58,"8"
"A619",0.110889101796079,673,345,328,0.059336888719609,0.0315622999250579,662,334,0.112811426371923,666,338,"8"
"A627",0.0275221817144031,325,69,256,0.0719843436655348,0.0083069515269453,323,67,0.0292161996072596,325,69,"8"
"A632",0.0899467428268964,419,310,109,0.0868980627951585,0.0218321759415289,357,248,0.0771509562853212,361,252,"8"
"A635",0.120473032001442,372,355,17,0.105675991289103,0.0341779156780761,358,341,0.121954046020908,358,341,"8"
"A641",0.0243968872911458,312,55,257,0.071698301326246,0.00931387989533787,343,86,0.0321561880637609,339,82,"8"
"A648",0.0645314952856352,482,236,246,0.073209644662807,0.0174722948824985,437,191,0.0616678799146772,439,193,"8"
"A663",0.00991530339070645,101,9,92,0.090003261582128,0.00275599509700178,99,7,0.00987245803705137,99,7,"8"
"A672",0.0147288447455098,119,16,103,0.0878306188198077,0.00433108837859255,118,15,0.0152448035272193,118,15,"8"
"A674",0.081623471833237,305,294,11,0.109385353035422,0.0299034787274199,333,322,0.10208304673572,331,320,"8"
"A679",0.115352914119685,472,349,123,0.0854741881551675,0.0311477207654514,453,330,0.108036662938402,455,332,"8"
"A680",0.0811337853914142,381,291,90,0.0900825855962854,0.0309385370697061,417,327,0.106821282532058,415,325,"8"
"A682",0.0313434325028998,191,90,101,0.0880528868306355,0.00844165820367927,173,72,0.0300912491412078,174,73,"8"
"A71",0.0264573034905322,262,65,197,0.0772051399337699,0.00971093494044863,286,89,0.0331230302930053,285,88,"8"
"A73",0.0612286477508751,375,222,153,0.082073896599811,0.0179556422979702,351,198,0.0643159372305581,360,207,"8"
"A797NW",0.02248076822737,210,50,160,0.0810035520415217,0.00826754349714052,223,63,0.0281965075579068,220,60,"8"
"AQA3",0.0456547987528268,213,154,59,0.0950297345225173,0.0146113772409809,214,155,0.0509780561610131,217,158,"8"
"AS6103",0.0544186419097703,318,190,128,0.0854023782647158,0.0191523444662529,347,219,0.0653283284162859,344,216,"8"
"AusTRCF 306238",0.03587600539988,467,107,360,0.0450567397553071,0.0101187796683818,457,97,0.0349541641803235,452,92,"8"
"B-18 INBR.FR.SUPERGOLD",0.127528080027377,477,357,120,0.085664538719559,0.0473331572009657,482,362,0.161602409015528,481,361,"8"
"B-28",0.0882838770227319,389,303,86,0.0903642663001857,0.0266604305061792,386,300,0.0937603619836543,386,300,"8"
"B103",0.0193502520359669,134,35,99,0.0883284215839273,0.00613615481252083,132,33,0.0214266908698183,133,34,"8"
"B104",0.113164642784951,386,348,38,0.0986549285184246,0.0403123761395923,393,355,0.137802823969608,392,354,"8"
"B105",0.0216415203796503,232,43,189,0.0780566372921823,0.00793072990713026,246,57,0.0273139791236,244,55,"8"
"B108",0.0676770204390931,459,249,210,0.076337513990913,0.0237800922333695,488,278,0.080926971331124,481,271,"8"
"B109",0.0368396484709171,415,115,300,0.0651299358107208,0.0149204326226808,463,163,0.0511477773309942,459,159,"8"
"B110",0.0320665623710454,109,93,16,0.105835755104717,0.00907250853525043,98,82,0.0325335104960259,102,86,"8"
"B111",0.0460769545913635,231,160,71,0.0919918375978202,0.0131338359087172,204,133,0.045575051993472,203,132,"8"
"B115",0.0451996061397501,416,150,266,0.070735185210299,0.0133683007016823,402,136,0.0476930449627644,406,140,"8"
"B119",0.030103105389236,330,82,248,0.0728059234376681,0.00880383683473316,324,76,0.0311118835112588,325,77,"8"
"B120",0.109835353617165,469,344,125,0.085442098721551,0.0308889390133222,451,326,0.109542744407091,459,334,"8"
"B121",0.0596018654672759,352,211,141,0.0841848939226357,0.0165775633935478,318,177,0.0580079014541133,322,181,"8"
"B14A",0.0539716742546352,411,189,222,0.075214395814302,0.0139897650057237,367,145,0.0501477407107563,371,149,"8"
"B164",0.150201076920738,375,363,12,0.108249403164934,0.0557148606746946,377,365,0.19002118228342,377,365,"8"
"B2",0.0525170720041989,409,181,228,0.0744721297869724,0.0141062803185955,376,148,0.0505170529023129,381,153,"8"
"B37",0.0466426825858397,341,162,179,0.0789503479725225,0.0138098016131361,322,143,0.0477690042695044,320,141,"8"
"B47",0.0222383119961398,363,47,316,0.0626329387288378,0.00629615578099982,351,35,0.0225472271336152,353,37,"8"
"B57",0.0739674643076549,473,265,208,0.0765782954036079,0.0282859929052591,523,315,0.097268246624277,522,314,"8"
"B66",0.0820681805113006,560,295,265,0.0709417971942247,0.0238091393781727,545,280,0.0826577104073913,541,276,"8"
"B68",0.0658735596360976,586,244,342,0.0551833938193445,0.0178165410776779,538,196,0.0637318828125231,547,205,"8"
"B73",0.0310592929527837,248,89,159,0.0810556377837889,0.00880656486341626,236,77,0.0307558079367705,235,76,"8"
"B75",0.0478000652497836,523,167,356,0.0477595712111091,0.0175841164827752,549,193,0.0601071958073555,543,187,"8"
"B76",0.041150817507169,136,135,1,0.128689690913515,0.0144255740731462,154,153,0.0491441670020635,149,148,"8"
"B77",0.0354816378312923,303,105,198,0.0771640062195158,0.0126066547653534,325,127,0.0429159113952634,323,125,"8"
"B79",0.0879239807718641,417,302,115,0.0863020849052273,0.025768963908399,405,290,0.0918966232256092,410,295,"8"
"B87",0.0189646409371408,112,31,81,0.0911749329534005,0.00725582360911422,126,45,0.0249368009568015,127,46,"8"
"B88",0.0426243846677838,284,140,144,0.0834849798664666,0.0160862718169154,319,175,0.0549029473414044,314,170,"8"
"B91",0.0498115328331271,223,172,51,0.09684249376782,0.0158231490340296,223,172,0.0553942495199113,223,172,"8"
"B97",0.0208000311233066,352,40,312,0.0638631746691695,0.00746395701904658,361,49,0.0258555602211819,362,50,"8"
"BEI 10 = NORTH 10",0.089437283069014,382,309,73,0.0919344021383985,0.0314492329658775,406,333,0.109233345051647,406,333,"8"
"BO9",0.184813306546282,671,366,305,0.0644919804483099,0.0559353875546835,671,366,0.200581024665586,671,366,"8"
"CA-4",0.1319341059066,372,359,13,0.106845250560779,0.0488700105764694,377,364,0.169273656643695,377,364,"8"
"CG102",0.0516085802648836,453,178,275,0.0690351771989134,0.014949283709381,439,164,0.0516093604248575,436,161,"8"
"CH701-30",0.038116607310273,171,124,47,0.0971813086458526,0.0132152757335175,182,135,0.045422548216388,178,131,"8"
"CH711-10",0.0814582487865434,632,292,340,0.0560481906747409,0.0228956819873385,606,266,0.0794566759890154,603,263,"8"
"CH753-4",0.0911077219467195,526,315,211,0.0763361328446284,0.0293915737692098,531,320,0.101774491061174,530,319,"8"
"CH9",0.103270338964562,657,332,325,0.0605307806336932,0.02842716536464,641,316,0.101402352846062,643,318,"8"
"CI 40H",0.0583582143148737,237,205,32,0.101687318466656,0.0232609322396456,303,271,0.0796558023329467,297,265,"8"
"CM105",0.0828768201236092,524,297,227,0.0745163702203193,0.0271624375710491,536,309,0.0943174959192839,528,301,"8"
"CQ702RC",0.0694524108495031,485,253,232,0.0740357924552594,0.0198204612287059,461,229,0.0704348583868644,463,231,"8"
"CR 22 INBRED",0.0786521328951339,503,284,219,0.0757835579702547,0.0237172620943747,496,277,0.0832726689365628,499,280,"8"
"DE2",0.0365920937002943,470,112,358,0.0469246089282488,0.0104139983476824,459,101,0.0372210242012149,464,106,"8"
"DE3",0.00683960957876592,371,5,366,0.0197396468554022,0.00267634564763343,372,6,0.00922827786725813,372,6,"8"
"DE4",0.0511383561835642,510,175,335,0.0574875882436406,0.0187979519324167,549,214,0.0641117221247288,541,206,"8"
"DE811",0.0463298256078331,445,161,284,0.0677983019863225,0.0157018565202983,455,171,0.0543099548165444,452,168,"8"
"DJ7",0.0570884478198299,418,198,220,0.0756721752552995,0.02141322767453,462,242,0.0736342682673981,462,242,"8"
"DK3IIH6",0.097064136713577,554,325,229,0.0742278216305162,0.0270842998962493,535,306,0.0954368358361966,541,312,"8"
"DK4676A",0.0522990827292544,404,180,224,0.0749199954282303,0.0147083348524699,381,157,0.0508095641883428,380,156,"8"
"DK78002A",0.100369444639339,424,329,95,0.0891594467237043,0.0369674144332114,441,346,0.127303932724851,441,346,"8"
"DK78010",0.053114019009969,233,184,49,0.0971269741272477,0.0195209411485633,271,222,0.0667130293036077,270,221,"8"
"DK78371A",0.073312498320457,613,263,350,0.0511459725936811,0.0235794717793151,625,275,0.0823811996477464,625,275,"8"
"DKFAPW",0.0503217389100547,261,173,88,0.0901424031912265,0.0150881514097152,253,165,0.0530763340485223,253,165,"8"
"DKFBHJ",0.0170340031894533,201,24,177,0.0790021192790628,0.00536795031369175,197,20,0.0185376942337704,196,19,"8"
"DKMBNA",0.0344278430791896,176,98,78,0.0914904443764195,0.0104118205892724,178,100,0.0366219908874824,179,101,"8"
"DKPB80",0.0412638140112593,247,136,111,0.086775121417073,0.0117506775441225,231,120,0.0421369904254165,233,122,"8"
"E8501",0.0607785502844508,554,221,333,0.0581306378246325,0.0207244465114859,572,239,0.0709168817659463,567,234,"8"
"EAST 028",0.064408352422959,347,235,112,0.0864675637439883,0.0228196275783165,375,263,0.0777809483159462,370,258,"8"
"Eng-Li Chih",0.0668283130122708,280,247,33,0.100968535308894,0.0170895703941269,218,185,0.0601488432378273,221,188,"8"
"F118",0.172658236908138,581,365,216,0.076084102427415,0.0482002313737543,579,363,0.167065984635685,579,363,"8"
"F2834T",0.0216076797896399,282,42,240,0.0734773977894519,0.00831555960361428,308,68,0.0286174442982714,306,66,"8"
"FBLA",0.108312644903034,666,342,324,0.0608316982853145,0.0397945056976702,678,354,0.135672521841196,677,353,"8"
"FR19",0.0804280712407816,644,289,355,0.0477644514256528,0.0228174294148541,617,262,0.0814185299819198,627,272,"8"
"H105W",0.0206073059356554,229,38,191,0.0779501387634494,0.00828421557043614,256,65,0.0283846992468525,253,62,"8"
"H110",0.03180208026899,274,92,182,0.0785849118603266,0.00937967097206479,269,87,0.0333541118554207,271,89,"8"
"H113",0.12445052971628,531,356,175,0.0791553584741414,0.0347790135495947,517,342,0.124736266890419,519,344,"8"
"H121",0.0633395704756966,419,231,188,0.0781465891672585,0.0152816122621208,356,168,0.0545524301078076,357,169,"8"
"H122w",0.0180062215619651,346,27,319,0.061726905091491,0.00581214996683358,348,29,0.0202136536298452,347,28,"8"
"H5",0.0367719236352733,345,114,231,0.074092706144649,0.0135334521913657,372,141,0.04626580390571,366,135,"8"
"H71",0.0601017986596832,244,215,29,0.102743528961249,0.0182088043888725,236,207,0.063063289896312,231,202,"8"
"H84",0.0656670636268448,432,242,190,0.0780132900044867,0.018018743205419,393,203,0.0645269929822242,401,211,"8"
"H91",0.105663558438029,636,337,299,0.0654842664354725,0.0362761686953081,644,345,0.124421559263652,642,343,"8"
"H95",0.025413367454209,272,60,212,0.0762729421451057,0.00834298965515509,282,70,0.02855396834326,276,64,"8"
"H96",0.0352946996911317,414,104,310,0.0640799417211912,0.0125980147987384,436,126,0.0431491481080301,436,126,"8"
"H99",0.0761345733717005,278,275,3,0.116660815397298,0.0227871600331605,264,261,0.0802360953335425,270,267,"8"
"HP301",0.101701169869736,334,330,4,0.114207328187495,0.0379133184343919,354,350,0.12991332915062,351,347,"8"
"HUOBAI",0.0831259741729376,470,298,172,0.0796682458306271,0.0311768839725386,503,331,0.106928610301099,498,326,"8"
"Hy",0.0892561179540322,338,307,31,0.102361317600288,0.0327706618222714,369,338,0.111963945087667,367,336,"8"
"I29",0.107658925340761,406,341,65,0.0934598749020773,0.027379880592705,375,310,0.0963333956011616,378,313,"8"
"Ia 453",0.0565092818964799,203,196,7,0.11181327096761,0.0142883160994934,157,150,0.0503633330521507,159,152,"8"
"IA2132",0.0302496185684922,109,84,25,0.103168262107446,0.00917394988207597,109,84,0.0321907147931942,109,84,"8"
"IBB15",0.0458171460993872,164,158,6,0.112994932691259,0.0148952695760288,168,162,0.0519718678133765,169,163,"8"
"IBC2",0.0759660214281649,352,273,79,0.0913969536732598,0.028667940331694,396,317,0.0984099540976312,395,316,"8"
"ICI 193",0.0381707691817761,160,125,35,0.100485887311238,0.0142725775738117,184,149,0.0489765284575845,180,145,"8"
"ICI 740",0.0536565910640256,450,186,264,0.0709939821194585,0.019722607191578,492,228,0.0672709863608007,486,222,"8"
"ICI 893",0.00771092160349956,96,7,89,0.0901394285345443,0.00310696753116461,97,8,0.0106471962565426,97,8,"8"
"ICI 986",0.075257045348685,361,270,91,0.0900161985859242,0.0267376924531322,392,301,0.0920330011038114,387,296,"8"
"IDS28",0.0395659794262748,151,132,19,0.104776333648285,0.011532984648169,137,118,0.0407062471128484,137,118,"8"
"IDS69",0.0525490656431564,497,182,315,0.0629675664157658,0.0148919781950322,476,161,0.0531919465555249,481,166,"8"
"IDS91",0.0129710606848049,320,12,308,0.0642877353309919,0.00400438914187345,320,12,0.0143489082384226,320,12,"8"
"INB 101LFY/LFY (A632 X M16 S5)",0.074300095616769,560,266,294,0.0661458894887642,0.0189696722732713,512,218,0.0675424263892806,517,223,"8"
"INBRED 141",0.0613651285754723,298,223,75,0.0917932797568728,0.0189319660876971,291,216,0.0662306610520253,293,218,"8"
"INBRED 2-687",0.0301308707991746,225,83,142,0.0839800024916637,0.00853974948671736,215,73,0.0303023299394991,216,74,"8"
"INBRED 305",0.0773500761973924,630,279,351,0.0511445450942715,0.019673149905588,578,227,0.0699752551895963,579,228,"8"
"INBRED 321",0.0351161828860869,399,101,298,0.0655537491236426,0.013529533009476,438,140,0.0466904183626173,434,136,"8"
"K150",0.0682799070847183,293,250,43,0.0978083194514908,0.0202966749601158,278,235,0.0714401053840254,278,235,"8"
"K41",0.0838426851281238,549,300,249,0.0725793232701158,0.0235520057689633,523,274,0.0830166747611513,526,277,"8"
"K47",0.0738724434155932,499,264,235,0.0736258204399043,0.0276784296424204,548,313,0.0949157483823658,541,306,"8"
"KUNG-70",0.0201652346850349,373,37,336,0.0573914159414669,0.00572047952826646,364,28,0.020409219685601,365,29,"8"
"L 127",0.0228380307509183,183,51,132,0.0849459386234487,0.00819211331621821,193,61,0.0281531769892305,191,59,"8"
"L 139",0.0955155198839191,455,322,133,0.0848821563814007,0.026809195559642,435,302,0.0951430146351762,442,309,"8"
"L 289",0.033668886210003,356,97,259,0.0713914455051092,0.00984682645193709,351,92,0.0350951737965231,354,95,"8"
"LH1",0.0286530446045868,400,74,326,0.0601090981275706,0.00924778292242117,411,85,0.0321625729624816,409,83,"8"
"LH119",0.0048765304244444,170,3,167,0.0801455513368149,0.0019284972861915,171,4,0.00660065237625964,171,4,"8"
"LH128",0.0596392732862005,498,212,286,0.0676076896010344,0.0222291878149313,539,253,0.0758263557541768,534,248,"8"
"LH143 (Maintainer)",0.135851598908218,421,361,60,0.0949573732259011,0.0375986631090319,408,348,0.132891083254495,412,352,"8"
"LH146Ht",0.0278452836973455,307,70,237,0.073614158271149,0.00790255212878584,293,56,0.0280558711886685,294,57,"8"
"LH149",0.0936681198004504,402,317,85,0.0905952653547855,0.023938653175333,366,281,0.0858103090983833,370,285,"8"
"LH165",0.0231161069601387,252,52,200,0.0770883740840312,0.00682474470574799,243,43,0.0241346620284195,240,40,"8"
"LH166",0.0673698210073096,444,248,196,0.0772054986991833,0.0180480964492815,400,204,0.0643741378435672,405,209,"8"
"LH181",0.0626831547078164,444,229,215,0.076097871520919,0.019831456031365,445,230,0.06941647671589,440,225,"8"
"LH184",0.0351375862609221,206,102,104,0.0876000303180574,0.00994375667222965,197,93,0.0354659940377889,201,97,"8"
"LH190",0.0356066288700639,408,106,302,0.0648542082993608,0.00999362167329107,397,95,0.0356288629015014,400,98,"8"
"LH192",0.0254419411410474,365,62,303,0.0647200137615385,0.00839282303034685,374,71,0.0291245627276702,371,68,"8"
"LH194",0.103911217309832,650,333,317,0.062522008877872,0.0312872376623038,649,332,0.107680338972645,646,329,"8"
"LH195",0.0514521166539426,289,176,113,0.0864218619055343,0.0152509286221566,280,167,0.0538554822374282,280,167,"8"
"LH197",0.0599166916235883,476,214,262,0.0711915133901809,0.0219473049209786,512,250,0.0749076513559503,508,246,"8"
"LH198",0.0280249546746933,323,71,252,0.0723224801645094,0.010360470099902,351,99,0.0354506405046393,348,96,"8"
"LH202",0.0793654333644938,466,286,180,0.0786748706905332,0.0223690583384699,436,256,0.0776919133732848,437,257,"8"
"LH204",0.0951407236554225,630,321,309,0.0641591361252049,0.0361831856449251,653,344,0.123545566941846,651,342,"8"
"LH205",0.0458568549958073,511,159,352,0.051127477710077,0.0135280501830576,491,139,0.0476070725375611,491,139,"8"
"LH206",0.0941922587651637,563,318,245,0.073210319978595,0.0264650668161979,542,297,0.0945670916998941,548,303,"8"
"LH208",0.0759847781718115,559,274,285,0.0677395528171613,0.0252057747106589,573,288,0.0862274101235005,572,287,"8"
"LH209",0.0506377665759429,377,174,203,0.0769247096617965,0.0180086020819726,405,202,0.0621316596333344,398,195,"8"
"LH214",0.0125326210571351,350,11,339,0.0567422890075003,0.00358785002895832,348,9,0.0126317058572086,349,10,"8"
"LH215",0.0458099033779893,338,157,181,0.0786604597670535,0.0180053040649009,382,201,0.0616015852633556,373,192,"8"
"LH222",0.0699956260420266,284,254,30,0.102567792233542,0.0264392815888127,325,295,0.0907710815891645,324,294,"8"
"LH223",0.0715320807623289,355,259,96,0.0888176469047251,0.0221368717969988,348,252,0.0774052620362891,350,254,"8"
"LH224",0.0762906452022682,597,277,320,0.0614990422931718,0.0225631878284438,578,258,0.0797204760245474,586,266,"8"
"LH295",0.0573643325305025,372,201,171,0.0796774198729673,0.0146744209638209,327,156,0.0515678989410426,331,160,"8"
"LH60",0.0285284539538453,347,73,274,0.0696002785558857,0.00809346668003134,333,59,0.0288529716648038,341,67,"8"
"LH74",0.0272168970850353,83,68,15,0.106176114439744,0.00998287378176511,109,94,0.0340970922578537,106,91,"8"
"LH82",0.0781216273333202,315,281,34,0.100573063284804,0.0218079529987439,280,246,0.077601616184384,290,256,"8"
"LH93",0.0103940435605539,219,10,209,0.0764872628220999,0.00389929089866904,220,11,0.0133045205282669,220,11,"8"
"LIBC 4",0.0294659631884575,95,81,14,0.106534682215216,0.0107934613558514,122,108,0.0368338727349863,117,103,"8"
"LP1 NR HT",0.0902585941673361,422,312,110,0.0868274919030828,0.0235992628230296,386,276,0.0834750498521906,392,282,"8"
"LP5",0.0662251104334131,583,245,338,0.0569561379521917,0.0201338136689911,569,231,0.0694308430961838,564,226,"8"
"M14",0.030799895157433,235,87,148,0.0827240538850863,0.00821795314112164,210,62,0.0286127946632575,213,65,"8"
"MBPM",0.0703392224093297,433,255,178,0.0789841124735555,0.0201720652774433,411,233,0.0723168687131042,416,238,"8"
"MBWZ",0.019286396553124,256,33,223,0.0749679917045685,0.0054870890076108,246,23,0.0196331450975752,246,23,"8"
"MM501D",0.0390432678579217,237,130,107,0.0872464120733601,0.0118062895245759,228,121,0.0417002681385163,227,120,"8"
"Mo17",0.0220575395447796,203,45,158,0.0814874520919736,0.00811079492981504,218,60,0.0276620544859743,214,56,"8"
"Mo1W",0.0515299725867986,437,177,260,0.0713291423542285,0.0193008254092351,481,221,0.0666995715346268,480,220,"8"
"Mo46",0.0239443542479351,386,54,332,0.0581960010449796,0.00630195545406519,368,36,0.0219787725563727,368,36,"8"
"Mo47",0.0888239199708387,441,306,135,0.0848282610260782,0.0280006860516097,449,314,0.0979859873194269,450,315,"8"
"Mo5",0.104476460488085,342,334,8,0.111013145463402,0.031014791957475,337,329,0.107137104216258,336,328,"8"
"MQ305",0.0307855606668964,285,86,199,0.0771094979507112,0.00999921347505634,295,96,0.0349589679587895,292,93,"8"
"MS116",0.133449013316531,652,360,292,0.0664531707727155,0.0392499029554367,645,353,0.140659292250032,647,355,"8"
"MS132",0.0823746800255752,396,296,100,0.0881543148441675,0.0274308280926269,411,311,0.0951763424036437,410,310,"8"
"MS200",0.0480673252929836,334,168,166,0.0802872970259342,0.0176374463156541,360,194,0.0602492911849583,356,190,"8"
"MS211",0.0477733607131234,302,166,136,0.0846746441785858,0.0137016294680437,278,142,0.0491228556544236,283,147,"8"
"MS221",0.0549074241539918,435,191,244,0.0732393478808286,0.0182604875163029,452,208,0.0633196655859302,447,203,"8"
"MS224",0.0604734860545872,237,219,18,0.105324170116839,0.0187088655096487,231,213,0.0650089863277914,233,215,"8"
"MS225",0.080323382430928,396,288,108,0.0868994853571358,0.0232873839342434,380,272,0.0806981194210153,378,270,"8"
"MS226",0.0246368590720576,303,56,247,0.0730891987838106,0.00764931732215959,299,52,0.0268374927376276,299,52,"8"
"MS24A",0.0305504324800908,352,85,267,0.0703781371578995,0.0108523430445595,379,112,0.0371002388078221,371,104,"8"
"MS67",0.0614084187030099,577,224,353,0.0510364356702839,0.0189636995893305,570,217,0.0665098393484426,572,219,"8"
"MS71",0.0926659143906853,374,316,58,0.095643151646252,0.0334230818254964,398,340,0.114388585202709,397,339,"8"
"MS72",0.0387134645791937,177,129,48,0.0971764820184439,0.011399588928672,165,117,0.0404806132291037,165,117,"8"
"N192",0.090450308700094,358,313,45,0.09758456091908,0.023961558442678,327,282,0.0833105536090532,326,281,"8"
"N193",0.0616704765333585,439,226,213,0.0762352191987985,0.0168184765828105,395,182,0.0590813674253361,397,184,"8"
"N200",0.026642982062739,300,66,234,0.0738944513666994,0.0104780900429282,336,102,0.0358504242560369,333,99,"8"
"N201",0.0164024665747153,142,20,122,0.0854915094170441,0.00605569668803751,153,31,0.0209431861771431,154,32,"8"
"N209",0.0219516344057451,248,44,204,0.0766898911685273,0.00827599777462565,268,64,0.028405607548748,267,63,"8"
"N211",0.105303530424147,690,336,354,0.0503675997574554,0.0380846464548489,705,351,0.131262988155923,704,350,"8"
"N217",0.0452157051404079,238,151,87,0.0902444624559005,0.0145856680225225,241,154,0.050927435554981,244,157,"8"
"N218",0.0371372870746847,394,121,273,0.0696726373966772,0.0106816157850822,379,106,0.0382390099215304,383,110,"8"
"N28Ht",0.0362906066408473,239,109,130,0.0852592686625969,0.00889784758403283,209,79,0.0316021406959488,209,79,"8"
"N501",0.0690014248057604,457,252,205,0.0766733824095577,0.0253066250401721,494,289,0.0864334861990336,493,288,"8"
"N523",0.0708324713453963,585,256,329,0.0592893640330865,0.0276676788806516,641,312,0.0946227573838647,633,304,"8"
"N527",0.0252444720181495,340,58,282,0.067934403999993,0.00680841043061139,324,42,0.0243418888309252,324,42,"8"
"N534",0.0222043627399449,296,46,250,0.0725340405883063,0.00655856405956547,289,39,0.0235056120656054,289,39,"8"
"N542",0.0955482723711884,530,323,207,0.076609642250971,0.0243802037902582,491,284,0.0859526708024745,493,286,"8"
"N6",0.0744906845546258,493,268,225,0.0747799403380685,0.020144125074157,457,232,0.0716540345993915,461,236,"8"
"NC250",0.146644032377214,666,362,304,0.0645650697287508,0.0437389162743926,663,359,0.154360593719008,664,360,"8"
"NC262",0.0183362289245174,96,28,68,0.0927866529428395,0.00539857757779675,89,21,0.0191660667623968,89,21,"8"
"NC294",0.0655104874047553,427,241,186,0.0782588696460895,0.0247000927549452,471,285,0.0848686828198396,469,283,"8"
"NC310",0.0833470034208112,600,299,301,0.0649516703837115,0.0218358754719847,550,249,0.077494743003281,556,255,"8"
"NC326",0.0567726772132175,450,197,253,0.0723041917371383,0.0214528331272245,496,243,0.0732239757944891,493,240,"8"
"NC328",0.0972472812764926,595,326,269,0.0699720130292967,0.0269682333010769,573,304,0.0953951318687235,580,311,"8"
"NC342",0.0495894758824582,515,171,344,0.0545247508081722,0.0191797617780961,564,220,0.0658861839395639,561,217,"8"
"NC412",0.107031730761732,668,338,330,0.0589300417842959,0.0387675677704571,682,352,0.132048435927363,681,351,"8"
"ND259",0.0370929855074605,467,119,348,0.052119086239894,0.0104903132250264,451,103,0.0367129690483525,450,102,"8"
"ND265",0.0597131235825835,396,213,183,0.078530838691548,0.0228320101548191,447,264,0.0779803990408318,442,259,"8"
"NK740",0.0439203892119871,292,145,147,0.0827623109247391,0.013167357485526,281,134,0.0470113066915555,285,138,"8"
"NK778",0.102502840318048,470,331,139,0.0843217838889449,0.032487910288007,476,337,0.111703216536999,474,335,"8"
"NK807",0.0287744637142472,104,77,27,0.102962803268676,0.008661406670873,102,75,0.03047386873504,102,75,"8"
"NKS8326",0.0251605689334109,338,57,281,0.068532749460627,0.0068066685473266,322,41,0.0241973591575875,322,41,"8"
"NORTH 7",0.0482951970245091,300,169,131,0.0849538634127772,0.0183329299689725,341,210,0.0625903071596809,329,198,"8"
"NQ508",0.0906589216795473,354,314,40,0.098115702448285,0.0268623087914704,343,303,0.0944535955995023,342,302,"8"
"NS501",0.0131908731686519,80,13,67,0.0928363642008321,0.00409507088422312,80,13,0.0146723638951391,81,14,"8"
"NS701",0.043640711944468,454,143,311,0.0639345084468346,0.0167031386118631,489,178,0.0574440231024889,491,180,"8"
"NY6371",0.0331775895560644,259,94,165,0.080383815709864,0.00905462704980222,246,81,0.0316765113722984,245,80,"8"
"Ny821",0.0282695814803614,199,72,127,0.0854176199054363,0.00831980053200028,196,69,0.0298009558359923,198,71,"8"
"OH33",0.117818254797708,647,352,295,0.0660243599694538,0.0305855391399434,620,325,0.108034963052921,626,331,"8"
"Oh40B",0.0433516312412588,164,142,22,0.103384986724542,0.0120086053908932,145,123,0.0423615467908847,146,124,"8"
"Oh43",0.0624044539499092,589,228,361,0.043948271172591,0.0174266615770001,550,189,0.0623251006752064,557,196,"8"
"Oh7",0.0179424018845039,323,26,297,0.065583958344549,0.00558960321107062,323,26,0.020014139240407,324,27,"8"
"OQ403",0.0424234929649184,165,139,26,0.103068500481331,0.011642081928905,145,119,0.041475604252049,145,119,"8"
"OQ603",0.0222967116764789,172,48,124,0.0854487884270155,0.00649074743735227,162,38,0.0232535284147305,162,38,"8"
"Os420",0.0977247496550761,336,327,9,0.110504119597799,0.0249137534165457,296,287,0.0873629332224908,298,289,"8"
"OS602",0.0970627096628903,464,324,140,0.0842116208685005,0.0291167647615656,458,318,0.102461329056896,461,321,"8"
"Pa392",0.0715194045226549,432,258,174,0.079264369895018,0.0196392306327622,400,226,0.0702230817035614,404,230,"8"
"Pa405",0.033349933003988,157,95,62,0.0946925541137845,0.0098394059252001,153,91,0.0349952363254641,156,94,"8"
"Pa875",0.0748798268951792,502,269,233,0.0739397275609605,0.0214928892865601,477,244,0.0742203974988926,477,244,"8"
"Pa880",0.0286902525944299,96,75,21,0.103931158785261,0.0108826216588282,135,114,0.0375840831465592,128,107,"8"
"Pa91",0.0237125897030637,329,53,276,0.0690199803817565,0.00730008460679573,323,47,0.025546983902764,323,47,"8"
"PH207",0.0457693290274134,312,156,156,0.0816005105333173,0.0147832310161053,315,159,0.0507217044445582,311,155,"8"
"PHB09",0.0529211375693602,224,183,41,0.098113929081692,0.0130520619191628,171,130,0.0458982141915394,174,133,"8"
"PHB47",0.060157343430246,380,216,164,0.0804323660438498,0.0226097707378516,423,259,0.0771520627729771,417,253,"8"
"PHBA6",0.0363856008370545,303,110,193,0.0775905951355385,0.0121513040470045,317,124,0.0423023180544955,316,123,"8"
"PHBB3",0.047288879156161,378,164,214,0.0761449403027653,0.016767499945933,395,181,0.0570432284280745,389,175,"8"
"PHEG9",0.0446357960661382,287,149,138,0.0843894605789336,0.0130760297145087,270,132,0.0468298137950945,275,137,"8"
"PHG29",0.130171931476232,701,358,343,0.0547373476128602,0.0370812419095795,690,347,0.130990385793852,692,349,"8"
"PHG47",0.0995427097973593,554,328,226,0.0747308917412103,0.027134785985985,534,308,0.094949430626973,533,307,"8"
"PHG71",0.016682802415964,118,21,97,0.0886068364511945,0.00611495178615701,129,32,0.0208806373864615,128,31,"8"
"PHG80",0.118702842280244,524,354,170,0.0796820628652133,0.0424720474187984,527,357,0.145355479861102,527,357,"8"
"PHG83",0.0423725594437873,417,138,279,0.068607244835744,0.0124381003828546,404,125,0.0444230242481648,407,128,"8"
"PHG86",0.0395001594213445,154,131,23,0.10334686446947,0.0108488856287303,134,111,0.0387672100584555,136,113,"8"
"PHH93",0.0949530524843971,454,320,134,0.0848709897688882,0.0265337398081643,432,298,0.0950642292687308,442,308,"8"
"PHHH9",0.0777422825208391,644,280,364,0.0392219728919332,0.0292610255931087,683,319,0.099855323241185,681,317,"8"
"PHHV4",0.075795887169231,311,272,39,0.0986190048991583,0.026568472807792,338,299,0.0905052294240283,331,292,"8"
"PHJ70",0.0730892641843463,602,261,341,0.055545242565701,0.0231703527103631,610,269,0.0806798187040376,610,269,"8"
"PHJ89",0.0401084427694353,460,133,327,0.0596353945215353,0.0118472344138968,449,122,0.0417672415751114,448,121,"8"
"PHJ90",0.0636500848358872,362,233,129,0.085365323879781,0.0222740087126724,383,254,0.0764559816601935,380,251,"8"
"PHJR5",0.111524722668546,401,346,55,0.0961924981884625,0.0360744831381109,398,343,0.125036267733001,400,345,"8"
"PHK35",0.0152961273900359,305,17,288,0.0674605976543818,0.00490566026376878,306,18,0.0171162672045117,306,18,"8"
"PHK42",0.00984584737937238,28,8,20,0.10447265463473,0.00362726912750151,30,10,0.0124029801263108,29,9,"8"
"PHK56",0.0371320766784076,390,120,270,0.069807440085871,0.00881774131447678,348,78,0.0312918170327756,348,78,"8"
"PHK74",0.107082376988749,422,339,83,0.09092142242536,0.033411329571728,422,339,0.117352320340644,423,340,"8"
"PHKE6",0.0788010797424921,453,285,168,0.0800897444525772,0.0237825823959089,447,279,0.082070448229375,442,274,"8"
"PHM10",0.0422011137910174,408,137,271,0.069724724076856,0.0167308345811048,451,180,0.0572737915811128,448,177,"8"
"PHN11",0.0369026716155519,211,117,94,0.0894943636354764,0.013981905450006,238,144,0.0482904277983881,237,143,"8"
"PHN29",0.0581033590429802,387,203,184,0.0784310784099298,0.0172896293912004,371,187,0.0602327445405787,373,189,"8"
"PHN66",0.0287430034572177,153,76,77,0.0915560602673053,0.00769306746887748,130,53,0.0271775714135776,131,54,"8"
"PHN82",0.0253696773577336,164,59,105,0.0873815220254955,0.00976299643414774,195,90,0.0335985595863938,195,90,"8"
"PHP02",0.0554488445239603,527,193,334,0.0580858351203282,0.0186897238694745,546,212,0.064732739886217,548,214,"8"
"PHP55",0.031344451941717,141,91,50,0.096860077478491,0.00909038175881026,133,83,0.0325933473945917,137,87,"8"
"PHP76",0.0436959936304596,186,144,42,0.097968099438031,0.0113633334420927,158,116,0.0403812024684291,158,116,"8"
"PHP85",0.0365317359300562,379,111,268,0.0701435528831174,0.0107620632485637,375,107,0.0385744490186539,380,112,"8"
"PHPR5",0.0292958066168534,357,80,277,0.0688216561948205,0.00733649041044472,325,48,0.0257927928057109,326,49,"8"
"PHR03",0.0368426647624307,473,116,357,0.0477287465224519,0.0140858610948234,504,147,0.0484362694145333,501,144,"8"
"PHR30",0.0615014352860636,547,225,322,0.0609944961250737,0.0185665716464177,533,211,0.0647291189279575,535,213,"8"
"PHR31",0.0572187008124661,401,199,202,0.0770063162196105,0.0210979939764568,443,241,0.0719514028302582,439,237,"8"
"PHR36",0.0575427678277366,551,202,349,0.0519683921445165,0.0206690598669746,587,238,0.070620569911827,582,233,"8"
"PHR47",0.0815005880673965,412,293,119,0.0859141319555072,0.0225339369395356,376,257,0.0804964132106925,387,268,"8"
"PHR63",0.065302141359857,434,239,195,0.0772610788326252,0.0179961789845064,395,200,0.0644939699942872,405,210,"8"
"PHT10",0.075352090804792,633,271,362,0.0433075158058957,0.0260019706944135,654,292,0.090483372087933,653,291,"8"
"PHT47",0.0630670157514815,513,230,283,0.0679281245796822,0.0231379801841633,551,268,0.0789249621850293,545,262,"8"
"PHT55",0.0588555452962382,494,207,287,0.0674893946001396,0.0220063854941191,538,251,0.0754416163594373,534,247,"8"
"PHTM9",0.0349740987220386,216,100,116,0.086196215501569,0.00890728812324629,196,80,0.0318505112159382,197,81,"8"
"PHV37",0.0572706024507569,421,200,221,0.0752910881080465,0.0179676856928587,420,199,0.0643515684650781,429,208,"8"
"PHV57",0.0409937109979263,158,134,24,0.103307873415969,0.0151451642259719,190,166,0.0518162949652277,186,162,"8"
"PHV63",0.068714605879772,320,251,69,0.0923556370138515,0.0195833951723471,293,224,0.0699920707498469,298,229,"8"
"PHVA9",0.0188796297540658,199,30,169,0.0799080696831058,0.00554295495954394,193,24,0.0198634112035803,194,25,"8"
"PHVJ4",0.107245683036985,438,340,98,0.0883671897753785,0.0318985870288154,434,336,0.112463440825683,435,337,"8"
"PHW03",0.0197499949433396,64,36,28,0.102942534285635,0.00729748644352162,74,46,0.0248870792313062,73,45,"8"
"PHW17",0.0146821379368339,338,15,323,0.0609615268891908,0.00571538552376054,350,27,0.0197144570736452,347,24,"8"
"PHW20",0.045750297633053,227,155,72,0.0919706229282872,0.0183244362119313,281,209,0.0627710023060451,273,201,"8"
"PHW30",0.117757625498399,594,351,243,0.0732836718566093,0.0442578054275436,603,360,0.152194196534741,602,359,"8"
"PHW43",0.0440049412478062,260,146,114,0.0863871337781036,0.0134001509227864,251,137,0.0479824230415269,256,142,"8"
"PHW52",0.0590948347675415,515,208,307,0.0643221702551005,0.0195592663737921,530,223,0.0678529373563033,531,224,"8"
"PHW53",0.0619104002166756,353,227,126,0.085441225041399,0.0204989814475554,362,236,0.0704792182529552,358,232,"8"
"PHW80",0.0886695807677275,664,305,359,0.0465018655535268,0.0310066859225476,687,328,0.107033765528792,686,327,"8"
"PHWG5",0.0384598258013353,343,126,217,0.0760607162392241,0.0148016950003074,377,160,0.0505747750959224,371,154,"8"
"PHZ51",0.0471679873430461,414,163,251,0.0724464344512827,0.0174158389197153,439,188,0.0593940302373785,437,186,"8"
"Q381",0.0386629754939899,165,128,37,0.0994158950399553,0.0130372024170447,166,129,0.0451319266442943,167,130,"8"
"R168",0.0894179342116031,563,308,255,0.07216969346979,0.0261005012641802,549,294,0.0901795153305042,545,290,"8"
"R177",0.0563748529919326,540,195,345,0.0541838271645541,0.015993304356585,519,174,0.0570667891110815,521,176,"8"
"R181B",0.0271820051599909,141,67,74,0.091825388212759,0.00828543128785443,140,66,0.0297117164607753,144,70,"8"
"R226",0.03455165687401,337,99,238,0.0735872528570985,0.0105562685449958,342,104,0.0371472157964209,343,105,"8"
"R229",0.0024141563326838,291,1,290,0.0670323983937768,0.00089963918018078,291,1,0.00309571295244499,291,1,"8"
"R71",0.0360309104351397,165,108,57,0.095711985595163,0.0110378927525594,172,115,0.039581651997617,172,115,"8"
"R78",0.0784405158571274,443,282,161,0.0809173885650779,0.0235359566902615,434,273,0.0831348662831074,439,278,"8"
"SD101",0.104524971408154,571,335,236,0.0736191498950885,0.0294043791817423,557,321,0.10308714852976,558,322,"8"
"SD102",0.0367484208807198,176,113,63,0.0944010709436892,0.0108209476074894,173,110,0.0384257490587675,174,111,"8"
"SD107",0.0883466475387486,365,304,61,0.0947283115628572,0.0270063786358964,366,305,0.094841771644917,366,305,"8"
"SD40",0.0633967076694862,408,232,176,0.079071295908463,0.0174481861582845,366,190,0.0619993397813363,370,194,"8"
"SD44",0.0801813247112495,442,287,155,0.0818283732034827,0.0226508897856044,415,260,0.0788763980121081,416,261,"8"
"SG 30A",0.0137869649180916,206,14,192,0.0777657732572263,0.00414139581089239,206,14,0.0145619106336571,205,13,"8"
"T242",0.0183530952677524,85,29,56,0.0960096268549098,0.00530780266300966,75,19,0.0187976783672109,76,20,"8"
"Tr",0.0444507480590595,466,148,318,0.0621614050024815,0.0171938696126762,504,186,0.0590640278578149,501,183,"8"
"TZU-CHIAO-HSI-WU 105",0.0585369291670122,252,206,46,0.0973156479690268,0.0158444614963444,219,173,0.0555412384805652,219,173,"8"
"Va26",0.0534872520599682,415,185,230,0.0742110366658611,0.0163874457616775,406,176,0.0574152334811871,409,179,"8"
"Va35",0.0292538172823467,400,79,321,0.061490548999915,0.0080254702477078,379,58,0.0283834963397392,382,61,"8"
"Va52",0.0583381143984206,321,204,117,0.0860971507422213,0.0147790710240078,275,158,0.0522746835481208,281,164,"8"
"Va99",0.0168588240058311,313,22,291,0.066843538230533,0.00471192901000397,308,17,0.0169001576688173,308,17,"8"
"W182E",0.00528206717577688,97,4,93,0.0898731714989301,0.00158631276075765,96,3,0.00568582768592797,96,3,"8"
"W22",0.0808878886868643,579,290,289,0.0672492571931462,0.0271249849756172,596,307,0.0929696578831581,587,298,"8"
"W23",0.170948471551487,501,364,137,0.0845284407563925,0.0455892253478148,498,361,0.163403152031712,499,362,"8"
"W24",0.0193376660477826,295,34,261,0.0713021467925468,0.00544691855421197,283,22,0.0192525994101551,283,22,"8"
"W32",0.112195613711143,427,347,80,0.0913452799207615,0.037788837730113,429,349,0.130891549142659,428,348,"8"
"W37A",0.0653108132340643,586,240,346,0.0537336248912703,0.0232088288530599,616,270,0.0795924312153015,610,264,"8"
"W552",0.0762582667559033,556,276,280,0.0686045656052038,0.0196258287564371,505,225,0.0698775781162823,507,227,"8"
"W603S",0.0658172718909344,482,243,239,0.0735686018544488,0.0210221116305771,479,240,0.0734693286040722,480,241,"8"
"W604S",0.0308375820075614,142,88,54,0.096361849253078,0.00858692868821612,128,74,0.0298285713831544,126,72,"8"
"W605S",0.0594281886468464,354,209,145,0.0833377844741695,0.0175080897348986,337,192,0.0626873025954326,344,199,"8"
"W607S",0.0207206703351039,185,39,146,0.0832974923281421,0.00558401842118021,171,25,0.0199166958019095,172,26,"8"
"W610S",0.0604314738462062,565,218,347,0.0525680071468718,0.0223262624738731,602,255,0.0761405804155071,597,250,"8"
"W611S",0.0174316954149688,388,25,363,0.0395651990406023,0.00639245794083188,400,37,0.021832264591683,398,35,"8"
"W612S",0.0537569194717057,480,187,293,0.0663067528942165,0.014374963086008,445,152,0.0502483926150477,443,150,"8"
"W614S",0.0539618000071642,373,188,185,0.0783191644923462,0.0177741779655199,380,195,0.0612168975503304,376,191,"8"
"W64A",0.0731023157560863,468,262,206,0.0766637673686665,0.0202774790368798,440,234,0.0727262955904154,445,239,"8"
"W701BC",0.118380912445303,355,353,2,0.127781531555099,0.0422563676321875,358,356,0.144658540074523,358,356,"8"
"W803G",0.0223947135124992,386,49,337,0.0572491155189545,0.00688506018735444,381,44,0.0246368406838912,381,44,"8"
"W809G",0.0160643601940112,171,19,152,0.0823073868616954,0.00467435076541837,168,16,0.0167402471445914,168,16,"8"
"W810G",0.0943120439297925,633,319,314,0.0634073658797412,0.0257775004679886,605,291,0.0922218335504112,611,297,"8"
"W811G",0.0215038914236099,235,41,194,0.0774469903599328,0.00788174612364844,249,55,0.026913172926707,247,53,"8"
"W813G",0.0709530542255042,406,257,149,0.0826749104384572,0.0216889407529049,394,245,0.0759926649183088,398,249,"8"
"W8304",0.0430927628465046,262,141,121,0.0856488184463478,0.012775183520241,249,128,0.044166686825291,248,127,"8"
"W9",0.0369476928604716,272,118,154,0.0820681517137,0.013056477908117,285,131,0.0445489970425872,283,129,"8"
"WIL900",0.0859609498905536,502,301,201,0.0770809027649009,0.0315906251006931,536,335,0.107743277349202,531,330,"8"
"WU-TAN-TZAO",0.0454126416566085,465,152,313,0.0635685473977589,0.0167155750531879,492,179,0.0573866828229089,491,178,"8"
"YE 4",0.0605198824792573,585,220,365,0.0388053410890094,0.0155577482045787,535,170,0.0551875971889893,536,171,"8"
"YING-55",0.0561212703027518,356,194,162,0.0808187190902338,0.01554889311092,331,169,0.055760458943046,336,174,"8"
"Yu796 NS",0.0262332955405783,166,64,102,0.0879347153691927,0.00759573978632265,153,51,0.0261757361425065,153,51,"8"
"ZS365",0.0336165750205569,427,96,331,0.0585172264837397,0.0108034728928962,440,109,0.037590792234198,439,108,"8"
"ZS635",0.0029232342409812,120,2,118,0.0860139839838301,0.00108914905702059,120,2,0.00371516267788774,120,2,"8"
"1538",0.00802828747805894,146,23,123,0.105131108646754,0.00159140655887181,146,23,0.007506571224585,146,23,"9"
"29MIBZ2",0.0839528517473445,477,258,219,0.0927182785490099,0.0168123468991572,427,208,0.0793033058275252,427,208,"9"
"2FACC",0.0709940335631284,298,241,57,0.11582418485954,0.0301537693817385,320,263,0.142122016772303,320,263,"9"
"2MA22",0.032854656310619,222,116,106,0.107758384150814,0.00655687981353252,205,99,0.0309285482786671,205,99,"9"
"3IJI1",0.217569512504345,371,361,10,0.134460077835235,0.0941502451411001,371,361,0.443734969218996,371,361,"9"
"4226",0.163984812284798,610,340,270,0.0853080793223993,0.0696325151767721,610,340,0.328188966995406,610,340,"9"
"4N506",0.0986608024957344,615,282,333,0.0720797437065855,0.0427512379092764,628,295,0.201491367902042,628,295,"9"
"6M502",0.0253329928204627,310,86,224,0.092426067371123,0.00521551124533278,300,76,0.0245939284821552,300,76,"9"
"6M502A",0.0533022223925383,453,202,251,0.0890900764249003,0.0230850107110889,493,242,0.108800893478509,493,242,"9"
"764",0.107412943099795,435,292,143,0.101766065678685,0.0470524022164527,444,301,0.221763055910931,444,301,"9"
"78010",0.0795569931655601,444,253,191,0.095690552889494,0.0345330337050394,462,271,0.162756318367585,462,271,"9"
"793",0.0128262364529674,150,38,112,0.106843993509352,0.00255437182459814,149,37,0.012048923501067,149,37,"9"
"87916W",0.0626714566772625,342,226,116,0.106377588226094,0.0272855990151231,373,257,0.128599088748876,373,257,"9"
"911",0.00962240662162332,126,26,100,0.108048274721773,0.00192862573482723,126,26,0.00909728208676766,126,26,"9"
"912",0.0724060877832394,526,247,279,0.0845431301084435,0.0145426937466015,479,200,0.0685974900058828,479,200,"9"
"91IFC2",0.0263521614046824,332,89,243,0.0899546290792063,0.00523175595905972,320,77,0.0246779140505576,320,77,"9"
"A",0.0225021887583285,308,77,231,0.0917148456300015,0.00820261882371814,360,129,0.0386628019867201,360,129,"9"
"A208",0.0118113707485272,198,33,165,0.098031402988492,0.00234199744248527,197,32,0.011047066858599,197,32,"9"
"A239",0.053261459201458,292,201,91,0.109065276136395,0.0164523784105457,297,206,0.0775552072538767,297,206,"9"
"A272",0.0194924593309354,323,67,256,0.0878898393462493,0.00391417978851692,317,61,0.0184630816780729,317,61,"9"
"A305",0.0919255501716176,427,271,156,0.100342371018721,0.0334008457606209,424,268,0.157434116352848,424,268,"9"
"A322",0.031876716653461,440,111,329,0.0724824079137648,0.00640257408926829,424,95,0.0302007683592739,424,95,"9"
"A334",0.0507507863303125,211,194,17,0.130900073078921,0.0101916373279045,179,162,0.0480736732945525,179,162,"9"
"A340",0.0177043943986993,86,61,25,0.12624771029091,0.00353306633375502,80,55,0.0166654060837224,80,55,"9"
"A374",0.0702387813701079,471,237,234,0.091466387577204,0.0156052446763737,436,202,0.0735885837983282,436,202,"9"
"A385",0.0165926995135664,156,58,98,0.108345097645989,0.00327388283425456,147,49,0.0154426462655601,147,49,"9"
"A401",0.044132826134909,442,169,273,0.0851054512443598,0.00881871867420622,413,140,0.0415975787674791,413,140,"9"
"A427",0.0894441398300707,534,267,267,0.0858449719753628,0.0356691094144605,542,275,0.16811578036889,542,275,"9"
"A548",0.0463540076621863,263,180,83,0.110862694598963,0.00929344340647393,234,151,0.0438369492333876,234,151,"9"
"A572",0.0379339838781959,260,143,117,0.106043600393374,0.01642977091653,322,205,0.0774352537637865,322,205,"9"
"A619",0.0665563724833357,572,234,338,0.0699380685821542,0.0132652430979492,529,191,0.0625719013626806,529,191,"9"
"A627",0.00302392092251264,182,9,173,0.0975816203568076,0.000603968005926757,182,9,0.00284890519151069,182,9,"9"
"A632",0.162309654306628,542,339,203,0.0942368440632088,0.0701151707776639,544,341,0.330457177253337,544,341,"9"
"A635",0.0709040448320755,247,240,7,0.135868034667147,0.0141401045574869,205,198,0.0666986051162307,205,198,"9"
"A641",0.0141429414197692,263,46,217,0.0927847923008949,0.0028287421914574,258,41,0.0133430805247761,258,41,"9"
"A648",0.0229110978641373,326,78,248,0.089438298865737,0.0071153380758508,358,110,0.0335410018974611,358,110,"9"
"A663",0.0488689064192733,368,190,178,0.096524397124762,0.0211122017015886,409,231,0.0995029630705173,409,231,"9"
"A672",0.0185338097428951,134,65,69,0.113448965011434,0.00800749945633454,194,125,0.0377398858926129,194,125,"9"
"A674",0.0420131097133962,188,161,27,0.125016311800072,0.0083612682633564,159,132,0.0394397192741519,159,132,"9"
"A679",0.147647442472573,625,332,293,0.0819535651201458,0.0517894184116964,604,311,0.24410133217554,604,311,"9"
"A680",0.0295082376410458,156,103,53,0.117091254662743,0.00587416863399818,141,88,0.0277081886512187,141,88,"9"
"A682",0.0462533274932792,243,179,64,0.11414761782099,0.0200362213043419,290,226,0.09443287776927,290,226,"9"
"A71",0.0113318090431671,229,30,199,0.0949236406123666,0.00224577856103878,229,30,0.0105932037506579,229,30,"9"
"A73",0.0714411035749416,476,244,232,0.0916408710330362,0.0311600788504573,497,265,0.14686009082166,497,265,"9"
"A797NW",0.0235848912864335,269,80,189,0.0956964959566429,0.00472572647548496,259,70,0.0222911423366286,259,70,"9"
"AQA3",0.0416682980944391,247,158,89,0.10937043310209,0.0183298708561238,307,218,0.0863911023582768,307,218,"9"
"AS6103",0.0350157939853556,281,131,150,0.10094141254494,0.00907061619802157,294,144,0.0427595960060907,294,144,"9"
"AusTRCF 306238",0.0516377792833742,551,198,353,0.0624235932403537,0.022421022181595,593,240,0.105673320184357,593,240,"9"
"B-18 INBR.FR.SUPERGOLD",0.148424559566855,500,333,167,0.097940188753194,0.0315804459372861,433,266,0.148908765964505,434,267,"9"
"B-28",0.0128122597172935,72,36,36,0.121639159470314,0.00253762663069069,71,35,0.0119699119190823,71,35,"9"
"B103",0.0293474698767202,179,102,77,0.111664741074168,0.0126977712007751,261,184,0.0598457693513942,260,183,"9"
"B104",0.0855965704763025,374,261,113,0.106695140981822,0.0355301333084405,386,273,0.167459645565989,386,273,"9"
"B105",0.0287308627788548,286,101,185,0.0961945991698687,0.00575565652358537,272,87,0.0271493001707441,272,87,"9"
"B108",0.0706731502230807,402,239,163,0.0982169146560487,0.0241411456659285,409,246,0.113786437710628,409,246,"9"
"B109",0.029581103737018,386,104,282,0.0842639532801449,0.00592773967793232,373,91,0.0279609661485026,373,91,"9"
"B110",0.130737996570826,322,316,6,0.139657897718959,0.0564774518742924,328,322,0.266181402924341,328,322,"9"
"B111",0.0416415683850206,267,157,110,0.10697323852363,0.0126970282019304,293,183,0.0598486062119285,294,184,"9"
"B115",0.0787712635450223,428,251,177,0.0968793585846665,0.0341233464989307,446,269,0.160825184941613,446,269,"9"
"B119",0.00290951536375874,214,8,206,0.0940236144899186,0.000573570328277098,214,8,0.0027054729791664,214,8,"9"
"B120",0.249597034038404,389,363,26,0.125860636199511,0.107901863379868,389,363,0.508546997780652,389,363,"9"
"B121",0.0910487739018661,368,269,99,0.108304462998974,0.0381129634953442,380,281,0.179636248038817,380,281,"9"
"B14A",0.0817608115451336,517,256,261,0.0875266798321255,0.0356572686309067,535,274,0.168059217856271,535,274,"9"
"B164",0.118724988024553,337,304,33,0.122150474448497,0.0237670712304438,278,245,0.11210850392265,278,245,"9"
"B2",0.041436243408154,302,155,147,0.10138779661598,0.0125058562083215,329,182,0.0589477900314701,329,182,"9"
"B37",0.0275596052090506,325,96,229,0.0918749578080482,0.00783286330143546,351,122,0.0369262856901821,350,121,"9"
"B47",0.042572633471946,487,166,321,0.0755183154695396,0.0185318686319191,540,219,0.0873437211877263,540,219,"9"
"B57",0.0326632706001397,268,115,153,0.100618593593395,0.00649724601316454,250,97,0.0306472023997993,250,97,"9"
"B66",0.103356012949763,424,289,135,0.103404123884962,0.0452379519818096,434,299,0.213211148606185,434,299,"9"
"B68",0.184506880219307,710,350,360,0.0553377883963633,0.079786686557892,711,351,0.376038718275456,711,351,"9"
"B73",0.0256465554374362,260,88,172,0.0975947411294368,0.00795216504063506,295,123,0.0374857670274007,295,123,"9"
"B75",0.0376292124136187,470,140,330,0.0724023929104166,0.00754056536186654,447,117,0.0355686155204662,447,117,"9"
"B76",0.093549865732529,275,273,2,0.155199539112699,0.0404231482483783,288,286,0.190516428482829,288,286,"9"
"B77",0.034155826241417,318,125,193,0.095526216891965,0.00908238461502812,339,146,0.0428141873577321,339,146,"9"
"B79",0.192384031259857,376,355,21,0.129162502199617,0.0834055111137361,376,355,0.393094922046264,376,355,"9"
"B87",0.0281502965237955,218,100,118,0.105944501327464,0.00563403366832734,203,85,0.0265756148114203,203,85,"9"
"B88",0.0493107879477955,364,193,171,0.0977494141244572,0.00988543408816136,330,159,0.046629356291826,330,159,"9"
"B91",0.146208454246139,344,330,14,0.131821177103562,0.0633774569293661,347,333,0.298701529624611,347,333,"9"
"B97",0.00286069161880464,291,7,284,0.0840412374092359,0.000568186202093115,291,7,0.0026799657686628,291,7,"9"
"BEI 10 = NORTH 10",0.142425639028061,464,323,141,0.101985680700295,0.0620179090287457,470,329,0.292295134818897,470,329,"9"
"BO9",0.101870705082526,647,288,359,0.0559634345151135,0.0202607445396225,587,228,0.0955634845477016,587,228,"9"
"CA-4",0.17839512143527,420,349,71,0.113104683177191,0.0773577854642254,421,350,0.364591708893657,421,350,"9"
"CG102",0.0592433225681202,527,219,308,0.0798897217562275,0.0221888579633734,545,237,0.104585400249611,545,237,"9"
"CH701-30",0.115454732180954,329,300,29,0.123592810453308,0.0504703506797363,336,307,0.237871639515428,336,307,"9"
"CH711-10",0.0530204399529355,515,200,315,0.07692899028289,0.0110265455531398,482,167,0.052003084977714,482,167,"9"
"CH753-4",0.100589419432238,451,287,164,0.0981665712119634,0.0196040537737402,388,224,0.0924685993375099,388,224,"9"
"CH9",0.126185185160718,668,314,354,0.0614086872139138,0.054796413758504,672,318,0.258258978954667,672,318,"9"
"CI 40H",0.0620521627683167,290,224,66,0.113878061236176,0.0124546820403401,247,181,0.0587483839813403,247,181,"9"
"CM105",0.0725977353815999,422,248,174,0.0974517549722145,0.0145730290453053,375,201,0.0687405981589524,375,201,"9"
"CQ702RC",0.029622095396948,405,105,300,0.0806241806076228,0.00590768923935564,390,90,0.0278664580682429,390,90,"9"
"CR 22 INBRED",0.0864444256955513,466,262,204,0.0941855671390825,0.0173198635843974,415,211,0.0816973969409846,415,211,"9"
"DE2",0.00231170855613315,328,6,322,0.0754441136219355,0.000457973114354102,328,6,0.00216024645590172,328,6,"9"
"DE3",0.0178443391679081,427,63,364,0.046706270599043,0.00355126500119317,421,57,0.0167512487719821,421,57,"9"
"DE4",0.0518550635751377,497,199,298,0.0808160695762473,0.0104102384622121,461,163,0.0491048216807135,461,163,"9"
"DE811",0.0605383483213219,495,221,274,0.085073119850249,0.0194154661637347,497,223,0.0915204958627535,497,223,"9"
"DJ7",0.105364608667806,559,291,268,0.08554509222147,0.045323267276898,568,300,0.213615295567371,568,300,"9"
"DK3IIH6",0.0875409754864254,581,264,317,0.076507835285985,0.0378959620396232,597,280,0.178607439759701,597,280,"9"
"DK4676A",0.128796538696744,646,315,331,0.0723550996774655,0.0557960657024255,651,320,0.262972934269105,651,320,"9"
"DK78002A",0.203910118578343,376,358,18,0.130871758385952,0.0891240228777278,376,358,0.420050055247294,376,358,"9"
"DK78010",0.0412906867886054,280,154,126,0.104674762438285,0.00828644233770602,256,130,0.0390869361734629,256,130,"9"
"DK78371A",0.0957939461982185,641,279,362,0.0528424021418117,0.0415554276459733,653,291,0.195853191146921,653,291,"9"
"DKFAPW",0.0421818034561065,288,163,125,0.104778784385063,0.00844823781146714,260,135,0.039850147307855,260,135,"9"
"DKFBHJ",0.0302176461106061,254,108,146,0.101451952869516,0.01305490501228,334,188,0.0615284768542142,334,188,"9"
"DKMBNA",0.05999096548295,265,220,45,0.1193468680499,0.0259656610438073,298,253,0.12237751241616,298,253,"9"
"DKPB80",0.0545076396786953,374,205,169,0.0978882587851515,0.0235544598947997,413,244,0.111013401690926,413,244,"9"
"E8501",0.042831770948092,474,167,307,0.079964131092486,0.0130513015035067,494,187,0.0615185251776283,494,187,"9"
"EAST 028",0.0417480857902288,264,160,104,0.107923303077971,0.00858600300607684,242,138,0.0404876983080654,242,138,"9"
"Eng-Li Chih",0.145985932920368,345,329,16,0.131015627369617,0.0631447816171061,347,331,0.297606918705784,347,331,"9"
"F118",0.152582610995427,648,334,314,0.0777622185044663,0.0562299421025594,635,321,0.265036989582747,635,321,"9"
"F2834T",0.0078271539029815,276,22,254,0.0886184627015857,0.00156031501038049,276,22,0.00735994127915714,276,22,"9"
"FBLA",0.0848473421080097,583,260,323,0.0754366240026177,0.0201420406483747,550,227,0.094973814756356,550,227,"9"
"FR19",0.017827908927186,380,62,318,0.0764234252141585,0.00354049621213611,374,56,0.0167004446673588,374,56,"9"
"H105W",0.0203113728508499,263,69,194,0.0954321501611795,0.00407910924805049,257,63,0.0192410486556376,257,63,"9"
"H110",0.0268700804103382,252,94,158,0.0999548461104171,0.00538071957941695,239,81,0.0253807340992179,239,81,"9"
"H113",0.264535815792793,407,365,42,0.120534167818741,0.114311773511147,407,365,0.538759573485313,407,365,"9"
"H121",0.0638014066553581,428,228,200,0.0948502690965733,0.0276314426201059,460,260,0.130233117567495,460,260,"9"
"H122w",0.00813815414077983,305,25,280,0.0844238918937972,0.00161699921843997,304,24,0.00762730340731947,304,24,"9"
"H5",0.0338848446165635,352,122,230,0.091859411712431,0.0067909302185709,334,104,0.0320326107005655,334,104,"9"
"H71",0.0281297059673992,145,99,46,0.118742559559713,0.0121514146064426,224,178,0.0572703658184735,224,178,"9"
"H84",0.0915249060250091,452,270,182,0.0964246432115795,0.0343965975959139,452,270,0.162125393136739,452,270,"9"
"H91",0.117084049741472,549,303,246,0.0895630187701825,0.0512098658900313,555,309,0.241357194844003,555,309,"9"
"H95",0.0156560757616612,265,52,213,0.093372765481713,0.00516910797863072,288,75,0.0243656567087136,288,75,"9"
"H96",0.0658815336148565,531,232,299,0.0807331198428912,0.0274951192112034,558,259,0.129589132603375,558,259,"9"
"H99",0.0376541065703904,149,141,8,0.135775378464524,0.00747778040621121,123,115,0.0352725296358905,123,115,"9"
"HP301",0.0330119671565422,129,118,11,0.133779101784947,0.00652267342420185,109,98,0.030766979198897,109,98,"9"
"HUOBAI",0.0342479001505566,275,126,149,0.101075487279246,0.00679038615338342,252,103,0.0320298583788232,252,103,"9"
"Hy",0.0340696101139079,186,123,63,0.114210984523977,0.0067186223034195,165,102,0.0316911908196112,165,102,"9"
"I29",0.169089304270194,363,343,20,0.12980946063123,0.0734596394297375,364,344,0.346225710364913,364,344,"9"
"Ia 453",0.0351866915074389,151,132,19,0.13046488922982,0.00687688379203961,127,108,0.0324333603103153,127,108,"9"
"IA2132",0.0379301349594449,203,142,61,0.115202932042752,0.00757691210715566,180,119,0.035740144409573,180,119,"9"
"IBB15",0.017371196037358,118,60,58,0.115519849185966,0.00347770022030041,112,54,0.0164042353964302,112,54,"9"
"IBC2",0.0420936778278375,299,162,137,0.10290054627398,0.00839898890803135,270,133,0.0396177015442654,270,133,"9"
"ICI 193",0.0216725150784516,113,73,40,0.12130389131539,0.00560535220740809,124,84,0.0264241041247227,124,84,"9"
"ICI 740",0.0461212604595647,419,178,241,0.0903766734560595,0.0110537784361512,409,168,0.0521202049702934,409,168,"9"
"ICI 893",0.00318027932004463,135,11,124,0.105049219954173,0.000626950877263469,134,10,0.00295726513350106,134,10,"9"
"ICI 986",0.0553462891734379,301,206,95,0.108581564479956,0.0131390496855727,284,189,0.061943760460018,284,189,"9"
"IDS28",0.0133612807355443,90,43,47,0.118490208886018,0.00387416349383713,107,60,0.0182635063106331,107,60,"9"
"IDS69",0.0942450527014067,616,277,339,0.069121345386614,0.0407596382611026,628,289,0.192102252799607,628,289,"9"
"IDS91",0.00486828421570336,313,18,295,0.0814041977996395,0.000972358714651467,313,18,0.00458658016353424,313,18,"9"
"INB 101LFY/LFY (A632 X M16 S5)",0.0876286604880905,448,265,183,0.0962848966359138,0.038290579898556,466,283,0.1804712410832,466,283,"9"
"INBRED 141",0.0700120928035419,324,236,88,0.10992597180954,0.0140148586412307,285,197,0.066107781626177,285,197,"9"
"INBRED 2-687",0.0223582675402629,244,76,168,0.0979050433624307,0.00722619071177641,281,113,0.0340625959669969,281,113,"9"
"INBRED 305",0.0704497448879866,562,238,324,0.0752344496608843,0.026407639113728,578,254,0.124470248077798,578,254,"9"
"INBRED 321",0.0152097902732586,313,50,263,0.0874805952039927,0.00302183717948666,308,45,0.0142538521155327,308,45,"9"
"K150",0.0940093412651761,288,275,13,0.131927747474105,0.0406215341762104,301,288,0.191451432865591,301,288,"9"
"K41",0.143826557860624,664,324,340,0.0691018216501463,0.062605394411822,670,330,0.295063887378914,670,330,"9"
"K47",0.0424128771157412,392,165,227,0.0921530328484923,0.00844448790758036,361,134,0.0398322726661727,361,134,"9"
"KUNG-70",0.00213441482195827,292,4,288,0.0833605753307947,0.000421632368738233,292,4,0.00198882057051329,292,4,"9"
"L 127",0.0336501474302522,253,121,132,0.103538356424795,0.0100263768376249,293,161,0.0472607832837882,293,161,"9"
"L 139",0.165704547579323,538,341,197,0.0949855277803852,0.071647650709901,539,342,0.337679029243331,539,342,"9"
"L 289",0.0731017578636366,501,249,252,0.0890212825382935,0.0315944553104661,519,267,0.148907041696706,518,266,"9"
"LH1",0.0217484638304703,364,75,289,0.0825782939389949,0.00436711426177374,357,68,0.0205995575151956,357,68,"9"
"LH119",0.0148591368038565,177,49,128,0.104295260614837,0.00295099287641133,172,44,0.0139197702026603,172,44,"9"
"LH128",0.044786897786172,422,172,250,0.0893922831500126,0.00894728167696916,392,142,0.0422040013381509,392,142,"9"
"LH143 (Maintainer)",0.265056181172247,369,366,3,0.14951169309037,0.115469343160749,369,366,0.544216085247568,369,366,"9"
"LH146Ht",0.0306913923445616,354,110,244,0.0898316989704185,0.00604649908257482,337,93,0.0285160316900307,337,93,"9"
"LH149",0.145708045353619,406,328,78,0.111615637501246,0.0636047750896043,412,334,0.299781516257215,412,334,"9"
"LH165",0.021166333086637,209,71,138,0.102597158270545,0.00424023428482665,203,65,0.0200010528609153,203,65,"9"
"LH166",0.0963066143191892,583,280,303,0.08017036244874,0.0420406297599805,597,294,0.19814123290415,597,294,"9"
"LH181",0.0398103197553503,295,150,145,0.101612653891863,0.0171978430914417,355,210,0.0810543948921612,355,210,"9"
"LH184",0.0383695474464203,228,144,84,0.11061831141035,0.00987279873448526,242,158,0.0465414093204095,241,157,"9"
"LH190",0.0370140324810476,413,137,276,0.0849191519697223,0.0159910492599978,479,203,0.0753668728772673,479,203,"9"
"LH192",0.0213497988160971,327,72,255,0.0884339824446796,0.00427740110767393,321,66,0.0201763683034252,321,66,"9"
"LH194",0.114229090039715,639,297,342,0.068088392551501,0.0389600218847592,626,284,0.183642709378577,626,284,"9"
"LH195",0.120191495438796,345,307,38,0.121553675067346,0.0521728631721736,352,314,0.245893930228256,352,314,"9"
"LH197",0.0362192708845257,352,134,218,0.0927654409639903,0.00720739108939027,330,112,0.0339969312213647,330,112,"9"
"LH198",0.0249008755054266,282,84,198,0.0949710013925423,0.00499419475350035,271,73,0.0235574937294246,271,73,"9"
"LH202",0.103685366433458,554,290,264,0.087180993112964,0.0415010530839873,554,290,0.195602790674554,554,290,"9"
"LH204",0.0815273175182318,523,254,269,0.0853411910100898,0.0163317481032675,473,204,0.0770363454464109,473,204,"9"
"LH205",0.141459351693079,677,322,355,0.0605496669021018,0.0612268652327457,683,328,0.288565402712256,683,328,"9"
"LH206",0.188056582167132,655,353,302,0.080243428262331,0.08128915802234,656,354,0.383122117836305,656,354,"9"
"LH208",0.0785078911200754,476,250,226,0.0922412340985334,0.0222760550466361,464,238,0.105004281364291,464,238,"9"
"LH209",0.0483991633858487,389,187,202,0.0943410552148426,0.0097078771235288,357,155,0.0457918161702248,357,155,"9"
"LH214",0.0638152760953647,565,229,336,0.0703126003506882,0.0276344229522402,597,261,0.130242506921791,597,261,"9"
"LH215",0.0467502334028826,330,182,148,0.101233818628283,0.00922124126434103,297,149,0.0434958498131905,297,149,"9"
"LH222",0.0417029915105337,226,159,67,0.113659523746398,0.00832553915475596,198,131,0.0392712522182572,198,131,"9"
"LH223",0.0617758388979236,417,222,195,0.0951020583274949,0.0124023824170735,375,180,0.058501692615118,375,180,"9"
"LH224",0.0719642884096598,453,245,208,0.0938029429436889,0.0144314237576471,407,199,0.0680726737667808,407,199,"9"
"LH295",0.059012457654149,453,217,236,0.0912493582705902,0.0246096392185746,484,248,0.115991698481254,484,248,"9"
"LH60",0.0144015737539852,333,47,286,0.0835939788019788,0.00287621691125984,328,42,0.013567058681304,328,42,"9"
"LH74",0.00446974232153602,69,17,52,0.117176159299271,0.000867356236100223,68,16,0.00409091489429692,68,16,"9"
"LH82",0.01393958014105,140,44,96,0.108478201928605,0.005059455200275,170,74,0.0238476363130547,170,74,"9"
"LH93",0.00334735070042742,223,12,211,0.0935179993856283,0.000654271988717711,223,12,0.00308610225925263,223,12,"9"
"LIBC 4",0.0331005973021569,154,119,35,0.122043076453112,0.00664311035700109,135,100,0.0313353633455229,135,100,"9"
"LP1 NR HT",0.147465991951285,354,331,23,0.128834363349905,0.0643439945942396,358,335,0.303258824439198,358,335,"9"
"LP5",0.0114465671226597,363,31,332,0.0720970187239688,0.00458757782084508,401,69,0.021622691826899,401,69,"9"
"M14",0.0302327956672123,295,109,186,0.0961354963546343,0.00632679290814103,280,94,0.0298378762552237,280,94,"9"
"MBPM",0.100210892708022,354,286,68,0.113594902114547,0.0433885466839322,365,297,0.204492513777692,365,297,"9"
"MBWZ",0.0251993609565506,292,85,207,0.0938457372035602,0.00757059680248922,325,118,0.0356879993486087,325,118,"9"
"MM501D",0.040083523971212,404,151,253,0.0888736465560279,0.0137164267223423,447,194,0.0646507201196517,447,194,"9"
"Mo17",0.0278790128017023,236,97,139,0.102339676422932,0.00559241886637107,221,82,0.0263792772895562,221,82,"9"
"Mo1W",0.0130092619221444,316,41,275,0.0849984660558987,0.00256716630765667,314,39,0.0121091220080228,314,39,"9"
"Mo46",0.0657798148094468,568,231,337,0.0700143760689902,0.0264666479012475,592,255,0.124742508433859,592,255,"9"
"Mo47",0.00172193323056114,56,2,54,0.116922915715356,0.000352286703998833,56,2,0.00166124458750368,56,2,"9"
"Mo5",0.157065549724138,343,338,5,0.14317337376136,0.0683700790158555,343,338,0.322239334230185,343,338,"9"
"MQ305",0.0625746261667525,361,225,136,0.102940328023058,0.0271106035639531,392,256,0.127773757756542,392,256,"9"
"MS116",0.093027626781625,619,272,347,0.065737694395685,0.0185931581875224,567,220,0.0877035510125487,567,220,"9"
"MS132",0.121456929677488,384,310,74,0.112709661763673,0.0405184690984385,361,287,0.190990992004252,361,287,"9"
"MS200",0.0299574937452083,240,107,133,0.103459341330758,0.0060024492035999,225,92,0.028313367499716,225,92,"9"
"MS211",0.0514652337497125,407,197,210,0.0935767610529875,0.0222814897909223,449,239,0.105013835209906,449,239,"9"
"MS221",0.0481562657359868,346,186,160,0.099170636889194,0.00965429290005388,314,154,0.045539010295146,314,154,"9"
"MS224",0.0296466834540493,161,106,55,0.116696514383169,0.0129877180782492,241,186,0.0612125239697039,241,186,"9"
"MS225",0.0583129789935645,349,215,134,0.103422067011051,0.0114287441328676,307,173,0.0539005193251966,307,173,"9"
"MS226",0.0485037697588843,411,188,223,0.0924514503310657,0.0209569863874747,453,230,0.0987713941605535,453,230,"9"
"MS24A",0.0492872592593783,463,192,271,0.0851642146655653,0.021417782734151,504,233,0.100945061957219,504,233,"9"
"MS67",0.0100391597291236,335,29,306,0.0800421799620299,0.00198775174302288,335,29,0.00937609941719853,335,29,"9"
"MS71",0.0939204705900855,389,274,115,0.106417012569102,0.037544837396912,392,277,0.176956392152778,392,277,"9"
"MS72",0.0164576862022719,137,56,81,0.111336994927862,0.0033001800335848,131,50,0.015566868979235,131,50,"9"
"N192",0.139973957764868,330,321,9,0.135333522921751,0.055306659558593,328,319,0.260671995360188,328,319,"9"
"N193",0.0349484768863384,358,130,228,0.0920280843241785,0.0131565667336934,418,190,0.0620123022229921,418,190,"9"
"N200",0.0210768546081269,307,70,237,0.0909262465814634,0.00420967818795302,301,64,0.0198568964606426,301,64,"9"
"N201",0.00500859027666251,130,19,111,0.106867188184952,0.0010053928054017,130,19,0.00474241168366889,130,19,"9"
"N209",0.00341096800675282,167,13,154,0.100503257967511,0.000673708360271632,167,13,0.00317783247893209,167,13,"9"
"N211",0.109082297881721,614,295,319,0.0761938102468303,0.0218677962709135,555,236,0.103149872515203,555,236,"9"
"N217",0.0100338031351641,150,28,122,0.10552974263382,0.00197802381189129,150,28,0.00933013705272798,150,28,"9"
"N218",0.0165544072587335,241,57,184,0.0962356621187459,0.00331388910938686,235,51,0.0156315423537007,235,51,"9"
"N28Ht",0.0346283175258596,269,129,140,0.10202134457564,0.0138782641175813,336,196,0.0654126078548506,336,196,"9"
"N501",0.045696791465772,350,175,175,0.0972642386972853,0.00913376435058113,322,147,0.0430836431066126,322,147,"9"
"N523",0.0563906227052106,499,208,291,0.0823138051630454,0.011277934532302,462,171,0.0531976313230643,462,171,"9"
"N527",0.0540932000755447,515,204,311,0.078261306776997,0.0181863344955326,528,217,0.0857195863700599,528,217,"9"
"N534",0.00376972412685733,235,14,221,0.0925662268242958,0.000751190047665553,235,14,0.00354334928092079,235,14,"9"
"N542",0.115744518366884,380,301,79,0.111448743531358,0.0500269432548714,385,306,0.235788180250741,385,306,"9"
"N6",0.120840107803224,569,309,260,0.0877571148102103,0.0522783172110838,575,315,0.246392461915238,575,315,"9"
"NC250",0.0345380486909577,484,128,356,0.0599726171084767,0.0110991463299916,525,169,0.0523190120814455,525,169,"9"
"NC262",0.0267861215737009,151,92,59,0.115311134230242,0.00537269795183414,139,80,0.0253428833678977,139,80,"9"
"NC294",0.096600990363895,616,281,335,0.070987953370833,0.0419108540287577,628,293,0.19753116570274,628,293,"9"
"NC310",0.131451490640051,662,318,344,0.0664847096750593,0.0576932140049148,667,323,0.271914977263113,667,323,"9"
"NC326",0.0471631351559791,398,183,215,0.0928269702933901,0.00943854097557126,367,152,0.044521286363187,367,152,"9"
"NC328",0.156987817569613,650,337,313,0.0780932547251825,0.068659013569009,652,339,0.323604407482282,652,339,"9"
"NC342",0.0564345908996818,521,209,312,0.0782426520026294,0.011314721429311,484,172,0.0533712687318572,484,172,"9"
"NC412",0.0789150148676425,578,252,326,0.0748951935650412,0.0168828714261585,535,209,0.0796183092093941,535,209,"9"
"ND259",0.0710199591986307,591,242,349,0.0644266660069153,0.0308195029074253,613,264,0.145254186158003,613,264,"9"
"ND265",0.0619546217613718,461,223,238,0.09086158511658,0.0121153696676431,415,177,0.0571464339499546,415,177,"9"
"NK740",0.0340950435233056,196,124,72,0.112860420658324,0.0068396018564032,178,106,0.0322622036236416,178,106,"9"
"NK778",0.0989795268546625,464,284,180,0.0964957045806427,0.043073273855779,476,296,0.203007495081524,476,296,"9"
"NK807",0.00811744398484223,97,24,73,0.112831055834078,0.00162860316839713,98,25,0.00768208017195375,98,25,"9"
"NKS8326",0.013291102916572,287,42,245,0.0897367159432205,0.00560297675297075,328,83,0.0264077353348287,328,83,"9"
"NORTH 7",0.0441869424251066,346,170,176,0.0969127145876573,0.00883463280225174,317,141,0.0416726555291613,317,141,"9"
"NQ508",0.0280198983800876,200,98,102,0.108016009870978,0.00590028334642759,191,89,0.0278216827955932,191,89,"9"
"NS501",0.0268773168641803,224,95,129,0.104251453307203,0.00534672866030414,208,79,0.0252204149587423,208,79,"9"
"NS701",0.012943511638762,326,39,287,0.0833644415237634,0.0025440916351288,323,36,0.0120002208724761,323,36,"9"
"NY6371",0.0268248749665518,250,93,157,0.100238970944078,0.011588927245004,333,176,0.0546192469264326,333,176,"9"
"Ny821",0.0636257496826228,289,227,62,0.115119149767388,0.0274922497610276,320,258,0.129572426549599,320,258,"9"
"OH33",0.193758490655299,707,356,351,0.0629920975220903,0.0848545119497789,707,356,0.399928362832326,707,356,"9"
"Oh40B",0.0230681287399829,122,79,43,0.120513630033812,0.00683648309076889,148,105,0.0322277533070205,148,105,"9"
"Oh43",0.144970324678845,692,327,365,0.0444799858902855,0.0631712151556175,697,332,0.297730981307745,697,332,"9"
"Oh7",0.015265047330533,293,51,242,0.0901172755938816,0.00306021868742529,288,46,0.0144349783915101,288,46,"9"
"OQ403",0.0393312961439782,191,147,44,0.120230082436599,0.0121612796783462,223,179,0.0573272648762375,223,179,"9"
"OQ603",0.0217301391381819,204,74,130,0.104217465089821,0.00432314770941004,197,67,0.0203922037959063,197,67,"9"
"Os420",0.212389766928421,364,360,4,0.144748903099229,0.0918310370931378,364,360,0.43280435907773,364,360,"9"
"OS602",0.172537158455651,637,345,292,0.082252357487522,0.0745795604310677,638,346,0.351497296118548,638,346,"9"
"Pa392",0.153924576941151,417,335,82,0.110982607616631,0.0665180215881755,418,336,0.313504278176847,418,336,"9"
"Pa405",0.0196071035625783,188,68,120,0.105667726261607,0.00393767932355886,182,62,0.0185739274902188,182,62,"9"
"Pa875",0.0988949871242904,442,283,159,0.0993183325276875,0.0377669472370288,438,279,0.178004824484398,438,279,"9"
"Pa880",0.00431935984364638,47,16,31,0.123455926529492,0.000848460091207865,46,15,0.00400209606427142,46,15,"9"
"Pa91",0.018505073779178,289,64,225,0.0923781027449753,0.00370874915719059,284,59,0.0174940568281114,284,59,"9"
"PH207",0.0321902050583715,309,113,196,0.0950521084099592,0.00804649209740957,322,126,0.0379385942736514,322,126,"9"
"PHB09",0.123545751101789,349,312,37,0.121583366241959,0.053406949243833,354,317,0.251709685356664,354,317,"9"
"PHB47",0.0576117096568486,392,211,181,0.096482179384459,0.011551326887813,355,174,0.0544872650167434,355,174,"9"
"PHBA6",0.00982304704675572,219,27,192,0.0956226193490146,0.00193723363167196,219,27,0.00913778741754959,219,27,"9"
"PHBB3",0.0394582749950935,310,149,161,0.099130553658141,0.00996083374357124,321,160,0.0469572017196908,321,160,"9"
"PHEG9",0.0325684554472552,207,114,93,0.108942408713709,0.00685742100398434,200,107,0.0323400005589859,200,107,"9"
"PHG29",0.144693031118346,646,326,320,0.0760762300792132,0.0441628448451326,618,298,0.208182116599345,618,298,"9"
"PHG47",0.11645087307153,629,302,327,0.0744977377359175,0.0507684860821592,635,308,0.239276054814821,635,308,"9"
"PHG71",0.0114842436748316,135,32,103,0.107933475365987,0.00227971255228314,134,31,0.0107532816762133,134,31,"9"
"PHG80",0.131036469539767,404,317,87,0.110127082987297,0.0495556630412315,391,304,0.233568407327406,391,304,"9"
"PHG83",0.0957406891675205,603,278,325,0.075080729971496,0.041732892581273,617,292,0.196690524493844,617,292,"9"
"PHG86",0.0366569627175452,168,136,32,0.122572109885112,0.00759654857072877,152,120,0.0358268860695404,152,120,"9"
"PHH93",0.208185517460644,393,359,34,0.122131800654955,0.0900711392261007,393,359,0.424513540953328,393,359,"9"
"PHHH9",0.0492632210661373,532,191,341,0.068931132238213,0.00980014847545546,497,156,0.0462268398651856,497,156,"9"
"PHHV4",0.0374194343331168,215,139,76,0.112161684734834,0.00743510945882772,190,114,0.0350712575778362,190,114,"9"
"PHJ70",0.144439856793533,677,325,352,0.0626803575952053,0.0608547659938486,679,327,0.286823792606077,679,327,"9"
"PHJ89",0.115382270875214,649,299,350,0.0634061704261897,0.0499753287046702,655,305,0.235536414782429,655,305,"9"
"PHJ90",0.0940186627909149,368,276,92,0.108976201815343,0.0216456057438123,326,234,0.102051506265477,326,234,"9"
"PHJR5",0.251110333458557,376,364,12,0.132965700066787,0.108811266534575,376,364,0.512833507050467,376,364,"9"
"PHK35",0.0263582283035769,372,91,281,0.084422711294524,0.010951907503778,446,165,0.0516182209188201,446,165,"9"
"PHK42",0.0168065294108882,119,59,60,0.115236310710844,0.00335486969927436,112,52,0.0158248554908648,112,52,"9"
"PHK56",0.058810624568523,493,216,277,0.0847257654118224,0.0254047811753013,528,251,0.119734193033023,528,251,"9"
"PHK74",0.175078125197841,605,346,259,0.0877666696840437,0.0760179664678886,606,347,0.358277460345861,606,347,"9"
"PHKE6",0.099438106330577,551,285,266,0.0859137387638495,0.0363477673296777,542,276,0.171317615037693,542,276,"9"
"PHM10",0.0450311954406569,420,173,247,0.0895514848087266,0.00904491133227668,390,143,0.0426646011049872,390,143,"9"
"PHN11",0.00313134560483146,100,10,90,0.109075711489775,0.00063397424843427,101,11,0.00299010747474073,101,11,"9"
"PHN29",0.053821453904657,312,203,109,0.107290497186673,0.0107006170210068,273,164,0.0504745968025941,273,164,"9"
"PHN66",0.0512882188493476,246,196,50,0.118270452944979,0.0180828581203594,264,214,0.0852306002440635,264,214,"9"
"PHN82",0.0128205120918837,181,37,144,0.101677746872779,0.00255817148677348,182,38,0.0120667948487371,182,38,"9"
"PHP02",0.056069009958633,511,207,304,0.08012440082169,0.0112352017466251,474,170,0.0529961855679189,474,170,"9"
"PHP55",0.122282909647705,350,311,39,0.121496388427687,0.0528278057171225,355,316,0.248980350617524,355,316,"9"
"PHP76",0.0330104613567876,173,117,56,0.116387891165087,0.00800246592058761,180,124,0.0377323036850894,180,124,"9"
"PHP85",0.0865942752250858,573,263,310,0.0785394669782052,0.0376639029440689,588,278,0.177515796565351,588,278,"9"
"PHPR5",0.0140280421259547,294,45,249,0.0894296477995753,0.0036652736013885,307,58,0.0172782659817468,307,58,"9"
"PHR03",0.0021517660124934,351,5,346,0.0657652275886156,0.000451719218708791,351,5,0.00213034638790843,351,5,"9"
"PHR30",0.0824600787676459,585,257,328,0.0726631752887442,0.0211709160549632,560,232,0.0998021072130967,560,232,"9"
"PHR31",0.0392777001384971,316,146,170,0.097878622429287,0.00783191466155626,291,121,0.0369428221346443,292,122,"9"
"PHR36",0.134739647712779,677,320,357,0.058938643515144,0.0591426296090518,683,326,0.27874628107414,683,326,"9"
"PHR47",0.186888322496902,381,351,30,0.123531486574818,0.080825690248318,382,352,0.380935597766962,382,352,"9"
"PHR63",0.119912138915432,564,306,258,0.0878375144247138,0.052087380000679,571,313,0.245495133306639,571,313,"9"
"PHT10",0.0466992546433791,524,181,343,0.0666881795277443,0.0203222995179002,572,229,0.0957804864576944,572,229,"9"
"PHT47",0.0459342911338508,448,176,272,0.085128918651305,0.00917012179114899,420,148,0.043255116126039,420,148,"9"
"PHT55",0.037410487170691,432,138,294,0.081789981065668,0.00749143431833993,410,116,0.0353368568703905,410,116,"9"
"PHTM9",0.041508192322524,263,156,107,0.107625803179559,0.0180171645777891,320,213,0.0849172783408679,320,213,"9"
"PHV37",0.0479306273949046,468,185,283,0.0842451665858927,0.00959125486227334,436,153,0.0452417434156728,436,153,"9"
"PHV57",0.0423812982568187,239,164,75,0.112220690662409,0.00849335034608878,212,137,0.0400629348989587,212,137,"9"
"PHV63",0.177509305695091,372,348,24,0.128310203475054,0.0769169950709563,373,349,0.36251403995748,373,349,"9"
"PHVA9",0.0163107962210882,268,54,214,0.093227551612289,0.00326382186784416,262,48,0.015395377824601,262,48,"9"
"PHVJ4",0.0901487036750102,508,268,240,0.0905255251782863,0.018090283260765,455,215,0.0853314047277358,455,215,"9"
"PHW03",0.032062043314656,160,112,48,0.118433445145918,0.00642733119046756,144,96,0.0303175679079622,144,96,"9"
"PHW17",0.0021127879624568,299,3,296,0.081299117072613,0.000409808440118784,299,3,0.00193292611728202,299,3,"9"
"PHW20",0.0577074537674269,306,212,94,0.108715526282618,0.0115786849427701,269,175,0.0546163641779362,269,175,"9"
"PHW30",0.203462718076689,454,357,97,0.108355425149555,0.0888113571675463,454,357,0.418575805542667,454,357,"9"
"PHW43",0.0405222731799284,357,152,205,0.0941327614187165,0.0176846841783357,417,212,0.0833494682808464,417,212,"9"
"PHW52",0.0454283235756465,364,174,190,0.095690961601438,0.00907404033527056,335,145,0.0428019143563895,335,145,"9"
"PHW53",0.0673420882118922,387,235,152,0.100743810874986,0.0292892727453749,414,262,0.138042410454238,414,262,"9"
"PHW80",0.125441273878115,676,313,363,0.0512456240086382,0.0252414478286705,613,250,0.119033704155297,613,250,"9"
"PHWG5",0.0460109339209747,339,177,162,0.098233190176702,0.00923032461630175,312,150,0.0435392104003253,312,150,"9"
"PHZ51",0.0438403648446032,380,168,212,0.0935022355273774,0.00880535407130292,351,139,0.0415346152215912,351,139,"9"
"Q381",0.0722384835404857,274,246,28,0.124738335676602,0.0228087453299648,269,241,0.107509436859637,269,241,"9"
"R168",0.0845651280994269,414,259,155,0.10043158276884,0.0181657120872855,371,216,0.0856538728159226,371,216,"9"
"R177",0.0244988571271606,429,81,348,0.065248659834292,0.00489593230586001,419,71,0.0230940141385405,419,71,"9"
"R181B",0.0364743569869385,200,135,65,0.114138293070103,0.0134017700441324,258,193,0.0631686412984132,258,193,"9"
"R226",0.0568296514181223,352,210,142,0.101893225415235,0.0246050516523479,389,247,0.115964907352578,389,247,"9"
"R229",0.0118846641165839,299,34,265,0.0860050184937446,0.00237589987768082,298,33,0.0112070711613969,298,33,"9"
"R71",0.0253469045729356,167,87,80,0.111441755046603,0.0109935008625181,246,166,0.0518130128355738,246,166,"9"
"R78",0.166784847197534,391,342,49,0.118337942725563,0.072300382585964,392,343,0.340755794307465,392,343,"9"
"SD101",0.176530001940382,652,347,305,0.0800865411123178,0.0763505776823867,653,348,0.359844166564446,653,348,"9"
"SD102",0.0332222182621184,171,120,51,0.117944467102887,0.00666816784307386,152,101,0.0314535752151133,152,101,"9"
"SD107",0.232751899404374,384,362,22,0.12906608582803,0.100989871142468,384,362,0.475971330030766,384,362,"9"
"SD40",0.114697257179689,560,298,262,0.0875008923296755,0.0476821022744073,564,302,0.224738457779107,564,302,"9"
"SD44",0.107858537203724,394,293,101,0.108019565306389,0.0398640621365038,386,285,0.187897023130626,386,285,"9"
"SG 30A",0.0145645290895063,236,48,188,0.0959578185794523,0.00291309267971043,231,43,0.0137409971870279,231,43,"9"
"T242",0.0123178954711014,121,35,86,0.110297715667185,0.00244384866581011,120,34,0.0115275769444628,120,34,"9"
"Tr",0.0354322975085235,390,133,257,0.0878650591113523,0.00707370693062361,366,109,0.0333664072214644,366,109,"9"
"TZU-CHIAO-HSI-WU 105",0.132367931196223,334,319,15,0.131609814084352,0.0579389297579634,339,324,0.273072186202655,339,324,"9"
"Va26",0.0186422639913893,232,66,166,0.0979472235999285,0.00806297913759647,293,127,0.0380015228312386,293,127,"9"
"Va35",0.0815834197226008,589,255,334,0.0717845082220765,0.0354086628467835,606,272,0.166883196071589,606,272,"9"
"Va52",0.0472494626213371,400,184,216,0.0928235229164733,0.0190207235223707,437,221,0.0896505156295893,437,221,"9"
"Va99",0.058056793397962,510,213,297,0.081029174225863,0.0251261734690547,546,249,0.11842095901826,546,249,"9"
"W182E",0.0130047403930212,148,40,108,0.10736418683499,0.00259690488273066,148,40,0.0122495495548877,148,40,"9"
"W22",0.0710992071092965,476,243,233,0.0916098695921885,0.0138174091533888,428,195,0.0651692074792615,428,195,"9"
"W23",0.190824524774512,576,354,222,0.0925457691018325,0.0667850707808017,559,337,0.314795251129058,559,337,"9"
"W24",0.0386016997185186,384,145,239,0.0907429246487212,0.0167072710014265,446,207,0.078742988095747,446,207,"9"
"W32",0.107916770227619,495,294,201,0.094603112254666,0.0216632861002702,436,235,0.102185113904832,436,235,"9"
"W37A",0.155233219037692,697,336,361,0.0532180981702131,0.0591250005396758,686,325,0.278670691352723,686,325,"9"
"W552",0.113787232294248,505,296,209,0.0936064280300312,0.0492755689311813,512,303,0.23224089112831,512,303,"9"
"W603S",0.00592322625855761,148,21,127,0.104590124958787,0.00116756344371461,148,21,0.00550729829039298,148,21,"9"
"W604S",0.0393454574030392,189,148,41,0.120905506183008,0.00845460642176925,177,136,0.0398646295342309,177,136,"9"
"W605S",0.0591844115747613,453,218,235,0.0913375532091508,0.0256660542821815,487,252,0.120965602362886,487,252,"9"
"W607S",0.0443869834586675,322,171,151,0.10088565825873,0.0192918503992272,373,222,0.090925320417123,373,222,"9"
"W610S",0.0409819616796017,469,153,316,0.0766303116422413,0.00817432220150066,444,128,0.0385579507818358,444,128,"9"
"W611S",0.0263521857689129,435,90,345,0.0663425692666409,0.00527119090000737,423,78,0.0248640966868798,423,78,"9"
"W612S",0.0879744601055077,567,266,301,0.0802545128346762,0.038234254808438,583,282,0.180203629267013,583,282,"9"
"W614S",0.0508866324305767,316,195,121,0.105607097988317,0.00986902436834384,278,157,0.046548194162673,279,158,"9"
"W64A",0.11928493539632,614,305,309,0.078706380515377,0.0516242177303464,619,310,0.243309893002316,619,310,"9"
"W701BC",0.0245338555934911,83,82,1,0.156302190654322,0.00565964526102533,87,86,0.0266873645782447,87,86,"9"
"W803G",0.00517973822962894,310,20,290,0.0825260594753553,0.00102853680348362,310,20,0.00485155392509507,310,20,"9"
"W809G",0.00394268160680894,129,15,114,0.106605197059736,0.000951516770040326,131,17,0.00448650562021667,131,17,"9"
"W810G",0.18793338360927,710,352,358,0.0588418364832955,0.0811815661189655,711,353,0.382613534444033,711,353,"9"
"W811G",0.0160565609218747,240,53,187,0.0960823873218046,0.00321352726059939,234,47,0.015158102431441,234,47,"9"
"W813G",0.0661250405909846,338,233,105,0.107823751679465,0.0132657630963261,297,192,0.062574272278557,297,192,"9"
"W8304",0.0345085215320362,258,127,131,0.103737649461326,0.00717105703926592,242,111,0.0338199912523421,242,111,"9"
"W9",0.0163140158649101,234,55,179,0.0965186766949267,0.00347006875610977,232,53,0.0163621486918536,232,53,"9"
"WIL900",0.064034317532417,450,230,220,0.092716758863099,0.0127923133562114,405,185,0.0603408752910489,405,185,"9"
"WU-TAN-TZAO",0.048719977407187,467,189,278,0.0846414092820842,0.0196824792772996,503,225,0.0927673247734536,503,225,"9"
"YE 4",0.169855958241352,710,344,366,0.0367185217994018,0.0741882493002997,711,345,0.349656046634829,711,345,"9"
"YING-55",0.120381841196623,378,308,70,0.113218071226291,0.0520525666090359,382,312,0.245328065388157,382,312,"9"
"Yu796 NS",0.0581446784205099,299,214,85,0.110356957162359,0.0234496215819622,328,243,0.110522626248646,328,243,"9"
"ZS365",0.0247493973031843,368,83,285,0.0836625329858443,0.0049567847756119,357,72,0.0233809970461109,357,72,"9"
"ZS635",0.000463133666715019,120,1,119,0.105697206366145,9.34307239312488e-05,120,1,0.000440665206480447,120,1,"9"
"1538",0.00724042620736181,166,20,146,0.120753262092409,0.0019113335578275,164,18,0.00672955113546347,164,18,"10"
"29MIBZ2",0.0471967360915682,250,169,81,0.131180579014035,0.0124805233547705,243,162,0.0439429837876478,243,162,"10"
"2FACC",0.0730979074878115,299,239,60,0.135274659076996,0.0275607631089855,325,265,0.0969748890942272,325,265,"10"
"2MA22",0.0166864069154232,281,54,227,0.107972283737667,0.00448567866267854,279,52,0.0157914228630474,279,52,"10"
"3IJI1",0.213551773471731,395,362,33,0.143763991501885,0.0849203371105226,396,363,0.29877715430468,396,363,"10"
"4226",0.128398918579994,601,323,278,0.101083621951819,0.0508918168596745,609,331,0.179053541072185,609,331,"10"
"4N506",0.111188268442381,534,304,230,0.107677261373457,0.0443906043667374,551,321,0.156180804226905,551,321,"10"
"6M502",0.0521614043083729,380,180,200,0.1131076432438,0.0141926749155888,376,176,0.0499620622769736,376,176,"10"
"6M502A",0.0594956283328911,440,202,238,0.106327942015404,0.0220157619357484,467,229,0.0774629486546446,467,229,"10"
"764",0.0985257235423785,466,289,177,0.116731520297787,0.0371755227934168,477,300,0.130795456398167,477,300,"10"
"78010",0.06863748213849,415,230,185,0.115220462038115,0.0258289180993506,446,261,0.0908749462074806,446,261,"10"
"793",0.0525116951234898,255,183,72,0.133410887507027,0.013894085474748,245,173,0.0489201982646002,245,173,"10"
"87916W",0.0651418189071087,304,222,82,0.131160818894357,0.016911862985644,277,195,0.0595234350039828,277,195,"10"
"911",0.00600724917567605,171,16,155,0.119381490585314,0.00177234063847497,171,16,0.00623752365445963,171,16,"10"
"912",0.033732421091652,457,116,341,0.0834327825742942,0.00894171093974336,457,116,0.0314836591362713,457,116,"10"
"91IFC2",0.0130701834668429,167,38,129,0.123342026754998,0.00310527376596088,158,29,0.0109340564125093,158,29,"10"
"A",0.0213725070090054,283,71,212,0.110309125032327,0.00831054556750434,317,105,0.0292389173634716,317,105,"10"
"A208",0.0232058913858061,383,78,305,0.097492448858862,0.00577855355250362,372,67,0.0203468508501288,372,67,"10"
"A239",0.0622479559316694,258,212,46,0.13830922669854,0.0252931918389966,300,254,0.0889914259271987,300,254,"10"
"A272",0.0063586102406649,284,17,267,0.102740380856676,0.00162858056937292,282,15,0.00573432035993551,282,15,"10"
"A305",0.094791531785755,413,276,137,0.122050705674511,0.0257694939312659,397,260,0.090693398284817,396,259,"10"
"A322",0.0408045554096327,497,149,348,0.0795973233372676,0.0108195297622655,489,141,0.0380915298638117,489,141,"10"
"A334",0.105329312702121,312,298,14,0.150234033742043,0.0278075321625953,281,267,0.0979067671462873,281,267,"10"
"A340",0.00536181533467443,40,13,27,0.145137516363753,0.00187101547978047,44,17,0.0065834402888598,44,17,"10"
"A374",0.0722045780124327,447,237,210,0.111151412722639,0.0165290768112932,402,192,0.0581988052178451,402,192,"10"
"A385",0.0264184443314549,288,87,201,0.112733373077341,0.00696942970050215,283,82,0.0245393483064089,283,82,"10"
"A401",0.041732246215686,497,151,346,0.0805566471040492,0.0110145835645011,490,144,0.0387807491334798,490,144,"10"
"A427",0.0895196829250025,519,266,253,0.104571466903081,0.0329042269392613,537,284,0.115774654320971,537,284,"10"
"A548",0.0427452148244097,267,155,112,0.12636701839718,0.0108302533948222,254,142,0.0381341048880617,254,142,"10"
"A572",0.0633286161558988,404,217,187,0.114959586216513,0.0229447196286201,422,235,0.0807324186700911,421,234,"10"
"A619",0.134621276492742,561,329,232,0.106859581554007,0.0354868929246772,524,292,0.124949335846529,524,292,"10"
"A627",0.0208203743578764,213,68,145,0.120837203909471,0.00550971395956349,207,62,0.0193993712500512,207,62,"10"
"A632",0.133779265593555,504,328,176,0.116791229408019,0.0517275644099979,508,332,0.181992420011318,508,332,"10"
"A635",0.115038694110632,360,313,47,0.137896178591934,0.0293903768432451,320,273,0.103485235311217,320,273,"10"
"A641",0.00310932268812918,295,5,290,0.100009836916495,0.00087632669329162,295,5,0.00308452828295386,295,5,"10"
"A648",0.0629722430662795,406,215,191,0.114168582129485,0.01663763754671,384,193,0.058579491215211,384,193,"10"
"A663",0.0531411757271618,427,186,241,0.106090355915689,0.0200881501984834,457,216,0.0706763958306735,457,216,"10"
"A672",0.0549157196016994,235,191,44,0.138870705639422,0.0144913886179223,223,179,0.0510214505453486,223,179,"10"
"A674",0.0141511362401411,132,45,87,0.130463218296248,0.00373440503342813,129,42,0.0131481019402789,129,42,"10"
"A679",0.10076681944319,604,294,310,0.094969998718768,0.0380462797406851,616,306,0.133865399621301,616,306,"10"
"A680",0.0342116206854545,209,120,89,0.130409158843255,0.00903020340676548,209,120,0.0317940789487285,209,120,"10"
"A682",0.0666437256104389,304,226,78,0.131557372032933,0.0162930085504268,269,191,0.0573512328466598,269,191,"10"
"A71",0.0204618133914226,183,66,117,0.125765066670983,0.00512300004577183,176,59,0.0180385453321497,176,59,"10"
"A73",0.128921456808422,463,324,139,0.121681544715491,0.038523688276102,446,307,0.135575656962563,446,307,"10"
"A797NW",0.0491622800767871,314,174,140,0.121647774710633,0.0129741610504315,306,166,0.0456793769803826,306,166,"10"
"AQA3",0.0456989054686454,308,165,143,0.121233794173348,0.0183562409245276,346,203,0.0645835406424019,346,203,"10"
"AS6103",0.0503923964632661,395,175,220,0.108576023863932,0.0133225717047696,388,168,0.046904834156801,388,168,"10"
"AusTRCF 306238",0.0564416548469679,535,196,339,0.0847937085460783,0.0197997987617406,551,212,0.0696696078503336,551,212,"10"
"B-18 INBR.FR.SUPERGOLD",0.113595751393315,510,307,203,0.112308551135893,0.0316526661304892,485,282,0.111419066798165,485,282,"10"
"B-28",0.00595926502093778,25,15,10,0.153810237830055,0.00158125988834798,23,13,0.00556700228184028,23,13,"10"
"B103",0.0362888871008917,213,133,80,0.131194824231106,0.0090172191258727,199,119,0.0317395274591593,199,119,"10"
"B104",0.107733479416469,524,303,221,0.108455597818418,0.0246897667380393,469,248,0.0869240524132138,469,248,"10"
"B105",0.0478710881539909,388,172,216,0.109633338220389,0.0126449899088874,380,164,0.044521677562423,380,164,"10"
"B108",0.0339031995069579,253,117,136,0.122069914154408,0.0127925081894647,301,165,0.0450081606000907,301,165,"10"
"B109",0.0295510846110046,399,100,299,0.0985153715091019,0.00776171095655527,399,100,0.0273290374611413,399,100,"10"
"B110",0.142964394301956,354,337,17,0.148122425949832,0.0565369579533977,359,342,0.198921016209861,359,342,"10"
"B111",0.0679431127024544,319,229,90,0.130345347265877,0.0208160163534451,311,221,0.073254245460873,311,221,"10"
"B115",0.0921950421400411,502,274,228,0.107952431727956,0.0360472450590347,523,295,0.12683001920957,523,295,"10"
"B119",0.0278968439360361,338,93,245,0.105705554696749,0.00738652863864137,335,90,0.0260075960606958,335,90,"10"
"B120",0.234879770041211,406,365,41,0.139895612675174,0.0897152828965743,405,364,0.315644281091933,405,364,"10"
"B121",0.0915269020639117,423,272,151,0.119881957406754,0.0343347743533478,439,288,0.1208031688384,439,288,"10"
"B14A",0.10570298884275,562,299,263,0.103570244114054,0.0293732822734765,535,272,0.103373969838364,535,272,"10"
"B164",0.073986237425923,342,243,99,0.128196435310746,0.0191117939089255,305,206,0.0672933685563677,305,206,"10"
"B2",0.0437640873169248,336,162,174,0.11706328100402,0.0135068751004826,344,170,0.0475319052100311,344,170,"10"
"B37",0.0284078951088693,311,98,213,0.110003299085502,0.00726560701904919,300,87,0.0255728050535557,300,87,"10"
"B47",0.042793464767201,485,156,329,0.0877810326384311,0.0116745321483022,481,152,0.0410872839374158,481,152,"10"
"B57",0.0134095438868042,336,41,295,0.0993476374016862,0.00332681495737027,331,36,0.0117140555535083,331,36,"10"
"B66",0.0766886358936839,340,247,93,0.129592908438451,0.0288405149028379,363,270,0.101470951068536,363,270,"10"
"B68",0.18125640780748,699,355,344,0.0821691331247635,0.0688309312704331,699,355,0.242167736853764,699,355,"10"
"B73",0.0121974440854523,208,33,175,0.1170438007839,0.00461898806794244,228,53,0.0162510135347313,228,53,"10"
"B75",0.0249802861626495,435,83,352,0.0783107459917462,0.00663288900893917,430,78,0.0233517363991439,430,78,"10"
"B76",0.0775954756190664,250,248,2,0.173285521392543,0.0296882641945286,276,274,0.104451848119739,276,274,"10"
"B77",0.0190762189581205,240,61,179,0.116627823165013,0.00556846753023018,242,63,0.0195979730799988,242,63,"10"
"B79",0.174095409474552,377,351,26,0.145530449903884,0.0670683271363185,379,353,0.235965545927935,379,353,"10"
"B87",0.0395248657775684,256,145,111,0.126667683381652,0.0104545838850812,251,140,0.0368098636234499,251,140,"10"
"B88",0.0736608541898873,464,241,223,0.108393735856447,0.0193056488930768,431,208,0.0679754045817811,431,208,"10"
"B91",0.107229754366451,307,301,6,0.160656105889066,0.0402247971418152,316,310,0.141529658383056,316,310,"10"
"B97",0.0221506351242328,318,76,242,0.105995950427944,0.00586910353986588,313,71,0.0206648819498342,314,72,"10"
"BEI 10 = NORTH 10",0.138644200740152,405,332,73,0.132401966833242,0.0526413826980063,406,333,0.185217644233632,406,333,"10"
"BO9",0.0918566538432,631,273,358,0.073172858040336,0.0268480825448133,621,263,0.0944903402304197,621,263,"10"
"CA-4",0.0869392684273556,389,261,128,0.123968082333848,0.0282670851171875,397,269,0.0994676874487708,397,269,"10"
"CG102",0.0742546942297736,544,244,300,0.0984692999095367,0.0195344596894498,510,210,0.0687526918600901,510,210,"10"
"CH701-30",0.114015994566452,371,310,61,0.134678611840557,0.0461418159956869,383,322,0.162343446872987,383,322,"10"
"CH711-10",0.0308091133823553,431,106,325,0.0909942523027392,0.0115192796950981,476,151,0.0405306368132347,476,151,"10"
"CH753-4",0.136072112459097,520,330,190,0.114250534698792,0.0359086699599507,484,294,0.126428597794882,484,294,"10"
"CH9",0.133534907715773,603,327,276,0.101181500869337,0.0467335338667547,599,323,0.164438406998921,599,323,"10"
"CI 40H",0.0754447044047779,347,245,102,0.12793350258075,0.0199906736039361,316,214,0.0703863816950263,316,214,"10"
"CM105",0.0579644460665962,365,198,167,0.118333934316,0.0151026218898905,350,183,0.0531766731240812,350,183,"10"
"CQ702RC",0.0407119219286718,437,148,289,0.100096796261242,0.0103865019672037,427,138,0.0365715057568392,427,138,"10"
"CR 22 INBRED",0.178083588674892,457,354,103,0.127907222074768,0.0475494973799752,429,326,0.167398129228722,429,326,"10"
"DE2",0.0102773022613678,352,25,327,0.0906213282682608,0.00271575794224763,353,26,0.00956142679204177,353,26,"10"
"DE3",0.0251613416772565,449,84,365,0.057402909306959,0.00668305479487602,444,79,0.0235283090272959,444,79,"10"
"DE4",0.030108931598598,417,103,314,0.0940547061805447,0.00754630107874124,409,95,0.026571195613145,409,95,"10"
"DE811",0.0607109175322952,432,210,222,0.108435631532771,0.0191542460205852,429,207,0.0674023100527786,429,207,"10"
"DJ7",0.0995864078971756,591,293,298,0.098586061682598,0.0376157287039705,599,301,0.132350486844826,599,301,"10"
"DK3IIH6",0.0698196309836198,466,233,233,0.106619266827616,0.0266981503868162,495,262,0.0939317792767032,495,262,"10"
"DK4676A",0.155754311345622,669,346,323,0.0916829579291317,0.0585588350084514,670,347,0.206030504577165,670,347,"10"
"DK78002A",0.153603593823901,349,344,5,0.161943577801435,0.0577579889323467,350,345,0.203212759851213,350,345,"10"
"DK78010",0.0432489276003507,282,161,121,0.125000144202342,0.0114550581941133,270,149,0.0403327423088257,271,150,"10"
"DK78371A",0.11696131696737,645,314,331,0.0870321871295629,0.0468699512018475,655,324,0.164904310210291,655,324,"10"
"DKFAPW",0.0732644866973274,314,240,74,0.132358782858878,0.0194425219571988,283,209,0.0684567481828117,283,209,"10"
"DKFBHJ",0.0367424858114081,233,135,98,0.128275440576636,0.00847619534670682,210,112,0.0298451741322261,210,112,"10"
"DKMBNA",0.0659462770049703,326,225,101,0.128024042122825,0.0255880364776964,359,258,0.0900261127601823,359,258,"10"
"DKPB80",0.0557579881484406,372,192,180,0.116548244998953,0.0227589609058445,412,232,0.0800746253113236,412,232,"10"
"E8501",0.0214072199450032,365,72,293,0.09963018610229,0.00833183736370745,399,106,0.0293138352412922,399,106,"10"
"EAST 028",0.0296401656619641,271,101,170,0.117857687108868,0.00785743922000082,272,102,0.0276657883855316,272,102,"10"
"Eng-Li Chih",0.140756759772634,363,333,30,0.144515382648224,0.0535966156091094,365,335,0.188568588705924,365,335,"10"
"F118",0.161658905201288,509,348,161,0.11876985420027,0.0607923068965911,510,349,0.213888490512757,510,349,"10"
"F2834T",0.0150562674345704,317,49,268,0.102595708686419,0.00398996002463388,316,48,0.0140486046599284,316,48,"10"
"FBLA",0.0626710437933664,428,214,214,0.109880906042952,0.0235025335170578,454,240,0.0826925200219721,454,240,"10"
"FR19",0.0958309961930664,638,282,356,0.0754772914935144,0.025347169443208,612,256,0.0892456070639573,612,256,"10"
"H105W",0.0193043017064129,271,62,209,0.111543522695907,0.00500880730248467,267,58,0.0176361635414749,267,58,"10"
"H110",0.034865007687282,257,126,131,0.122874753564994,0.00921005441039435,253,122,0.0324276511645627,253,122,"10"
"H113",0.263274649564895,460,366,94,0.129403354875408,0.101261400080459,460,366,0.356266538465143,460,366,"10"
"H121",0.0719984176072571,492,236,256,0.104493117441957,0.0271320992586389,520,264,0.0954663618284113,520,264,"10"
"H122w",0.00499300572712514,300,12,288,0.100097246962688,0.0012245008029514,297,9,0.00431160778050447,297,9,"10"
"H5",0.0137476297492483,282,43,239,0.106278938292109,0.00317056177489029,270,31,0.0111637263695132,270,31,"10"
"H71",0.0316143202861019,232,112,120,0.125460534401319,0.00722465846317141,206,86,0.0254359564885759,206,86,"10"
"H84",0.0988668539995934,477,291,186,0.115187415719834,0.0301486597806989,461,275,0.1060934971324,461,275,"10"
"H91",0.0890757944583349,431,265,166,0.118353489070815,0.0344928067420479,456,290,0.121355622815054,456,290,"10"
"H95",0.0601486369160236,442,207,235,0.106578299861964,0.017016127766399,431,196,0.0598931012146294,431,196,"10"
"H96",0.0687337963214783,481,231,250,0.10482043359219,0.0277769007142392,516,266,0.0977302498126417,516,266,"10"
"H99",0.090165794834919,322,267,55,0.136374520174807,0.0231875134451734,292,237,0.0816443234342512,292,237,"10"
"HP301",0.0151602163797079,90,50,40,0.140001329949699,0.00384655846000018,83,43,0.0135440015287374,83,43,"10"
"HUOBAI",0.0475400310194635,478,170,308,0.0950527742368744,0.0125924249240789,471,163,0.0443373718144389,471,163,"10"
"Hy",0.0800779676020346,571,251,320,0.0919284150544346,0.0209134766265794,542,222,0.0736367287509698,542,222,"10"
"I29",0.155364277552925,367,345,22,0.146725870921225,0.058259372355186,368,346,0.204982404818578,368,346,"10"
"Ia 453",0.0781413437587575,270,250,20,0.147082616180478,0.0206278520100016,240,220,0.0726279243893708,240,220,"10"
"IA2132",0.0585055086693762,337,199,138,0.121755762595788,0.0150157575871525,320,182,0.0528712405227634,320,182,"10"
"IBB15",0.0147501368931903,112,47,65,0.134000049011076,0.00388218481784289,109,44,0.0136691833274038,109,44,"10"
"IBC2",0.0207941269612597,172,67,105,0.127775371746099,0.00561917862241577,169,64,0.0197814523617789,169,64,"10"
"ICI 193",0.0133046434346173,82,40,42,0.13909361077821,0.00526275520011902,103,61,0.0185160227173233,103,61,"10"
"ICI 740",0.0463152611134822,301,166,135,0.122124114767016,0.0180538316206588,336,201,0.0635186754502821,336,201,"10"
"ICI 893",0.0237466123529023,267,79,188,0.114904312959165,0.00603035992115444,262,74,0.0212333108291232,262,74,"10"
"ICI 986",0.0345761393548818,140,122,18,0.147857659395941,0.0113888973415321,165,147,0.0400754123129722,165,147,"10"
"IDS28",0.0409830991525506,212,150,62,0.134315306121058,0.00979164664722795,194,132,0.0344776272307929,194,132,"10"
"IDS69",0.0669141757634441,564,227,337,0.0852780035506978,0.0252334726168246,589,252,0.0887861887871678,589,252,"10"
"IDS91",0.039543519202352,467,146,321,0.0918731255840694,0.0104414513736975,460,139,0.0367631002676175,460,139,"10"
"INB 101LFY/LFY (A632 X M16 S5)",0.0820726726696096,445,252,193,0.113978037900823,0.0308518291444306,470,277,0.108553042185353,470,277,"10"
"INBRED 141",0.0987157170244725,444,290,154,0.119767271671177,0.0257680724495869,413,259,0.0907298733652106,414,260,"10"
"INBRED 2-687",0.0331877119388632,323,115,208,0.111721949289179,0.00757718202671757,304,96,0.0266789062189429,304,96,"10"
"INBRED 305",0.0839944955635166,604,257,347,0.0800921532011325,0.0329372037988456,632,285,0.115882978018951,632,285,"10"
"INBRED 321",0.0317911010089276,438,114,324,0.0910478413038413,0.00841471188024201,433,109,0.0296277270184469,433,109,"10"
"K150",0.087691831065715,287,262,25,0.145794566207501,0.0334464137643763,312,287,0.117674198909617,312,287,"10"
"K41",0.107682208033552,656,302,354,0.0757416136697332,0.0403794517310137,665,311,0.142071481238467,665,311,"10"
"K47",0.0374054401993927,482,140,342,0.0829072962483547,0.00988913713213705,476,134,0.0348188563510899,476,134,"10"
"KUNG-70",0.000230612645111338,287,1,286,0.100358018741648,6.71629980364903e-05,287,1,0.00023635675008041,287,1,"10"
"L 127",0.0266190404921676,195,89,106,0.127260374464855,0.00728363126330281,194,88,0.0256399464690516,194,88,"10"
"L 139",0.152554452478668,409,342,67,0.1337304356443,0.0566675202578939,410,343,0.199385552078327,410,343,"10"
"L 289",0.112438165633798,463,305,158,0.119130222665094,0.0413189009410028,474,316,0.14538199144662,474,316,"10"
"LH1",0.0421128485841262,410,152,258,0.104223216445768,0.0111133065480254,403,145,0.0391281415409913,403,145,"10"
"LH119",0.0889193407568073,302,264,38,0.140761593805107,0.0235477345394917,279,241,0.0829104497360038,279,241,"10"
"LH128",0.00383158023208591,135,8,127,0.124109653353251,0.00101150950272255,133,6,0.00356128936284395,133,6,"10"
"LH143 (Maintainer)",0.212276012513878,362,361,1,0.18005309745228,0.081857014069356,362,361,0.287996390091753,362,361,"10"
"LH146Ht",0.0428643748874514,362,157,205,0.112002187415559,0.0119688648089382,359,154,0.042130454894723,359,154,"10"
"LH149",0.146610786548666,469,339,130,0.122878136076322,0.054670475200384,468,338,0.192363982242546,468,338,"10"
"LH165",0.0117895749894777,140,31,109,0.127153436222471,0.00318490830730631,141,32,0.0112119901374207,141,32,"10"
"LH166",0.0829350666210715,564,255,309,0.0950250302988698,0.0329485810427202,595,286,0.115923686039379,595,286,"10"
"LH181",0.0958234576134925,599,281,318,0.0922677535119317,0.0377276190097023,620,302,0.132741980717161,620,302,"10"
"LH184",0.072837368953145,364,238,126,0.124225348585553,0.0203308361290053,343,217,0.0715647899599042,343,217,"10"
"LH190",0.0352104383809002,392,128,264,0.103379164882412,0.0132074821031398,431,167,0.046469129700161,431,167,"10"
"LH192",0.0174570801526972,308,56,252,0.104668650336808,0.00427230588830201,301,49,0.0150432870733261,301,49,"10"
"LH194",0.126680311252208,671,321,350,0.079024643515553,0.0309009260485398,628,278,0.108771463866359,628,278,"10"
"LH195",0.0952199298842473,312,278,34,0.143750529567031,0.0357203970088122,327,293,0.125678323040356,327,293,"10"
"LH197",0.0287969779973748,183,99,84,0.131051199125735,0.0076102586404691,181,97,0.026795031163047,181,97,"10"
"LH198",0.0371160131793798,300,136,164,0.118498272993964,0.0096246086309101,293,129,0.0338885518276836,293,129,"10"
"LH202",0.0854095185070128,477,259,218,0.108952514301848,0.028054576588572,486,268,0.0987191093808089,486,268,"10"
"LH204",0.0477074764302681,366,171,195,0.113567442144201,0.0123533742552203,354,159,0.0434966551928181,354,159,"10"
"LH205",0.097705606746134,622,286,336,0.0856868078731177,0.0371220062040401,635,299,0.130606242270533,635,299,"10"
"LH206",0.143121307000828,621,338,283,0.100684296103703,0.0538869327404657,619,336,0.189592361285939,620,337,"10"
"LH208",0.0448094645311576,347,163,184,0.115352990873361,0.0146845776325203,365,181,0.0516725596160636,365,181,"10"
"LH209",0.0599906515077488,389,206,183,0.115826855052404,0.015857930700451,372,189,0.0558344437521406,372,189,"10"
"LH214",0.053104945456954,523,185,338,0.0850291594332458,0.0213460456180536,562,224,0.0751027283055727,562,224,"10"
"LH215",0.0199022828851817,171,64,107,0.127254398439217,0.00753546732197796,201,94,0.0265120842523637,201,94,"10"
"LH222",0.0352447248733239,153,129,24,0.146107512200099,0.00932337940496917,149,125,0.0328246906099932,149,125,"10"
"LH223",0.0271856010375304,378,91,287,0.100285885624469,0.00695965723443984,368,81,0.0245053354699337,368,81,"10"
"LH224",0.0880335167455847,396,263,133,0.122652718043013,0.0233184691965855,372,239,0.0821033015405941,372,239,"10"
"LH295",0.0596438115786066,410,203,207,0.111876920231865,0.0223750892158171,437,230,0.0787242933675833,437,230,"10"
"LH60",0.00320105100810504,262,7,255,0.104516880325575,0.00120041825755106,263,8,0.00422361162721056,263,8,"10"
"LH74",0.028318838785232,196,96,100,0.128187772224535,0.00748893551076843,193,93,0.0263679876879124,193,93,"10"
"LH82",0.0179805119004579,202,58,144,0.121036987882915,0.00512737295540014,204,60,0.018046734686995,204,60,"10"
"LH93",0.0280448156998787,385,94,291,0.0999689620909664,0.00741296961974402,382,91,0.026101022032723,382,91,"10"
"LIBC 4",0.0209299685047935,85,69,16,0.148307104365799,0.00565836900295845,81,65,0.0199193876250326,81,65,"10"
"LP1 NR HT",0.113188550475732,315,306,9,0.154138902751587,0.0425531045900255,327,318,0.149716762229737,327,318,"10"
"LP5",0.0406130372228473,395,147,248,0.10516204035982,0.0114460617027,396,148,0.0402882905091626,396,148,"10"
"M14",0.0706964509782774,459,234,225,0.108066616740387,0.0186574168664404,429,204,0.0656898779286782,429,204,"10"
"MBPM",0.0982410546496514,402,287,115,0.126066759086463,0.0378009408181318,418,303,0.132994510664454,418,303,"10"
"MBWZ",0.0353195118065033,434,130,304,0.0983234175333182,0.00941101012539776,431,127,0.0331317945200892,431,127,"10"
"MM501D",0.0424721345099983,507,154,353,0.0774835137954945,0.0146110112980634,533,180,0.0514115047279385,533,180,"10"
"Mo17",0.0125624353478452,118,35,83,0.13115689940311,0.00326384417250391,117,34,0.0114920868665258,117,34,"10"
"Mo1W",0.0065244707213749,210,18,192,0.114168039008291,0.00148784678688433,204,12,0.00523838504931478,204,12,"10"
"Mo46",0.0545619387457137,518,190,328,0.0886830770038389,0.0220089548523538,556,228,0.0774363516886398,556,228,"10"
"Mo47",0.0148766978383313,100,48,52,0.136644790996504,0.00394883151212626,97,45,0.0139022747461354,97,45,"10"
"Mo5",0.161400386363058,362,347,15,0.149552756018285,0.0612121302621958,365,350,0.21536272358191,365,350,"10"
"MQ305",0.0578731992847222,365,197,168,0.118195527824283,0.0217097000625067,394,226,0.0763848782240368,394,226,"10"
"MS116",0.118448507694972,631,316,315,0.0940324108942227,0.0302992193351065,591,276,0.106685257875212,591,276,"10"
"MS132",0.13093298391087,444,325,119,0.125506622824166,0.0361061360206957,415,296,0.127070135793324,415,296,"10"
"MS200",0.0308338916948544,255,107,148,0.120706618893626,0.00817014860429484,252,104,0.0287667752356937,252,104,"10"
"MS211",0.053884665791641,377,188,189,0.11443283302683,0.0205292996176028,407,218,0.0722280702187984,407,218,"10"
"MS221",0.0104182645359201,86,27,59,0.135752951985894,0.00275242381233104,86,27,0.00969101001457301,86,27,"10"
"MS224",0.0313458150676397,223,110,113,0.126288577770624,0.00761355282057108,211,98,0.0267999958085765,211,98,"10"
"MS225",0.0587015038779362,304,200,104,0.127876199582225,0.0167524976957632,298,194,0.0589633549718301,298,194,"10"
"MS226",0.0561156635231155,429,193,236,0.106547173577897,0.0223860634542676,467,231,0.0787634447689954,467,231,"10"
"MS24A",0.0355196308802212,432,131,301,0.0984098468349375,0.0134924713218932,470,169,0.0474705271946371,470,169,"10"
"MS67",0.0348108481869019,465,125,340,0.0840570355041433,0.00921611676506036,463,123,0.0324494653533923,463,123,"10"
"MS71",0.0602195427390151,404,208,196,0.113547958770885,0.0230975709125453,432,236,0.0812638650181026,432,236,"10"
"MS72",0.0340727833579178,158,119,39,0.140653809172414,0.00891052304251033,154,115,0.0313740891823833,154,115,"10"
"N192",0.0903537601637738,275,268,7,0.16004065090158,0.0344726723333963,296,289,0.121284861332045,296,289,"10"
"N193",0.0760086437616402,415,246,169,0.11798197572655,0.018313695686219,371,202,0.0644848280254577,371,202,"10"
"N200",0.0238717832985354,359,80,279,0.100985635329084,0.00629940116655571,354,75,0.0221789997713474,354,75,"10"
"N201",0.0315918241389127,197,111,86,0.130560016204359,0.0083446426543152,193,107,0.0293805996801601,193,107,"10"
"N209",0.00238440322682283,173,2,171,0.117834070348939,0.00060819748849413,173,2,0.00214068589218126,173,2,"10"
"N211",0.0954223478040954,485,279,206,0.111914456419545,0.0241392623022858,453,247,0.0849961469320387,453,247,"10"
"N217",0.0914234528315412,434,271,163,0.118546273048762,0.0241309325282742,409,246,0.0849615969729788,409,246,"10"
"N218",0.0198153632479092,280,63,217,0.109458489165166,0.00482057898245135,273,56,0.0169738427584316,273,56,"10"
"N28Ht",0.0564366121049946,355,195,160,0.119015196347878,0.0137991266243265,332,172,0.0485727814820662,332,172,"10"
"N501",0.0030426215629324,278,4,274,0.101319919348533,0.000698202056928745,277,3,0.00245838392741885,277,3,"10"
"N523",0.0217423122462761,225,73,152,0.119822071657493,0.00574529854995702,218,66,0.020227597417185,218,66,"10"
"N527",0.0851630121441852,535,258,277,0.101098502809014,0.0254421643304919,534,257,0.0895381466621653,534,257,"10"
"N534",0.0128476858271661,241,37,204,0.112135735328877,0.00341348259692274,241,37,0.0120174595587388,241,37,"10"
"N542",0.124976675641786,433,319,114,0.126182867930904,0.0410427373603661,429,315,0.144422416684961,429,315,"10"
"N6",0.0707462268257471,391,235,156,0.119365542729699,0.0206231543246108,375,219,0.0725759367604531,375,219,"10"
"NC250",0.0972501083101509,648,285,363,0.0648112418994363,0.0236712354707168,606,243,0.0833232766715378,606,243,"10"
"NC262",0.00723530410742788,69,19,50,0.137304449085969,0.00224385955905561,71,21,0.00789628747681095,71,21,"10"
"NC294",0.141400605646106,646,334,312,0.0949144672610685,0.0534365297953415,646,334,0.188006492265783,646,334,"10"
"NC310",0.100935037646328,591,295,296,0.0988094786969062,0.0379382122943177,600,304,0.133485439518637,600,304,"10"
"NC326",0.0127370524902152,170,36,134,0.122126813910118,0.00325250364679236,167,33,0.0114522582361762,167,33,"10"
"NC328",0.167131865549834,589,349,240,0.106238940816611,0.0626814637107109,591,351,0.220538537124689,591,351,"10"
"NC342",0.0371457222923728,441,138,303,0.0983566504924497,0.00932852623739518,429,126,0.0328465417038021,429,126,"10"
"NC412",0.0508846131897307,414,177,237,0.106350181713119,0.0178946184443557,437,200,0.0629657687149904,437,200,"10"
"ND259",0.0670791637188701,587,228,359,0.0714909004941338,0.0173620821562995,556,197,0.0611083135687462,556,197,"10"
"ND265",0.00951568097384835,270,23,247,0.10517954532332,0.00361229341151179,288,41,0.0127091280830639,288,41,"10"
"NK740",0.0311653116399984,178,109,69,0.133600742376728,0.00845385083474007,180,111,0.0297601207419508,180,111,"10"
"NK778",0.0827779331651601,548,254,294,0.0995062898322875,0.0251421426730426,545,251,0.0884757840905547,545,251,"10"
"NK807",0.0094089915560624,86,22,64,0.134195357407937,0.00248768000365259,87,23,0.00875838011725808,87,23,"10"
"NKS8326",0.0203523208560489,316,65,251,0.104765670415809,0.00586724890689168,321,70,0.0206501848699873,321,70,"10"
"NORTH 7",0.00479925896134902,308,11,297,0.0987400606709068,0.00135142119217015,307,10,0.00475680231516818,307,10,"10"
"NQ508",0.00425709593142408,107,10,97,0.128648434925546,0.00142342286262181,108,11,0.00500869017958467,108,11,"10"
"NS501",0.0955562118272353,534,280,254,0.104554956032883,0.0253392607870295,509,255,0.0892188190439451,509,255,"10"
"NS701",0.0265496453100527,331,88,243,0.105904704928095,0.00700610805647663,326,83,0.0246671632167676,326,83,"10"
"NY6371",0.0374190544263482,288,141,147,0.120720709954103,0.00868253047893952,261,114,0.0305665356851033,261,114,"10"
"Ny821",0.0597267570675654,253,204,49,0.137558774538814,0.0176283575984493,248,199,0.0620361026727484,248,199,"10"
"OH33",0.200740514011076,693,358,335,0.0857754719365985,0.0788094312683407,695,360,0.277285736273003,695,360,"10"
"Oh40B",0.0310257105769255,184,108,76,0.131801007545911,0.0071455016503402,160,84,0.025159654628525,160,84,"10"
"Oh43",0.142076001819646,687,336,351,0.0787753946290875,0.0562264474089962,691,340,0.197828459343098,691,340,"10"
"Oh7",0.0299473811612142,368,102,266,0.103037459009372,0.0076710670775083,365,99,0.0270102409702744,365,99,"10"
"OQ403",0.0422144075687922,249,153,96,0.128690861222519,0.00965960206177808,226,130,0.0340083967299543,226,130,"10"
"OQ603",0.0950958022917082,306,277,29,0.144648339787682,0.0252434304621657,282,253,0.0888817220685394,282,253,"10"
"Os420",0.170113282968468,353,350,3,0.171398102712992,0.0638325139329758,355,352,0.224593396559234,355,352,"10"
"OS602",0.151045791484127,652,341,311,0.0949502620100045,0.0552615022967265,650,339,0.194445089206987,650,339,"10"
"Pa392",0.132292690294475,392,326,66,0.133759962788984,0.0496402133707748,396,330,0.174653304176238,396,330,"10"
"Pa405",0.0255536551457409,250,85,165,0.118353719392137,0.00674397301480531,245,80,0.0237445009188025,245,80,"10"
"Pa875",0.120678627548887,532,317,215,0.109817612913689,0.0415377131510165,532,317,0.146157949781067,532,317,"10"
"Pa880",0.036660277929639,147,134,13,0.150585677467409,0.00968469678425436,144,131,0.0340988311692327,144,131,"10"
"Pa91",0.0136051718629671,184,42,142,0.121429238319938,0.00360316479111704,181,39,0.0126855001055981,181,39,"10"
"PH207",0.0263101669292306,239,86,153,0.119776657776528,0.0084119505202184,261,108,0.0296007326935037,261,108,"10"
"PHB09",0.114064014840071,359,311,48,0.137851841508282,0.043685272229621,368,320,0.153697318960269,368,320,"10"
"PHB47",0.028379126082293,259,97,162,0.118747781139661,0.00661025020952833,239,77,0.0232753248917003,239,77,"10"
"PHBA6",0.0864853137087188,331,260,71,0.133412063934281,0.022936621698098,305,234,0.0807592303851945,306,235,"10"
"PHBB3",0.0358928465407661,248,132,116,0.126042094190641,0.00954599278142023,244,128,0.0336073111068571,244,128,"10"
"PHEG9",0.0521530559050415,302,179,123,0.12495458832507,0.0124796429625376,284,161,0.0439424044330865,284,161,"10"
"PHG29",0.0988800836168375,611,292,319,0.0920953154775978,0.0363951597168353,616,297,0.128060981525464,616,297,"10"
"PHG47",0.104279435023164,657,297,360,0.0699946254955073,0.0391596794753848,668,308,0.137783478336755,668,308,"10"
"PHG71",0.0382449967625177,179,143,36,0.142191235542998,0.0101213814912255,171,135,0.0356367857344435,171,135,"10"
"PHG80",0.0371410660730342,145,137,8,0.15679033618354,0.0139409118435317,183,175,0.0490509588512769,183,175,"10"
"PHG83",0.0906038340924019,541,269,272,0.10175140267392,0.036873541035618,570,298,0.129735603141707,570,298,"10"
"PHG86",0.01206733773295,86,32,54,0.136600893210598,0.00437483167566958,104,50,0.0153934987738052,104,50,"10"
"PHH93",0.206782294910881,451,360,91,0.130136546783697,0.077678402968227,450,359,0.273300698633993,450,359,"10"
"PHHH9",0.01160827446026,241,30,211,0.110895061521406,0.00290428518759939,239,28,0.010226253042286,239,28,"10"
"PHHV4",0.0779300460862369,510,249,261,0.103887093990552,0.0249722567880692,511,250,0.0878752971517052,511,250,"10"
"PHJ70",0.141700524552087,678,335,343,0.0827843720343541,0.0474389090488111,668,325,0.166927554796656,668,325,"10"
"PHJ89",0.0908170279462014,627,270,357,0.0732314757958103,0.0324227998770311,640,283,0.114085248831685,640,283,"10"
"PHJ90",0.0838086381812016,380,256,124,0.124846986812464,0.0237531441740701,368,244,0.0836053632581302,368,244,"10"
"PHJR5",0.222076810144479,374,363,11,0.152443505554819,0.0839096085625542,373,362,0.295220421576154,373,362,"10"
"PHK35",0.0689903355893574,431,232,199,0.113128797919712,0.0219354089821615,426,227,0.07718959589086,426,227,"10"
"PHK42",0.0189069824610485,103,60,43,0.13896938533656,0.00498952765569795,100,57,0.0175673297345053,100,57,"10"
"PHK56",0.0523006106479514,452,181,271,0.101760096099908,0.0196202654664065,482,211,0.0690333137986452,482,211,"10"
"PHK74",0.153495870836199,623,343,280,0.100906057948507,0.058628245237476,628,348,0.206271103957992,628,348,"10"
"PHKE6",0.0303205466033515,421,105,316,0.0938930959600795,0.0102673772362185,453,137,0.0361280902996734,453,137,"10"
"PHM10",0.0524749524214569,411,182,229,0.107869199278535,0.0139221907032061,403,174,0.0490198445943445,403,174,"10"
"PHN11",0.0430626291758471,339,158,181,0.116347352090746,0.0112696981306067,327,146,0.0396807650093164,327,146,"10"
"PHN29",0.0379650724744547,179,142,37,0.14082839833505,0.0144384166747298,215,178,0.0507986090082106,215,178,"10"
"PHN66",0.0159030430625362,83,52,31,0.144138276597594,0.00601668961436989,104,73,0.0211685752901276,104,73,"10"
"PHN82",0.0132138361798383,221,39,182,0.11622160300124,0.00360669719209549,222,40,0.0126964363813788,222,40,"10"
"PHP02",0.0467045331674051,450,168,282,0.100715958466983,0.0120247762269429,437,155,0.0423397764296074,437,155,"10"
"PHP55",0.122649847943091,388,318,70,0.133426348936302,0.0481851757452263,398,328,0.169530047527099,398,328,"10"
"PHP76",0.0225231412994064,140,77,63,0.134214804591789,0.00897502833557473,181,118,0.0315770808074194,181,118,"10"
"PHP85",0.0825940622081585,559,253,306,0.0968172091132807,0.0309738847914848,586,280,0.108978684322336,586,280,"10"
"PHPR5",0.0140180269037807,270,44,226,0.108044109228726,0.00396547996548398,272,46,0.0139576378116422,272,46,"10"
"PHR03",0.00299660982523003,336,3,333,0.0864744089098653,0.0011258303584472,340,7,0.0039610760221327,340,7,"10"
"PHR30",0.0545531518996921,491,189,302,0.0983830823552598,0.0200052588540781,517,215,0.0703892775426864,517,215,"10"
"PHR31",0.0281807966851114,170,95,75,0.132288241422085,0.00743719964600569,167,92,0.0261848445738042,167,92,"10"
"PHR36",0.106381869247683,661,300,361,0.0692455708278735,0.0407622826829416,675,314,0.143413393472994,675,314,"10"
"PHR47",0.186017925129686,435,356,79,0.131405254469752,0.0716895672560908,437,358,0.25222439456368,437,358,"10"
"PHR63",0.113894981868406,578,309,269,0.102264454327869,0.0405454769259155,582,313,0.142666486826357,582,313,"10"
"PHT10",0.021261086071395,351,70,281,0.100796273341689,0.00867043290341783,394,113,0.0305059714411522,394,113,"10"
"PHT47",0.0371917173325705,488,139,349,0.0792908997872196,0.00981455555992302,482,133,0.0345554327633553,482,133,"10"
"PHT55",0.0528054676733478,510,184,326,0.0909369590757365,0.0135462827307265,497,171,0.0476971569069123,497,171,"10"
"PHTM9",0.0658448229682372,341,223,118,0.125706619354246,0.0157712784490443,305,187,0.0555172357190616,305,187,"10"
"PHV37",0.0508699966514439,373,176,197,0.113513507476585,0.0124554432267219,357,160,0.0438570624075923,357,160,"10"
"PHV57",0.0482416739766414,298,173,125,0.124445360461222,0.0122439871346966,283,158,0.0431119294464853,283,158,"10"
"PHV63",0.174517514193256,397,352,45,0.138544005051697,0.0697268037902087,401,356,0.245322022258295,401,356,"10"
"PHVA9",0.0219253079143067,299,75,224,0.108110512796476,0.00578141903174714,292,68,0.0203563704909451,292,68,"10"
"PHVJ4",0.062424887569274,473,213,260,0.103949958044563,0.0157196983028689,446,186,0.055350343735473,446,186,"10"
"PHW03",0.0125440746707606,57,34,23,0.146521398544825,0.00310624358129265,53,30,0.0109374082008268,53,30,"10"
"PHW17",0.00812158115854288,306,21,285,0.100385927270139,0.00215667372174875,305,20,0.00759277761919474,305,20,"10"
"PHW20",0.0448436991417614,305,164,141,0.121588965646031,0.0110132957337843,284,143,0.0387790626590744,284,143,"10"
"PHW30",0.178077672513285,448,353,95,0.129081000421614,0.0683146288877932,449,354,0.24035041222813,449,354,"10"
"PHW43",0.0510135197816599,470,178,292,0.0996406491318604,0.0144137828057303,469,177,0.0507336575619856,469,177,"10"
"PHW52",0.0277018401658584,180,92,88,0.130423021931646,0.00732777788082184,177,89,0.02579881212225,177,89,"10"
"PHW53",0.0432183279634925,406,160,246,0.1056393722684,0.0162863738257889,436,190,0.057300835850863,436,190,"10"
"PHW80",0.0110762985780437,392,28,364,0.0576864159098038,0.00355090824421491,402,38,0.0124952347225573,402,38,"10"
"PHWG5",0.0597291080590825,378,205,173,0.117439767430192,0.0158329780694822,361,188,0.0557473898617268,361,188,"10"
"PHZ51",0.0386170663589545,414,144,270,0.101771256078351,0.0102120725963161,406,136,0.0359559465876127,406,136,"10"
"Q381",0.0316302854886355,141,113,28,0.144840407643749,0.0121211019016829,184,156,0.0426455099235287,184,156,"10"
"R168",0.0346215474662006,233,123,110,0.126948689615345,0.00915680075718051,231,121,0.0322382709281243,231,121,"10"
"R177",0.0219045408837483,429,74,355,0.0756356620103466,0.00586920079033134,427,72,0.0206622395886797,426,71,"10"
"R181B",0.0738115069897548,254,242,12,0.150913260053123,0.0290382146546382,283,271,0.102168949371131,283,271,"10"
"R226",0.0432054606172056,236,159,77,0.131675186825117,0.0114564115452223,227,150,0.0403210855216237,226,149,"10"
"R229",0.0103548582998841,283,26,257,0.104283916660107,0.00242782796257954,279,22,0.00854865072351312,279,22,"10"
"R71",0.0983239778953118,307,288,19,0.14724170891499,0.0312952581621122,300,281,0.110126290784764,300,281,"10"
"R78",0.150176488481202,398,340,58,0.135759340408997,0.0573680122143411,402,344,0.20183723276344,402,344,"10"
"SD101",0.127002348282303,587,322,265,0.103357385380943,0.0481769952199127,592,327,0.169501160938842,592,327,"10"
"SD102",0.0178499608571648,78,57,21,0.146795299181757,0.00479017507353539,76,55,0.0168634819957277,76,55,"10"
"SD107",0.234522609459091,421,364,57,0.135825092475756,0.0958671190772686,422,365,0.33729708597861,422,365,"10"
"SD40",0.114634655539113,596,312,284,0.100683524656729,0.0353023235225838,575,291,0.124228351215891,575,291,"10"
"SD44",0.0958345864730123,391,283,108,0.127243607813154,0.0309678250383505,387,279,0.108971621519024,387,279,"10"
"SG 30A",0.0339257234872243,296,118,178,0.116703550450229,0.00895358704741731,295,117,0.0315242261544703,295,117,"10"
"T242",0.0351890633212966,276,127,149,0.120178406187873,0.00921694457043542,273,124,0.0324529756291485,273,124,"10"
"Tr",0.00552734590618251,65,14,51,0.137301781774715,0.00210655340348398,70,19,0.00741146891978649,70,19,"10"
"TZU-CHIAO-HSI-WU 105",0.125600721844921,355,320,35,0.142332982596163,0.0491374528026973,364,329,0.172880174115749,364,329,"10"
"Va26",0.0640735209079867,438,219,219,0.10867417431441,0.0189616669908918,424,205,0.0667327050512719,424,205,"10"
"Va35",0.0637362302801305,540,218,322,0.091736742186672,0.0239941856750471,567,245,0.0844196462475807,567,245,"10"
"Va52",0.0633151822870254,460,216,244,0.105788317323766,0.0151452373724115,428,184,0.0533136469203727,428,184,"10"
"Va99",0.0534957125572793,494,187,307,0.0959368495051818,0.0210780895479883,530,223,0.0741617599360721,530,223,"10"
"W182E",0.01433507552433,244,46,198,0.113267319886363,0.00326707272929025,233,35,0.0115027581304942,233,35,"10"
"W22",0.034738066495613,296,124,172,0.117527296055878,0.0079384884003566,275,103,0.0279511866021236,275,103,"10"
"W23",0.202364913771923,561,359,202,0.112653001173703,0.0563171675270243,543,341,0.198197790749339,543,341,"10"
"W24",0.064979038387319,378,221,157,0.119365219370216,0.024803277680941,406,249,0.0872696339903352,406,249,"10"
"W32",0.058768494488124,535,201,334,0.0859109902050669,0.01559781841024,519,185,0.0549196457094014,519,185,"10"
"W37A",0.102231656914239,658,296,362,0.0684844694826728,0.0403962404974182,674,312,0.142126569075704,674,312,"10"
"W552",0.113768805018106,542,308,234,0.106594681400621,0.0426658512907807,553,319,0.150115702050758,553,319,"10"
"W603S",0.01670860980784,205,55,150,0.120132470092658,0.00444094025329238,201,51,0.0156346816228491,201,51,"10"
"W604S",0.0303019451294846,136,104,32,0.144122918364427,0.00844342515355836,142,110,0.0297213052514172,142,110,"10"
"W605S",0.0618923263489636,370,211,159,0.119083680115691,0.0198552959543298,372,213,0.0698690470015255,372,213,"10"
"W607S",0.0606087821603385,440,209,231,0.107581423605262,0.0236663620166111,473,242,0.0832652479404483,473,242,"10"
"W610S",0.0159589869410172,328,53,275,0.101293018245028,0.0039744732935402,322,47,0.0139945076057531,322,47,"10"
"W611S",0.00421515755513854,341,9,332,0.0864884158300084,0.00159626036711567,346,14,0.00561613231436906,346,14,"10"
"W612S",0.0968940030724446,543,284,259,0.104165227900649,0.0379518626965862,564,305,0.133525997528706,564,305,"10"
"W614S",0.0342811058684511,177,121,56,0.136266028091516,0.0119092695714173,209,153,0.0419046309244382,209,153,"10"
"W64A",0.0944459541711498,592,275,317,0.0931368641095168,0.0216317114287362,542,225,0.0761579648297027,542,225,"10"
"W701BC",0.0114429764049488,33,29,4,0.169754046991272,0.00268192871594858,29,25,0.00944132718265784,29,25,"10"
"W803G",0.00954662469647578,297,24,273,0.101391563579466,0.00252112166895335,297,24,0.00887623293522814,297,24,"10"
"W809G",0.0244439319035951,173,81,92,0.129887794958803,0.0078033149972195,193,101,0.027459338699158,193,101,"10"
"W810G",0.188906258125728,687,357,330,0.087185312632062,0.0712784570125986,687,357,0.250780552921507,687,357,"10"
"W811G",0.00311968681987004,200,6,194,0.113623789776986,0.00076930855452021,198,4,0.00270791247792388,198,4,"10"
"W813G",0.0464174926026183,220,167,53,0.136608059126434,0.0121465027836636,210,157,0.042768008790907,210,157,"10"
"W8304",0.0154264461651391,183,51,132,0.122710209410128,0.00582034738984317,201,69,0.020477857613379,201,69,"10"
"W9",0.0641959590376503,469,220,249,0.104904985763432,0.0175067828299242,447,198,0.0616282152204824,447,198,"10"
"WIL900",0.0180580636116497,404,59,345,0.0811187908327216,0.00476639342605993,399,54,0.0167817982326624,399,54,"10"
"WU-TAN-TZAO",0.0562092628407654,507,194,313,0.0947574981832298,0.0228577495139661,546,233,0.080422003674523,546,233,"10"
"YE 4",0.138018988051661,697,331,366,0.0482778596186257,0.0538869582458109,703,337,0.189590219537853,702,336,"10"
"YING-55",0.117674199028035,383,315,68,0.13365666156526,0.0391777729094638,377,309,0.137858793932336,377,309,"10"
"Yu796 NS",0.0659339383980729,346,224,122,0.12495817854118,0.0232153376365826,360,238,0.0816860428976046,360,238,"10"
"ZS365",0.0248999481895678,344,82,262,0.103830633725843,0.00660221875842787,338,76,0.0232462164474431,338,76,"10"
"ZS635",0.0271774103653593,175,90,85,0.130765651455518,0.00718019567148609,170,85,0.0252807579015293,170,85,"10"
"1538",0.018786051408882,134,38,96,0.109000546034518,0.00959875112233245,174,78,0.0611504391407657,174,78,"11"
"29MIBZ2",0.103020837969634,329,316,13,0.132400531569214,0.051439992029283,333,320,0.327706780708198,333,320,"11"
"2FACC",0.0905476004395007,333,293,40,0.119492429682876,0.0206212096825891,201,161,0.131363633909063,201,161,"11"
"2MA22",0.11893472166871,684,336,348,0.0708090805825827,0.0606018484817726,685,337,0.386074166288991,685,337,"11"
"3IJI1",0.00707253018841679,66,8,58,0.113778807262562,0.0033065403111024,76,18,0.0210647156117595,76,18,"11"
"4226",0.0771333422422017,401,257,144,0.103566540298177,0.0400293645179184,421,277,0.255013532398039,421,277,"11"
"4N506",0.0485657713471335,210,153,57,0.114007908219563,0.022068258044653,223,166,0.140588267544251,223,166,"11"
"6M502",0.0239532427713047,315,53,262,0.0884784010476592,0.0104973470372203,350,88,0.0668743307603891,350,88,"11"
"6M502A",0.0557926329635387,470,180,290,0.08377418925863,0.0279341644123632,498,208,0.177959154036585,498,208,"11"
"764",0.139864344460772,684,351,333,0.074198927146371,0.0699333780416033,685,352,0.445521946712792,685,352,"11"
"78010",0.0370455706149011,360,108,252,0.0900642859598202,0.0111069208024658,346,94,0.0707567978039162,346,94,"11"
"793",0.0364104117626954,277,103,174,0.0995872605746494,0.0182129651848028,321,147,0.116028658141058,321,147,"11"
"87916W",0.0212342298044971,238,49,189,0.0979194718988003,0.00733512006890616,248,59,0.0467289046578503,248,59,"11"
"911",0.055977698478142,454,182,272,0.086841844462857,0.0292143012627386,489,217,0.186114348401636,489,217,"11"
"912",0.098779760428183,672,309,363,0.0549362806853847,0.0491745357153513,673,310,0.313274210435774,673,310,"11"
"91IFC2",0.0863979557517052,329,279,50,0.116646227776022,0.0448161122436594,346,296,0.285508290978583,346,296,"11"
"A",0.0507171601783451,424,160,264,0.088322519923097,0.0261229225873879,454,190,0.1664203706756,454,190,"11"
"A208",0.103357286221457,661,317,344,0.0716199132505767,0.0530305969344775,670,326,0.337840187533258,670,326,"11"
"A239",0.0618049408191292,290,210,80,0.110929579795127,0.0163946747663325,214,134,0.10444135555825,214,134,"11"
"A272",0.0279524080580283,356,65,291,0.0835443652951717,0.0140906475432471,405,114,0.0897668063849399,405,114,"11"
"A305",0.0866502080651958,460,281,179,0.098910389866782,0.0441716344909022,473,294,0.281401833414049,473,294,"11"
"A322",0.0460949619691456,398,144,254,0.0899857842498033,0.0207952051023844,417,163,0.132478079885994,417,163,"11"
"A334",0.0402471439473105,364,126,238,0.0918795844130653,0.0209790556418926,402,164,0.133650420241535,402,164,"11"
"A340",0.0440604169454755,198,137,61,0.113246819105134,0.0116865299115695,157,96,0.0744469157123209,157,96,"11"
"A374",0.0659083893229097,435,223,212,0.0950939783830562,0.0294949248880202,433,221,0.187900470675873,433,221,"11"
"A385",0.0239626656338449,257,54,203,0.0959172206705994,0.0107805228417388,294,91,0.0686784615822541,294,91,"11"
"A401",0.0540133048175876,493,174,319,0.0777056990677449,0.0269032696965904,518,199,0.171391576088047,518,199,"11"
"A427",0.0187461142113719,280,37,243,0.090986162803236,0.00813635802832515,309,66,0.0518333891553508,309,66,"11"
"A548",0.0437927209728607,252,136,116,0.10584112038565,0.0147903086591629,237,121,0.0942214733657835,237,121,"11"
"A572",0.040505929066781,329,128,201,0.096139258890626,0.0202112804214495,359,158,0.128759217741556,359,158,"11"
"A619",0.0502385020467733,502,157,345,0.0714987755147265,0.0160827342538699,475,130,0.102454385264307,475,130,"11"
"A627",0.00943668365477076,203,17,186,0.0983361132349933,0.00489218427577927,218,32,0.0311664522835622,218,32,"11"
"A632",0.0847279079147916,380,275,105,0.107924885405429,0.0428288616114455,392,287,0.272848386241233,392,287,"11"
"A635",0.114816889426863,381,333,48,0.117394628552373,0.046468629046836,351,303,0.296031240783518,351,303,"11"
"A641",0.0714015405289,579,241,338,0.0732794577576061,0.0361183497130356,594,256,0.23009795745874,594,256,"11"
"A648",0.0383893758392673,398,115,283,0.0856421238828543,0.0156887046276009,409,126,0.0999466953368834,409,126,"11"
"A663",0.0693374904852553,512,236,276,0.0866391815447883,0.0357527916087364,529,253,0.227769021143913,529,253,"11"
"A672",0.0190773697044789,157,39,118,0.105773621071954,0.00949336991218918,194,76,0.0604790214477044,194,76,"11"
"A674",0.00573917757119339,137,7,130,0.104716363476475,0.0011962127352177,134,4,0.00762013172892555,134,4,"11"
"A679",0.0284090820045118,327,68,259,0.0887494867449908,0.00689418569431994,315,56,0.0439175169203291,315,56,"11"
"A680",0.011450184581924,211,21,190,0.0978653792314458,0.00591915845407257,234,44,0.0377089642103911,234,44,"11"
"A682",0.102810022889677,588,315,273,0.0867885474210358,0.0522442395804542,596,323,0.332830634341361,596,323,"11"
"A71",0.0825755546334895,342,269,73,0.111817354161564,0.0423908154491676,359,286,0.270057694510432,359,286,"11"
"A73",0.0626290494714157,431,212,219,0.0941363000306798,0.01767945077455,363,144,0.112626632722262,363,144,"11"
"A797NW",0.133561422078484,366,348,18,0.12874250613767,0.0673044539016181,366,348,0.428774176918531,366,348,"11"
"AQA3",0.0284674596703524,319,69,250,0.0903515302597165,0.0148042900254929,372,122,0.0943129463531255,372,122,"11"
"AS6103",0.0651184679884601,486,218,268,0.0880313281317867,0.0328534979863752,508,240,0.209298662159444,508,240,"11"
"AusTRCF 306238",0.0091112538842336,282,15,267,0.088215397352456,0.00427810203445054,292,25,0.0272542375195244,292,25,"11"
"B-18 INBR.FR.SUPERGOLD",0.0656130964819799,469,220,249,0.090352684790729,0.0291536350439612,465,216,0.1857261525848,465,216,"11"
"B-28",0.127383670014526,345,344,1,0.148843472913653,0.0641886055417049,344,343,0.408924147907511,344,343,"11"
"B103",0.0331701624964046,246,92,154,0.102294597239206,0.0166354702587864,292,138,0.105978992392285,292,138,"11"
"B104",0.0998326112101555,357,311,46,0.118778077178807,0.0487626875299743,355,309,0.310649642933108,355,309,"11"
"B105",0.0693678070114179,569,237,332,0.0744374525879555,0.0346792119946799,580,248,0.220929551037678,580,248,"11"
"B108",0.00238772218702113,193,1,192,0.0975575578999918,0.00125433915289149,199,7,0.00799096243450284,199,7,"11"
"B109",0.0586497230615656,475,196,279,0.086210105130996,0.0295671468945401,501,222,0.188362411997555,501,222,"11"
"B110",0.0234308964797697,119,52,67,0.112670812551973,0.00359873645801829,87,20,0.0229221008830598,87,20,"11"
"B111",0.0817702390524799,361,267,94,0.109138011225787,0.0412740065777255,375,281,0.262942913698335,375,281,"11"
"B115",0.0384902833411994,348,116,232,0.092463899136373,0.0190215758548741,384,152,0.121179812454282,384,152,"11"
"B119",0.0212780893496855,252,50,202,0.0960241702520396,0.0107855550972138,294,92,0.0687111755391667,294,92,"11"
"B120",0.0410093261479638,287,129,158,0.101862485498323,0.00760916610968732,219,61,0.0484685867231283,219,61,"11"
"B121",0.0364352107902618,331,104,227,0.093484374262496,0.00999953882587164,307,80,0.0637005503228323,307,80,"11"
"B14A",0.0656510584110221,358,221,137,0.103988680882416,0.0146452185519876,254,117,0.0932943613296787,254,117,"11"
"B164",0.0812848665419464,358,265,93,0.109178754438911,0.0396711450307284,366,273,0.252730380692061,366,273,"11"
"B2",0.0357614745011433,283,101,182,0.0986312819051333,0.018786751445466,333,151,0.11968391846929,333,151,"11"
"B37",0.0194557390808251,243,43,200,0.0962376239215923,0.00670092404376034,254,54,0.0426882166603889,254,54,"11"
"B47",0.00708061049233638,272,9,263,0.0884736084008951,0.0015422575795488,271,8,0.00982430374888272,271,8,"11"
"B57",0.0894858496032716,617,290,327,0.0766000178325223,0.0454429633554113,625,298,0.289501970957467,625,298,"11"
"B66",0.0317531883959098,227,86,141,0.103792702292289,0.0162807023806481,274,133,0.103718606598801,274,133,"11"
"B68",0.0969926739966276,463,303,160,0.101662027727367,0.0486685026565461,468,308,0.310050691331254,468,308,"11"
"B73",0.0144739510658714,224,29,195,0.0967794405771385,0.00750269970865896,255,60,0.0477971640333273,255,60,"11"
"B75",0.0420519230572429,454,132,322,0.0774913233054839,0.010153135142084,404,82,0.0646792437600999,404,82,"11"
"B76",0.153830633111194,360,357,3,0.141634523250978,0.0762589318574525,362,359,0.485819334945416,362,359,"11"
"B77",0.0182845664643097,167,34,133,0.104388677709622,0.00908170606467472,205,72,0.0578564347404588,205,72,"11"
"B79",0.0281464786662042,169,67,102,0.108556081785083,0.0139607358424457,215,113,0.088939038771605,215,113,"11"
"B87",0.0544988524949199,197,176,21,0.126030172561107,0.0274344886947211,226,205,0.174775948766359,226,205,"11"
"B88",0.0576988189598305,360,189,171,0.0997476764614076,0.02727954005643,374,203,0.17378772130776,374,203,"11"
"B91",0.107541856424025,351,325,26,0.124730062661375,0.0542519193908503,357,331,0.345620856522586,357,331,"11"
"B97",0.02490638748217,351,57,294,0.0830859005935476,0.0123557002599968,395,101,0.0787139123899547,395,101,"11"
"BEI 10 = NORTH 10",0.0611753052341514,245,209,36,0.120292405046235,0.0313688950648613,269,233,0.199840737915122,269,233,"11"
"BO9",0.0891406161374659,585,289,296,0.0826238612743475,0.0383745184545717,561,265,0.244468098838822,561,265,"11"
"CA-4",0.0978105785281085,313,306,7,0.139988186918955,0.045563369536838,307,300,0.290267665976233,307,300,"11"
"CG102",0.0279943238115907,249,66,183,0.098483960417673,0.00642846736608342,234,51,0.0409514258810349,234,51,"11"
"CH701-30",0.0288443626662296,225,72,153,0.102363280604642,0.0144718192856865,268,115,0.0921947809623454,268,115,"11"
"CH711-10",0.0763086518447304,476,255,221,0.094075855219637,0.0402331533130265,500,279,0.256311466119761,500,279,"11"
"CH753-4",0.0880759082081724,347,287,60,0.113457126209889,0.0146770413338595,178,118,0.0934897983406504,178,118,"11"
"CH9",0.070173218744026,367,240,127,0.105197619400078,0.0175047259309445,269,142,0.111509593448635,269,142,"11"
"CI 40H",0.0233472348957316,280,51,229,0.0928238531271581,0.00634024776961957,279,50,0.040389531802884,279,50,"11"
"CM105",0.0308428336300879,195,82,113,0.106408990900214,0.0093840109367907,188,75,0.0597801525551576,188,75,"11"
"CQ702RC",0.0366420846736893,393,105,288,0.0841992526573831,0.00853845235586738,358,70,0.0543914396886154,358,70,"11"
"CR 22 INBRED",0.0900807601679877,517,291,226,0.0935999645381922,0.0399244010127415,502,276,0.254342348714949,502,276,"11"
"DE2",0.0394921435396916,442,121,321,0.0776366324102928,0.0195520542484903,475,154,0.1245593565651,475,154,"11"
"DE3",0.0698976641092157,603,239,364,0.0541941991751876,0.0313277787880004,596,232,0.199577720048624,596,232,"11"
"DE4",0.0295249452569998,394,77,317,0.0777541009385074,0.00512730339221857,354,37,0.0326604121769866,354,37,"11"
"DE811",0.0336467228180932,242,97,145,0.10345639387218,0.00924211140629672,218,73,0.0588765598384034,218,73,"11"
"DJ7",0.0788180620194771,577,261,316,0.0784111126293087,0.0392422420995178,586,270,0.249998956717053,586,270,"11"
"DK3IIH6",0.0536797447322412,242,172,70,0.112306328378595,0.026259860998049,264,194,0.167292003950657,264,194,"11"
"DK4676A",0.0620861422521239,456,211,245,0.0906906709624193,0.0130498676577392,351,106,0.0831305972531735,351,106,"11"
"DK78002A",0.0309758927203519,137,83,54,0.11523740420569,0.0153372721230223,178,124,0.0977084434502569,178,124,"11"
"DK78010",0.0523811868253852,211,166,45,0.118788998536252,0.0259078352981116,231,186,0.165049797471417,231,186,"11"
"DK78371A",0.00739623764648196,264,11,253,0.0900546408444978,0.00120820816448745,258,5,0.00769597496963416,258,5,"11"
"DKFAPW",0.0595732138091583,371,199,172,0.0997164329794793,0.0303190880882812,398,226,0.193152801466655,398,226,"11"
"DKFBHJ",0.0645327931275755,306,216,90,0.109876059474843,0.0330236716914328,331,241,0.210382779938025,331,241,"11"
"DKMBNA",0.0824533009739978,529,268,261,0.0885423196706922,0.0423875382914723,546,285,0.270036801311281,546,285,"11"
"DKPB80",0.0137946695430997,236,26,210,0.0952727130638795,0.00429948017400385,236,26,0.027389589212151,236,26,"11"
"E8501",0.064053766736254,528,215,313,0.0791971277404908,0.0320018155899001,549,236,0.203872749424497,549,236,"11"
"EAST 028",0.0666728368135472,512,227,285,0.084622141197581,0.0335399025214409,529,244,0.213671490595472,529,244,"11"
"Eng-Li Chih",0.0829500875157398,308,271,37,0.120264059751748,0.0430615692251747,326,289,0.274330676443202,326,289,"11"
"F118",0.141099030856999,375,353,22,0.125870312033201,0.0620168700300234,362,340,0.395086408830631,362,340,"11"
"F2834T",0.0377534969059689,382,113,269,0.0880266866107245,0.0190549537990473,422,153,0.121392747568374,422,153,"11"
"FBLA",0.0511672121034214,280,163,117,0.105777149993311,0.0234659872243785,293,176,0.149493225116875,293,176,"11"
"FR19",0.0416328210949852,472,130,342,0.0726620967390831,0.0199477456822045,499,157,0.127079695034815,499,157,"11"
"H105W",0.0288609148604836,254,73,181,0.0987719891396056,0.014474339207093,297,116,0.0922111525037468,297,116,"11"
"H110",0.0559329403581153,211,181,30,0.122659288139219,0.0284575049600648,241,211,0.181293276487381,241,211,"11"
"H113",0.0672245784694986,357,231,126,0.105250652924412,0.0181285929861928,272,146,0.115485182552926,272,146,"11"
"H121",0.105814918330474,662,322,340,0.072896121863887,0.0505583654739287,658,318,0.322089133398811,658,318,"11"
"H122w",0.0484375864098544,466,151,315,0.0785686535117033,0.0246198505443563,495,180,0.156844860494443,495,180,"11"
"H5",0.0560281473471419,362,184,178,0.099256973864491,0.0259367310284246,365,187,0.165232992469659,365,187,"11"
"H71",0.0593104180173738,383,198,185,0.0984722036048843,0.0271815337418272,385,200,0.173163048074468,385,200,"11"
"H84",0.0663355199079816,364,224,140,0.103812447510229,0.0114533508294928,235,95,0.0729525851498968,235,95,"11"
"H91",0.0724058977583986,331,245,86,0.109960520386573,0.0381063071060022,350,264,0.242762108416459,350,264,"11"
"H95",0.0675024030961253,321,233,88,0.109909174212326,0.0341815980060786,335,247,0.217759562057035,335,247,"11"
"H96",0.0580755235933936,353,192,161,0.101351126622463,0.0298539553574519,385,224,0.190189545163973,385,224,"11"
"H99",0.078369443746564,303,260,43,0.118856890182148,0.0246601540877465,224,181,0.157096226813951,224,181,"11"
"HP301",0.0454780064179076,171,140,31,0.121781397826946,0.0165517343152159,167,136,0.105444265171681,167,136,"11"
"HUOBAI",0.0513066935310192,466,164,302,0.0816501977448379,0.0267682845241912,500,198,0.1705316142261,500,198,"11"
"Hy",0.137746706569806,675,350,325,0.0769168802850393,0.0714478585139038,678,353,0.455170139211098,678,353,"11"
"I29",0.0879757211514413,340,285,55,0.114713966486767,0.0449265224148574,352,297,0.286210973938093,352,297,"11"
"Ia 453",0.167669052940338,367,362,5,0.141037676959682,0.0741201692326732,361,356,0.472192093473239,361,356,"11"
"IA2132",0.0575336997073473,309,187,122,0.105479088244248,0.026731942850247,319,197,0.170299019751025,319,197,"11"
"IBB15",0.0465434210609442,175,146,29,0.122845174676267,0.0233128388075844,203,174,0.148518249938805,203,174,"11"
"IBC2",0.0671684463357467,512,230,282,0.085759301013435,0.0321233250272551,519,237,0.2046457799887,519,237,"11"
"ICI 193",0.104279035699385,332,320,12,0.133238905286777,0.052450335747772,336,324,0.334143527522295,336,324,"11"
"ICI 740",0.0583419453641318,301,194,107,0.107565807326548,0.0261653644973681,298,191,0.166689885846591,298,191,"11"
"ICI 893",0.042966724053891,320,133,187,0.098213492907087,0.0224587691037928,356,169,0.143077139487317,356,169,"11"
"ICI 986",0.168849911199198,379,363,16,0.130495702323091,0.0837661193937753,379,363,0.533645109109806,379,363,"11"
"IDS28",0.0979338637761744,332,307,25,0.124865065093486,0.046982938798379,329,304,0.299311401232017,329,304,"11"
"IDS69",0.0633686606946498,442,214,228,0.0929312441976103,0.0273542337982445,432,204,0.174263566293893,432,204,"11"
"IDS91",0.0265125866032956,305,61,244,0.0907276997086788,0.013122874220365,351,107,0.0836012760377289,351,107,"11"
"INB 101LFY/LFY (A632 X M16 S5)",0.0463322577358799,391,145,246,0.0906868307067815,0.0121615311871785,345,99,0.0774727051799111,345,99,"11"
"INBRED 141",0.0648654370218795,285,217,68,0.112668470830994,0.0245307525139313,247,179,0.156274074765802,247,179,"11"
"INBRED 2-687",0.0386729068340706,353,118,235,0.092252170699164,0.0166227536714167,372,137,0.10589663687163,372,137,"11"
"INBRED 305",0.123512204781731,695,341,354,0.0673068196672608,0.0531809820049683,682,328,0.338796071609689,682,328,"11"
"INBRED 321",0.067336939720631,532,232,300,0.0820122049380716,0.0337702424521403,545,245,0.21513886943635,545,245,"11"
"K150",0.013009418436167,90,25,65,0.112777895728089,0.00437208891617556,92,27,0.0278526627735637,92,27,"11"
"K41",0.0550799772070609,482,177,305,0.080964980479242,0.0277039612233622,511,206,0.176492660992964,511,206,"11"
"K47",0.0761646846337429,605,253,352,0.0698120988452974,0.0384434939195211,619,267,0.244910662510777,619,267,"11"
"KUNG-70",0.0400568657672528,411,125,286,0.0845813078061284,0.019842517954369,442,156,0.126409814547077,442,156,"11"
"L 127",0.106850235483263,383,324,59,0.113747799838447,0.0528107430295267,384,325,0.336438798242453,384,325,"11"
"L 139",0.045174657445291,166,138,28,0.122947991270855,0.0105699161270382,117,89,0.067333992398644,117,89,"11"
"L 289",0.0208577053512145,238,45,193,0.0970810541921572,0.010292570314834,279,86,0.0655703434621968,279,86,"11"
"LH1",0.0395890461495934,222,122,100,0.108759271130038,0.0205815459874549,260,160,0.13111804715466,260,160,"11"
"LH119",0.0610748060632297,381,206,175,0.0995797389674429,0.0311456547044598,406,231,0.198418576778888,406,231,"11"
"LH128",0.0517556148959541,239,165,74,0.111665217689763,0.0260440404284387,262,188,0.165917865222316,262,188,"11"
"LH143 (Maintainer)",0.128453127780708,349,345,4,0.141402361464286,0.0641212764997907,345,341,0.408494940344132,345,341,"11"
"LH146Ht",0.0328692508961912,306,90,216,0.09448533147298,0.0171345245284937,355,139,0.109158220955811,355,139,"11"
"LH149",0.0717485551523449,552,243,309,0.0803938574453818,0.0153196114076568,432,123,0.097589675097619,432,123,"11"
"LH165",0.0306201259050348,246,79,167,0.100895451082486,0.0158025672623776,295,128,0.100672597559659,295,128,"11"
"LH166",0.0209408663828953,339,46,293,0.0832520348076302,0.0102853783438242,378,85,0.0655244734314372,378,85,"11"
"LH181",0.100956702759033,656,313,343,0.0725548525479469,0.0494017334765631,657,314,0.314720786323205,657,314,"11"
"LH184",0.0599317100468249,264,200,64,0.112798774223707,0.017485899607978,205,141,0.111393933793922,205,141,"11"
"LH190",0.00418159783809,236,3,233,0.0924551530565305,0.00215041833223975,245,12,0.0136995943281089,245,12,"11"
"LH192",0.0741152030716021,545,250,295,0.0829138273439436,0.0383776368859003,561,266,0.244490969848733,561,266,"11"
"LH194",0.124968563239354,665,342,323,0.0774833129307268,0.0648675025669595,668,345,0.413248897054073,668,345,"11"
"LH195",0.0106496491826796,166,20,146,0.103379984446285,0.00558493996696967,188,42,0.0355797331461614,188,42,"11"
"LH197",0.0369296084540972,211,107,104,0.108276226725143,0.0185504019325125,254,150,0.118178391026062,254,150,"11"
"LH198",0.0399771595636707,275,124,151,0.102916916776671,0.0178182677469903,296,145,0.113513085426135,296,145,"11"
"LH202",0.0602351642597067,400,202,198,0.0964384687919188,0.0125835652861792,302,104,0.0801600475526461,302,104,"11"
"LH204",0.0352225687560678,262,99,163,0.101304676955934,0.0147644350292873,283,120,0.0940578943293837,283,120,"11"
"LH205",0.0611020487015863,425,208,217,0.09439891855048,0.0225751260355551,388,171,0.143816900677151,388,171,"11"
"LH206",0.110768328345256,542,331,211,0.09509758053711,0.0566945150225799,545,334,0.361181812999277,545,334,"11"
"LH208",0.00487091020205074,170,5,165,0.100953856196819,0.00123803328923376,171,6,0.00788661421962319,171,6,"11"
"LH209",0.0586315272372852,239,195,44,0.118811123414095,0.0294514007060633,264,220,0.187624999162694,264,220,"11"
"LH214",0.110109943220502,685,329,356,0.0663430014067733,0.0550595720297077,688,332,0.350765951204072,688,332,"11"
"LH215",0.0358250827848917,261,102,159,0.101734117559084,0.00692726003749473,216,57,0.0441256794388279,216,57,"11"
"LH222",0.0335144352131134,208,96,112,0.106562365759919,0.00540952148804782,153,41,0.0344556740597608,153,41,"11"
"LH223",0.0115408292633458,351,22,329,0.0762198204085479,0.00558913209080247,372,43,0.0356063561668942,372,43,"11"
"LH224",0.0736433636828335,266,249,17,0.129548776054012,0.030255737755106,242,225,0.192747685424352,242,225,"11"
"LH295",0.0317101670024459,289,85,204,0.095864255518451,0.00487634166637272,234,30,0.0310598523829291,234,30,"11"
"LH60",0.0503298079201836,326,158,168,0.100613129503516,0.0264034082481015,363,195,0.168206908075202,363,195,"11"
"LH74",0.0525670953890977,211,169,42,0.118911649890376,0.0262368806239755,234,192,0.167146279812927,234,192,"11"
"LH82",0.0716667794177573,534,242,292,0.0833445759557817,0.0374557518191244,553,261,0.23861779140234,553,261,"11"
"LH93",0.0467902045728498,447,148,299,0.0821405319521887,0.024139885306971,477,178,0.153787093037207,477,178,"11"
"LIBC 4",0.040373550546197,190,127,63,0.112903889962485,0.0124280235687228,165,102,0.0791719060288983,165,102,"11"
"LP1 NR HT",0.00423146163731295,57,4,53,0.115973543194178,0.000938493855032538,56,3,0.0059783063562256,56,3,"11"
"LP5",0.126726781046733,523,343,180,0.0988832990108053,0.0649133692663341,526,346,0.413541377448808,526,346,"11"
"M14",0.0379733010066735,269,114,155,0.102042133673639,0.00645495593413493,207,52,0.0411170998343082,207,52,"11"
"MBPM",0.0576287000943595,422,188,234,0.0922620070795677,0.0288391379308686,449,215,0.18372442774151,449,215,"11"
"MBWZ",0.193611096272165,711,365,346,0.0714095825618047,0.0983776543718871,711,365,0.626731241160539,711,365,"11"
"MM501D",0.104822457727902,678,321,357,0.0657127255532009,0.0516218575489156,678,321,0.328864487765844,678,321,"11"
"Mo17",0.0396105537228497,158,123,35,0.120307523534433,0.0196229344322871,190,155,0.125010925869287,190,155,"11"
"Mo1W",0.0557544630718753,263,179,84,0.110087211206434,0.0285776422000618,298,214,0.182058066572989,298,214,"11"
"Mo46",0.0243793232176426,363,55,308,0.0804658917744095,0.00374446806881653,329,21,0.0238503371284511,329,21,"11"
"Mo47",0.0141010901136662,119,28,91,0.109640161009299,0.00221130660072555,104,13,0.0140851449745431,104,13,"11"
"Mo5",0.0177262866399772,82,33,49,0.117310486297198,0.00491149551701916,82,33,0.0312879792109669,82,33,"11"
"MQ305",0.0802341972364287,567,264,303,0.081595838256686,0.0401737560156966,581,278,0.255933471379994,581,278,"11"
"MS116",0.11001858136401,658,328,330,0.075786798451451,0.0494030476357673,645,315,0.31472730185301,645,315,"11"
"MS132",0.0667929252991695,494,229,265,0.0882729202490618,0.0125907662828232,370,105,0.0802039788531586,370,105,"11"
"MS200",0.00946619289824555,217,18,199,0.0962920343132493,0.0028215039223635,214,15,0.0179741441889589,214,15,"11"
"MS211",0.0629813537290631,348,213,135,0.104184175388022,0.0311067239313615,364,229,0.198170038475042,364,229,"11"
"MS221",0.0800319511347231,282,263,19,0.128032085924747,0.0402479399365887,299,280,0.256406147283707,299,280,"11"
"MS224",0.0455582364398867,256,141,115,0.10586073576363,0.00982427231823649,194,79,0.0625831362725841,194,79,"11"
"MS225",0.0875654889519688,361,284,77,0.111256105685973,0.0437302237375835,369,292,0.278590461069036,369,292,"11"
"MS226",0.0300479469989402,274,78,196,0.096698766541561,0.0100203760736457,277,81,0.0638346127683909,277,81,"11"
"MS24A",0.0211279473480733,336,47,289,0.0840810036098015,0.010570050039372,379,90,0.0673382245384081,379,90,"11"
"MS67",0.0763594062601703,606,256,350,0.070631330006981,0.0387473891832827,618,268,0.246846699495279,618,268,"11"
"MS71",0.0190840362039177,247,40,207,0.0955324338695542,0.00617516150910395,255,48,0.0393386458805105,255,48,"11"
"MS72",0.0889942962816015,312,288,24,0.124942411987986,0.0454814671066375,323,299,0.289747242809493,323,299,"11"
"N192",0.0508960985981875,227,161,66,0.112676624101478,0.0083242909805123,135,69,0.0530236206527687,135,69,"11"
"N193",0.0506676550643239,433,159,274,0.0867114227047385,0.0240763930343071,451,177,0.153381713135698,451,177,"11"
"N200",0.00518696016221981,221,6,215,0.0947791724466937,0.00090988329229435,217,2,0.005795886458062,217,2,"11"
"N201",0.0100216706302494,148,19,129,0.104809479977182,0.00507417696706164,165,36,0.0323258892775783,165,36,"11"
"N209",0.0327310978503457,273,89,184,0.0984754607709236,0.0171635166589696,324,140,0.109342866854857,324,140,"11"
"N211",0.121592725639006,424,339,85,0.109961025602772,0.0641492553218263,427,342,0.408672602182404,427,342,"11"
"N217",0.135815896473713,355,349,6,0.140312864905202,0.0685295893455772,355,349,0.436579125539265,355,349,"11"
"N218",0.0762188409974496,529,254,275,0.0866615369376356,0.0395064862929235,547,272,0.25168247242793,547,272,"11"
"N28Ht",0.058891336673306,273,197,76,0.111359821213784,0.018263250677624,224,148,0.116346585436049,224,148,"11"
"N501",0.0263418072780062,364,60,304,0.081161779680478,0.0132264338246524,413,109,0.0842611731131984,413,109,"11"
"N523",0.0870819907815658,315,283,32,0.121539380023425,0.0447601103567095,327,295,0.28515166472152,327,295,"11"
"N527",0.0599497730923021,472,201,271,0.0869199932512113,0.0214175555472907,436,165,0.136440836367787,436,165,"11"
"N534",0.0391062282189533,227,119,108,0.107498604744863,0.0203741843328632,267,159,0.129796799057917,267,159,"11"
"N542",0.0947442051585648,578,300,278,0.0863457517766728,0.0368979787814964,537,259,0.235062428799894,537,259,"11"
"N6",0.0417359554484619,139,131,8,0.139389843693863,0.00799007777936465,73,65,0.0508955024800655,73,65,"11"
"NC250",0.0434370487776496,476,135,341,0.0727447852868923,0.0220682822848385,508,167,0.140589669861517,508,167,"11"
"NC262",0.0485129393945735,262,152,110,0.107018124334567,0.02343444666252,285,175,0.149292233389767,285,175,"11"
"NC294",0.0917692334669706,415,294,121,0.10553208258033,0.0456043609103186,422,301,0.29052976775306,422,301,"11"
"NC310",0.0865883023082487,351,280,71,0.11211298413107,0.0310183041929271,299,228,0.197602576498076,299,228,"11"
"NC326",0.0123934251091999,116,24,92,0.109311650507266,0.00615629698705067,139,47,0.0392196574601766,139,47,"11"
"NC328",0.0863250113807007,409,278,131,0.104700603215157,0.016084900162061,262,131,0.102461502862502,262,131,"11"
"NC342",0.0372150568202541,349,110,239,0.0918755085474326,0.00620407068910332,288,49,0.0395167473213819,288,49,"11"
"NC412",0.0248022158550368,229,56,173,0.0996614460630105,0.0040178332865587,196,23,0.0255924618781589,196,23,"11"
"ND259",0.0691623200887285,588,235,353,0.0689383925698951,0.0346962811666948,602,249,0.221038355694519,602,249,"11"
"ND265",0.140547003649278,494,352,142,0.103752322482182,0.0719599452077898,496,354,0.458432763834168,496,354,"11"
"NK740",0.122280181436638,646,340,306,0.0807906606858372,0.0643444595629042,650,344,0.409916312624581,650,344,"11"
"NK778",0.0553777370744271,433,178,255,0.089637601414666,0.0258895139298443,440,185,0.164932284568421,440,185,"11"
"NK807",0.0333631639139768,168,93,75,0.111468232160819,0.0162521728904974,207,132,0.103536776108027,207,132,"11"
"NKS8326",0.0835286306825962,575,274,301,0.0817133569725105,0.0417072559685598,583,282,0.26570281308242,583,282,"11"
"NORTH 7",0.00278467349665419,314,2,312,0.0794110482541009,0.000457128982614818,313,1,0.00291180050188432,313,1,"11"
"NQ508",0.025196622419082,192,58,134,0.104357513931593,0.0040875171392562,158,24,0.0260363462443141,158,24,"11"
"NS501",0.0372888980638091,247,111,136,0.104130451532521,0.0139102167162017,248,112,0.0886154809655692,248,112,"11"
"NS701",0.0736344852679482,568,248,320,0.0776455118820238,0.0369868693147888,580,260,0.235630942834674,580,260,"11"
"NY6371",0.0368310011352284,320,106,214,0.0948120232319417,0.0183227852594211,363,149,0.116728210047973,363,149,"11"
"Ny821",0.0183043787507797,159,35,124,0.105291320260286,0.00950547919557911,201,77,0.0605561879128308,201,77,"11"
"OH33",0.0454725911178245,470,139,331,0.0757503599276452,0.0226379099239272,503,172,0.144218410735732,503,172,"11"
"Oh40B",0.0510828493938804,276,162,114,0.106297057780386,0.0159680743336827,243,129,0.101723720908433,243,129,"11"
"Oh43",0.0780725935915688,515,259,256,0.0895539897097972,0.035270571332175,507,251,0.224694970989612,507,251,"11"
"Oh7",0.0665931027514148,513,226,287,0.0842048553645279,0.0348427026746368,537,250,0.221970928156497,537,250,"11"
"OQ403",0.112186498328574,562,332,230,0.0926582402894068,0.0541067513710564,560,330,0.344694170367166,560,330,"11"
"OQ603",0.100404383128791,368,312,56,0.11439227605275,0.0520740074230384,378,322,0.331745889150634,378,322,"11"
"Os420",0.0833687636946275,300,273,27,0.123064666390968,0.0428449044271823,315,288,0.272950531279959,315,288,"11"
"OS602",0.103399004107559,405,318,87,0.109917833219602,0.0387621486258391,356,269,0.246937954744438,356,269,"11"
"Pa392",0.0826558715668487,371,270,101,0.108746546200816,0.0433366751703751,391,290,0.276083069581309,391,290,"11"
"Pa405",0.0308305420258595,347,81,266,0.0882370550928763,0.0157102934120082,393,127,0.100085039949875,393,127,"11"
"Pa875",0.0580264088541206,414,191,223,0.0938145445708658,0.0292873077525959,441,218,0.186579657721478,441,218,"11"
"Pa880",0.0564090953475999,205,185,20,0.127933072054355,0.0285375142260147,233,213,0.181802983788368,233,213,"11"
"Pa91",0.0605255610905818,238,204,34,0.120811308134663,0.0311164108517741,264,230,0.198232225231252,264,230,"11"
"PH207",0.0455856709550037,220,142,78,0.111157485002191,0.0225739066316369,248,170,0.143810536818426,248,170,"11"
"PHB09",0.0582460938130613,282,193,89,0.109893204113467,0.0297389251831119,312,223,0.189456767984226,312,223,"11"
"PHB47",0.145609151337369,388,355,33,0.121342189228404,0.0756378638291706,391,358,0.481863197580605,391,358,"11"
"PHBA6",0.0579375347384664,337,190,147,0.103304123949131,0.0284973862239825,359,212,0.181546504202896,359,212,"11"
"PHBB3",0.0287716025840694,265,71,194,0.0969863342574727,0.0147046852274955,313,119,0.0936786402785211,313,119,"11"
"PHEG9",0.0459108693179472,266,143,123,0.105439719121192,0.00783847106947532,187,64,0.0499272814803139,187,64,"11"
"PHG29",0.0778594422544864,528,258,270,0.0870090622286805,0.0256659257140879,454,184,0.163504127165591,454,184,"11"
"PHG47",0.1563996953967,719,358,361,0.0565881216050087,0.0802161565046843,722,361,0.511030297369517,722,361,"11"
"PHG71",0.0657053430662353,263,222,41,0.119207610405844,0.0331911921472155,283,242,0.211450006601636,283,242,"11"
"PHG80",0.065331781456434,270,219,51,0.116139578921035,0.032214658410851,289,238,0.205228207870442,289,238,"11"
"PHG83",0.0830290894262445,434,272,162,0.101311243104074,0.0433492835054096,453,291,0.276163490224027,453,291,"11"
"PHG86",0.0930129487833429,510,297,213,0.0948827869354395,0.043976746457455,506,293,0.280159363042477,506,293,"11"
"PHH93",0.101489730763979,612,314,298,0.0824358272485237,0.0394318875887054,569,271,0.251204937934048,569,271,"11"
"PHHH9",0.028732504379514,226,70,156,0.101940957253472,0.0136019204574163,266,110,0.0866527411037362,266,110,"11"
"PHHV4",0.177762296874931,722,364,358,0.0652760426142892,0.089670884541306,722,364,0.57126325127325,722,364,"11"
"PHJ70",0.092767773773747,554,296,258,0.0890788590518632,0.0486416410989717,565,307,0.30987918321667,565,307,"11"
"PHJ89",0.0148307663080093,358,30,328,0.076282625321759,0.00765884583830469,390,62,0.0487919292461151,390,62,"11"
"PHJ90",0.0604813392715157,323,203,120,0.105575489089636,0.0262411818018025,313,193,0.1671717668908,313,193,"11"
"PHJR5",0.0326470204138834,220,88,132,0.104646792055261,0.00645758260229771,185,53,0.0411342093725889,185,53,"11"
"PHK35",0.0667689896417133,416,228,188,0.098111511712176,0.0341458997860555,434,246,0.21753212411461,434,246,"11"
"PHK42",0.0977480450392083,314,305,9,0.134832558407371,0.0493763857061088,321,312,0.31456047226052,321,312,"11"
"PHK56",0.00724786255780181,216,10,206,0.0957974596683902,0.00160369390057315,216,10,0.010215696250707,216,10,"11"
"PHK74",0.0493200696644342,376,154,222,0.0938149506641395,0.0124288480270681,325,103,0.0791768174528079,325,103,"11"
"PHKE6",0.115695324871735,648,334,314,0.0787990474458807,0.0530885510962495,641,327,0.338207753199438,641,327,"11"
"PHM10",0.0252273215760663,216,59,157,0.10188291807721,0.0119019665788133,255,98,0.0758229578640919,255,98,"11"
"PHN11",0.0319427096933787,239,87,152,0.102810481060702,0.0138499034515135,263,111,0.0882320286487422,263,111,"11"
"PHN29",0.0902647191110555,330,292,38,0.120170017213381,0.0316651074223391,273,235,0.201724977880162,273,235,"11"
"PHN66",0.0852778485663831,315,276,39,0.119893253113777,0.0418795458105399,322,283,0.266799634240068,322,283,"11"
"PHN82",0.072563009053253,556,246,310,0.0801996163290747,0.0377916002814566,573,263,0.240757433110655,573,263,"11"
"PHP02",0.033872150268234,378,98,280,0.0861291191054396,0.00534345022937924,320,40,0.034035782157851,320,40,"11"
"PHP55",0.05253720179651,240,168,72,0.11202758741723,0.0271866490887847,273,201,0.173196971114782,273,201,"11"
"PHP76",0.0813264736981054,457,266,191,0.0978034664672975,0.039809755286182,465,274,0.253613449193833,465,274,"11"
"PHP85",0.027855374815026,284,64,220,0.0941184270262047,0.00506245300886257,255,35,0.0322463492793067,255,35,"11"
"PHPR5",0.00829756630873918,211,14,197,0.0964404373699918,0.0031701440555449,214,17,0.020195533255862,214,17,"11"
"PHR03",0.0288610641157934,385,74,311,0.0800853498784136,0.00472937526910567,340,29,0.0301235954802821,340,29,"11"
"PHR30",0.12952474517565,494,346,148,0.103273364793532,0.066059779989761,495,347,0.420844821777978,495,347,"11"
"PHR31",0.00927635751035069,141,16,125,0.105261619476446,0.00156309459445073,134,9,0.00995664338085432,134,9,"11"
"PHR36",0.0984534115385594,663,308,355,0.0666650222072658,0.0493834710909736,668,313,0.314605507348863,668,313,"11"
"PHR47",0.0974709195029028,561,304,257,0.0894891616558985,0.048583663958029,563,306,0.309510018511108,563,306,"11"
"PHR63",0.0722942171966276,486,244,242,0.0910688157451162,0.0224583255654817,410,168,0.143069414889691,410,168,"11"
"PHT10",0.0961485261707029,397,302,95,0.109107244365986,0.0495832729398801,411,316,0.315878368273653,411,316,"11"
"PHT47",0.0539592260144603,512,173,339,0.0731386409511643,0.0266473757567616,535,196,0.169761088373987,535,196,"11"
"PHT55",0.1174452342251,686,335,351,0.0701158137927476,0.0614732767294295,690,339,0.391625184053971,690,339,"11"
"PHTM9",0.0568564587820856,446,186,260,0.0886664369857107,0.0280910791716049,469,209,0.178958437712715,469,209,"11"
"PHV37",0.130744577576498,409,347,62,0.113244373211303,0.0687560704227447,413,351,0.438020981348681,413,351,"11"
"PHV57",0.0523918247407307,286,167,119,0.105670379359328,0.0231629747917008,292,173,0.14756199641482,292,173,"11"
"PHV63",0.0120360348670132,104,23,81,0.110735226913175,0.00604698359173996,127,46,0.0385233053969855,127,46,"11"
"PHVA9",0.0206439186992375,328,44,284,0.0851670537781013,0.00533237046562681,323,39,0.0339694675397042,323,39,"11"
"PHVJ4",0.0753341655939517,476,251,225,0.0936672592665096,0.0333379495984672,468,243,0.212382683902858,468,243,"11"
"PHW03",0.0663905720846812,239,225,14,0.131421521831985,0.03272440718349,253,239,0.208475613675979,253,239,"11"
"PHW17",0.0191549731486598,292,41,251,0.0901413017171637,0.00488144173123259,282,31,0.031096811082214,282,31,"11"
"PHW20",0.0952602543860692,519,301,218,0.0943793492947903,0.0492381700740987,529,311,0.313679077302944,529,311,"11"
"PHW30",0.0607399949038068,442,205,237,0.0918960258318983,0.0282569198780106,447,210,0.180014560699027,447,210,"11"
"PHW43",0.153552608632481,718,356,362,0.0557540936883466,0.0755756818999991,719,357,0.48146570540579,719,357,"11"
"PHW52",0.0294477681186019,245,76,169,0.0999567906708436,0.0155411808190913,294,125,0.0990074636763901,294,125,"11"
"PHW53",0.142796090048332,672,354,318,0.077721339965469,0.073035621257162,673,355,0.465285550362094,673,355,"11"
"PHW80",0.0942422503882024,635,298,337,0.0733019417913778,0.0314633432633614,571,234,0.200436640843638,571,234,"11"
"PHWG5",0.12054412303648,697,338,359,0.0633730614795803,0.0608635413833108,697,338,0.387741301996016,697,338,"11"
"PHZ51",0.0731212990742157,596,247,349,0.0706791770572462,0.0363879634843364,607,258,0.231815304045329,607,258,"11"
"Q381",0.0334417052378207,177,95,82,0.110682400295879,0.00830598424707463,150,68,0.0529112104317515,150,68,"11"
"R168",0.0498260165909874,267,156,111,0.106834743233192,0.00929669886885437,185,74,0.0592203926474672,185,74,"11"
"R177",0.0385532302223872,443,117,326,0.0766957057064513,0.0060191749976075,371,45,0.0383396413644703,371,45,"11"
"R181B",0.161996716528259,370,359,11,0.133458760845635,0.0800379083071062,371,360,0.509893512755013,371,360,"11"
"R226",0.0611017472767274,276,207,69,0.11232802980967,0.0306150307716857,296,227,0.19503806246555,296,227,"11"
"R229",0.0316506057062538,320,84,236,0.091935269638243,0.0116938353611561,333,97,0.0744959075279234,333,97,"11"
"R71",0.164702145510461,375,360,15,0.131388104822899,0.0827762729209378,377,362,0.527339897082633,377,362,"11"
"R78",0.0272239024492512,233,63,170,0.099864789360704,0.0102687970695568,254,84,0.0654183647422752,254,84,"11"
"SD101",0.0160254966358578,114,31,83,0.110172265423007,0.00246699531623262,97,14,0.0157133765319141,97,14,"11"
"SD102",0.0307122333353288,132,80,52,0.116074526423308,0.00499584505039032,86,34,0.0318221836594149,86,34,"11"
"SD107",0.00776590586816066,91,12,79,0.111124923096452,0.00391150392510919,101,22,0.024918883453536,101,22,"11"
"SD40",0.0993174825722716,550,310,240,0.0916582282320413,0.0505222815037277,557,317,0.32185953232487,557,317,"11"
"SD44",0.0946767081082638,402,299,103,0.108496702637855,0.047228211339193,408,305,0.300873964409201,408,305,"11"
"SG 30A",0.0544126797682801,222,175,47,0.117698648296378,0.0277157536640757,254,207,0.176567824314286,254,207,"11"
"T242",0.0164603784396423,141,32,109,0.107139924903133,0.00462163207443625,137,28,0.0294414960000072,137,28,"11"
"Tr",0.223411373566989,368,366,2,0.146127442217424,0.113922293219358,368,366,0.725760929592413,368,366,"11"
"TZU-CHIAO-HSI-WU 105",0.109327815512039,535,327,208,0.0953761332642172,0.0563351131283383,541,333,0.358892087407438,541,333,"11"
"Va26",0.0184632803117461,212,36,176,0.0994924113599853,0.00730930104695041,234,58,0.0465646930980774,234,58,"11"
"Va35",0.0138671288101931,258,27,231,0.092564505984368,0.0033085126112619,250,19,0.0210764199951651,250,19,"11"
"Va52",0.0293674748177873,252,75,177,0.0994394593295533,0.00672424108840434,232,55,0.0428355810889643,232,55,"11"
"Va99",0.107707713409326,662,326,336,0.0733260757717697,0.0539226584198913,665,329,0.343523094887555,665,329,"11"
"W182E",0.110277285502104,677,330,347,0.070882167191523,0.0570605640761462,682,335,0.363512812245485,682,335,"11"
"W22",0.0353641070686532,266,100,166,0.100939591464557,0.0109223173106114,259,93,0.0695799266963893,259,93,"11"
"W23",0.166006892861081,602,361,241,0.091619803265912,0.0686281184898469,591,350,0.437200076964792,591,350,"11"
"W24",0.0497579477147637,294,155,139,0.103834865651595,0.0247110223042826,321,182,0.157425445099674,321,182,"11"
"W32",0.103822915369864,684,319,365,0.0523864220378353,0.0513618040014204,684,319,0.327208184599499,684,319,"11"
"W37A",0.0482314712241518,474,150,324,0.0774320831964675,0.00779945603705758,387,63,0.0496802863795237,387,63,"11"
"W552",0.0880722925272053,620,286,334,0.0738016865311548,0.0359700091444235,589,255,0.2291510713437,589,255,"11"
"W603S",0.0476028940608069,426,149,277,0.0865950373935536,0.0250251076142621,460,183,0.159426325259809,460,183,"11"
"W604S",0.0525912177199644,334,170,164,0.101277208992088,0.0207881978745165,326,162,0.132432322571568,326,162,"11"
"W605S",0.0393306493095418,218,120,98,0.108820013444124,0.00879605947942898,169,71,0.0560319477381963,169,71,"11"
"W607S",0.0754362859458878,549,252,297,0.082570610918265,0.0374733807977944,559,262,0.238730062863283,559,262,"11"
"W610S",0.0560122980385331,490,183,307,0.0804994913197386,0.0293461533657095,526,219,0.186954273210608,526,219,"11"
"W611S",0.04664756713406,395,147,248,0.090485650972888,0.0102576831799607,331,83,0.0653424090946029,331,83,"11"
"W612S",0.0687352871086769,515,234,281,0.0860332893630618,0.0355966125661233,533,252,0.226774000786622,533,252,"11"
"W614S",0.0330010948024531,190,91,99,0.108804539001879,0.00524401523253752,137,38,0.0334025590474114,137,38,"11"
"W64A",0.086887374111887,379,282,97,0.108855075819952,0.035867016366919,351,254,0.228495019902788,351,254,"11"
"W701BC",0.105964756619304,333,323,10,0.134053667895905,0.0362099529714891,267,257,0.230677953009907,267,257,"11"
"W803G",0.0370906269501907,318,109,209,0.0953068304955213,0.0123484051346716,309,100,0.0786662367679398,309,100,"11"
"W809G",0.00806881162046921,156,13,143,0.10371676028995,0.00184944821074343,154,11,0.0117812691877264,154,11,"11"
"W810G",0.0925614464386092,401,295,106,0.107878636183965,0.0458608299524886,408,302,0.292163488070605,408,302,"11"
"W811G",0.0333988610385407,243,94,149,0.103270196215556,0.0175781456437572,292,143,0.11198428831335,292,143,"11"
"W813G",0.0697742198894663,261,238,23,0.1251950403269,0.0271894552612747,225,202,0.173213269111022,225,202,"11"
"W8304",0.0374684221284186,336,112,224,0.093751686228511,0.0165140481346742,359,135,0.105204334134994,359,135,"11"
"W9",0.052712925532337,321,171,150,0.103194488809368,0.0260810659125557,339,189,0.166153402633608,339,189,"11"
"WIL900",0.078894885638082,622,262,360,0.0595477665618143,0.0398500523906064,635,275,0.253871381974271,635,275,"11"
"WU-TAN-TZAO",0.0857964451733204,612,277,335,0.0737812939693546,0.0419928055117809,619,284,0.26752115550848,619,284,"11"
"YE 4",0.119333478598306,703,337,366,0.0502853488418028,0.0587509065400567,702,336,0.374281086002056,702,336,"11"
"YING-55",0.043226203163705,339,134,205,0.09584235142094,0.00823701671405494,272,67,0.0524683761643603,272,67,"11"
"Yu796 NS",0.0191666059670456,170,42,128,0.104809963298426,0.00298738908835774,144,16,0.0190284035647329,144,16,"11"
"ZS365",0.0211554599020255,295,48,247,0.0905025002047126,0.0104145625045285,334,87,0.0663474000500858,334,87,"11"
"ZS635",0.0266324428599935,200,62,138,0.103968959377135,0.0131318374259526,246,108,0.0836582961694401,246,108,"11"
"1538",0.0218059407213317,184,104,80,0.0800061080988575,0.0076366968630659,176,96,0.0222641461422467,176,96,"12"
"29MIBZ2",0.0460996123933769,369,212,157,0.0729519880937697,0.0161329703910437,359,202,0.0470343259031827,359,202,"12"
"2FACC",0.0793376192328808,426,322,104,0.077516856825993,0.0365896993143733,439,335,0.10665364095794,439,335,"12"
"2MA22",0.0438941822420691,407,208,199,0.068419501669918,0.0152614622946118,393,194,0.044493594063592,393,194,"12"
"3IJI1",0.0110426785725814,162,47,115,0.076359312269048,0.0039894666539824,160,45,0.0116291902625996,160,45,"12"
"4226",0.0719638112634334,641,309,332,0.0557470476042625,0.0264363974454481,617,285,0.0770688139675917,617,285,"12"
"4N506",0.0478689962995442,273,221,52,0.0828286905400523,0.0157200971414043,249,197,0.0458270698737839,249,197,"12"
"6M502",0.0415933394442689,547,204,343,0.052363797486771,0.0140370185451981,524,181,0.0409191455630335,525,182,"12"
"6M502A",0.0652845079414245,523,285,238,0.065033771140794,0.0258886461134821,519,281,0.0754699167819854,519,281,"12"
"764",0.0138949359345693,390,60,330,0.055841166067762,0.00662634144991626,411,81,0.0193155053725776,411,81,"12"
"78010",0.0341261289199638,469,167,302,0.0603871891433735,0.0159386775648687,503,201,0.0464597896256209,503,201,"12"
"793",0.0653704278381365,634,287,347,0.0504996516810357,0.0228631714523739,604,257,0.0666556750020122,604,257,"12"
"87916W",0.0302843102738642,322,146,176,0.0708740215414907,0.013380471157406,346,170,0.0390052355988259,346,170,"12"
"911",0.00626449296923887,277,25,252,0.0639869229308123,0.00214890693213788,277,25,0.00626491512904074,277,25,"12"
"912",0.0208184037746542,424,97,327,0.056455156662475,0.0072873678997117,417,90,0.0212457042861099,417,90,"12"
"91IFC2",0.00461907883227007,181,16,165,0.0719820441807643,0.00152067952601207,181,16,0.00443325078559127,181,16,"12"
"A",0.0227180142311636,296,108,188,0.069360369305415,0.0105887790276099,330,142,0.0308652603221905,330,142,"12"
"A208",0.0139352532652364,300,61,239,0.064918926869036,0.00480594146128567,298,59,0.0140113742703751,298,59,"12"
"A239",0.0252725986866088,263,128,135,0.0747021798384317,0.00839400611227272,242,107,0.0244713832205274,242,107,"12"
"A272",0.0141598279705034,326,63,263,0.0631559560905357,0.00494984416226273,325,62,0.0144308463806987,325,62,"12"
"A305",0.0405985462430604,544,200,344,0.051954019944961,0.013307360784609,513,169,0.0387936904664555,513,169,"12"
"A322",0.00570460593182778,271,22,249,0.064305725659237,0.0019063497534885,271,22,0.0055576866414864,271,22,"12"
"A334",0.0180571302271927,380,82,298,0.0605514814333639,0.00623535869714968,376,78,0.0181785853964199,376,78,"12"
"A340",0.0303338737728487,249,147,102,0.0778381189805905,0.0104572730312706,243,141,0.0304871507158071,243,141,"12"
"A374",0.0360126652014222,419,177,242,0.064647624439064,0.0141036351879118,425,183,0.0411147222695521,425,183,"12"
"A385",0.016512247789221,286,75,211,0.0673920208305797,0.00571010468639432,280,69,0.0166472662408764,280,69,"12"
"A401",0.0305440345959947,280,150,130,0.075145728963549,0.0106716542128593,273,143,0.0311122886392607,273,143,"12"
"A427",0.0482996275943702,418,225,193,0.0690201456240048,0.0169193824098038,403,210,0.0493253205417197,403,210,"12"
"A548",0.0204313267386399,274,95,179,0.0705798021487805,0.00701890813227157,268,89,0.0204629098456683,268,89,"12"
"A572",0.10925499518363,699,354,345,0.0510788865470715,0.0369150382703389,681,336,0.10762098231064,681,336,"12"
"A619",0.0614622282294593,634,273,361,0.0430792982602899,0.0214411380340731,603,242,0.0625098977344684,603,242,"12"
"A627",0.00983643324524949,275,44,231,0.0655627398338555,0.00341695074933752,269,38,0.00996185374899858,269,38,"12"
"A632",0.05418706429074,258,245,13,0.0919008367640433,0.0191031102811996,233,220,0.0556856797163919,233,220,"12"
"A635",0.0248487987467352,147,122,25,0.0879592114988861,0.00838741874528879,131,106,0.0244524636334733,131,106,"12"
"A641",0.0101793769189248,345,45,300,0.0604667548094788,0.00355464923263729,339,39,0.0103632721289571,339,39,"12"
"A648",0.0206839528329354,374,96,278,0.0621160880645332,0.00955777627218008,409,131,0.0278596717258815,409,131,"12"
"A663",0.0454335638478353,298,211,87,0.0791329517982197,0.0149391417358981,279,192,0.0435503120935354,279,192,"12"
"A672",0.0631185074430259,487,280,207,0.0676884534044962,0.029511835284715,517,310,0.0860243953018907,517,310,"12"
"A674",0.0129290896587186,226,56,170,0.0714962383995036,0.00449381844827292,222,52,0.0131013756851226,222,52,"12"
"A679",0.0237442967923207,395,113,282,0.062009388964531,0.011122650101993,433,151,0.0324215994884723,433,151,"12"
"A680",0.00291798910258221,204,10,194,0.0688398370932568,0.00100553282378154,204,10,0.00293153159317096,204,10,"12"
"A682",0.0316861676251451,384,158,226,0.0659722200989302,0.0146151782669769,416,190,0.0426011396684979,416,190,"12"
"A71",0.0315838555689189,451,156,295,0.0607742887089639,0.0109466168563668,443,148,0.0319140277660234,443,148,"12"
"A73",0.0322188177835141,377,159,218,0.0669200337373917,0.0151521191564131,411,193,0.0441655903681374,411,193,"12"
"A797NW",0.0829708910008959,582,327,255,0.0638227387138395,0.0289358735628014,562,307,0.0843601975362451,562,307,"12"
"AQA3",0.0929760865799455,658,342,316,0.0587697762477362,0.0341732002261553,645,329,0.0996235386068559,645,329,"12"
"AS6103",0.0666087297998415,369,293,76,0.0804808377385193,0.0221144157900669,327,251,0.0644665519143853,327,251,"12"
"AusTRCF 306238",0.0598990716058756,323,267,56,0.0824148316003905,0.023432407622194,316,260,0.0683031709311724,316,260,"12"
"B-18 INBR.FR.SUPERGOLD",0.0504018957032934,444,231,213,0.0671828528071178,0.0235788283332618,474,261,0.0687279175498902,474,261,"12"
"B-28",0.00128978755376122,22,2,20,0.0892048938885296,0.000436100021151759,22,2,0.00127139592305211,22,2,"12"
"B103",0.0652973651791976,471,286,185,0.0699661942364233,0.0309320267179429,502,317,0.0901681585955169,502,317,"12"
"B104",0.0219684902864295,152,106,46,0.084182717720751,0.00739225381751035,138,92,0.0215517051256705,138,92,"12"
"B105",0.0234620362498109,341,112,229,0.0658683319341179,0.00818588744520685,331,102,0.0238652404263018,331,102,"12"
"B108",0.0249544966508037,395,123,272,0.0625167931539882,0.01188438287463,430,158,0.0346407389879,430,158,"12"
"B109",0.055196869790305,353,250,103,0.0775480059331726,0.0192858272206571,326,223,0.0562262403453422,326,223,"12"
"B110",0.0384588040569792,346,182,164,0.0720025151362051,0.0126858590329741,330,166,0.0369813639807791,330,166,"12"
"B111",0.0938500892060813,412,344,68,0.0809602685830613,0.0434114816128218,415,347,0.126539038454537,415,347,"12"
"B115",0.0741786774357916,525,316,209,0.0675341989195202,0.0350794474581831,542,333,0.102254478779389,542,333,"12"
"B119",0.0315858836220303,282,157,125,0.0754865268041676,0.0109902693170007,274,149,0.0320412602153843,274,149,"12"
"B120",0.0908742497609818,693,339,354,0.0480506411744552,0.0422233159473359,695,341,0.123073376889431,695,341,"12"
"B121",0.0147066174943173,388,67,321,0.0578416812864427,0.00497903978246888,384,63,0.0145143010451212,384,63,"12"
"B14A",0.0900016242865969,362,338,24,0.0880410098215783,0.0425110999491069,366,342,0.123917182861933,366,342,"12"
"B164",0.0345630109860393,284,170,114,0.0764611758108867,0.0119559273944882,273,159,0.0348563709212754,273,159,"12"
"B2",0.0494659083535251,256,230,26,0.0878940777901,0.0243199476537717,293,267,0.070888270396012,293,267,"12"
"B37",0.034516646869622,346,169,177,0.0707022177943618,0.0159314744976541,377,200,0.0464380542764179,377,200,"12"
"B47",0.00907010306419479,326,39,287,0.0613443686932038,0.004378324003349,338,51,0.0127620001216055,338,51,"12"
"B57",0.0386378192540554,333,185,148,0.0737697292920454,0.0134824493024293,321,173,0.0393069838668158,321,173,"12"
"B66",0.044486226778798,480,209,271,0.0625261842269615,0.0205235838405308,506,235,0.0598233393335079,506,235,"12"
"B68",0.147777264598162,368,364,4,0.103710536567971,0.0701501655170785,368,364,0.204474519873954,368,364,"12"
"B73",0.0179587996741191,338,81,257,0.063671585789719,0.00614869652191086,333,76,0.0179261121788658,333,76,"12"
"B75",0.0381444484556824,392,180,212,0.0672137484847829,0.0132177968677559,380,168,0.0385352534823269,380,168,"12"
"B76",0.083458270782833,521,329,192,0.0690793258797948,0.0363536843099165,526,334,0.105965503785251,526,334,"12"
"B77",0.0405082788075872,238,199,39,0.0859901654648803,0.014199873213597,225,186,0.0413928360156535,225,186,"12"
"B79",0.0680771541364196,437,298,139,0.07436846664747,0.0318611846809954,458,319,0.09287262586125,458,319,"12"
"B87",0.034875954176633,205,171,34,0.0869352181538999,0.0121618487928928,195,161,0.0354568866850357,195,161,"12"
"B88",0.00203984506332311,74,5,69,0.0808947090987112,0.000681027013602404,74,5,0.00198546019591352,74,5,"12"
"B91",0.0645763176666085,546,284,262,0.0633130273603448,0.024786321052829,534,272,0.072250036798268,534,272,"12"
"B97",0.0117051451222661,311,51,260,0.0634432244590269,0.00404214774679194,308,48,0.0117845850275905,308,48,"12"
"BEI 10 = NORTH 10",0.066472106589136,369,292,77,0.080225171741531,0.0308651549415678,393,316,0.0899685418164407,393,316,"12"
"BO9",0.0603369523789136,392,270,122,0.0758442796097113,0.0199554622800866,348,226,0.0581732098187409,348,226,"12"
"CA-4",0.121587412131993,360,359,1,0.115010974043299,0.0597971983024689,361,360,0.174298078326091,361,360,"12"
"CG102",0.0298838886226639,207,144,63,0.0814276127975213,0.014026134341033,243,180,0.0408837845799747,243,180,"12"
"CH701-30",0.0468377431411695,475,216,259,0.0635006206183452,0.0203535425922693,492,233,0.0593275218958032,492,233,"12"
"CH711-10",0.0241723853306653,433,116,317,0.0587252440481148,0.010232721392836,455,138,0.0298269484645056,455,138,"12"
"CH753-4",0.101003481952367,613,348,265,0.0629659671993275,0.0491717047786024,616,351,0.143326494665956,616,351,"12"
"CH9",0.0923306913390081,448,341,107,0.077025159643602,0.0426466775503589,450,343,0.124309399541438,450,343,"12"
"CI 40H",0.00453587510460773,249,15,234,0.0653699515478071,0.00150013362684118,249,15,0.00437338030131773,249,15,"12"
"CM105",0.00109467696657178,152,1,151,0.0736857682765633,0.000385972172136979,152,1,0.00112511108981929,152,1,"12"
"CQ702RC",0.011367364909073,291,50,241,0.0648031335336253,0.0038444911801247,285,44,0.0112081422808907,285,44,"12"
"CR 22 INBRED",0.0266875756220591,415,134,281,0.0620764742750105,0.0096103264325094,413,132,0.0280138861039286,413,132,"12"
"DE2",0.00874608466195879,281,36,245,0.0645041969695567,0.00301458478819742,279,34,0.008788724816879,279,34,"12"
"DE3",0.0176441224370152,432,80,352,0.0486802206556491,0.00611293378387107,426,74,0.0178216870468617,426,74,"12"
"DE4",0.00762435833992431,350,30,320,0.057909972639488,0.00261427840755408,349,29,0.00762175050769563,349,29,"12"
"DE811",0.0536258695109373,283,243,40,0.0851482090306332,0.0213923275911258,281,241,0.0623562707037482,281,241,"12"
"DJ7",0.19811903744695,372,366,6,0.100045468474749,0.0942900355610893,372,366,0.274837701023997,372,366,"12"
"DK3IIH6",0.0552557343158663,315,251,64,0.0810740525899205,0.0262347525374014,347,283,0.0764697616416928,347,283,"12"
"DK4676A",0.0642075690954623,616,283,333,0.0556270034215338,0.0238090560656079,597,264,0.0694021039874079,597,264,"12"
"DK78002A",0.107690844416165,692,351,341,0.0530636354179178,0.0489272645910795,691,350,0.14261497929709,691,350,"12"
"DK78010",0.0257077834101073,292,130,162,0.0721396441827318,0.00899856349850644,283,121,0.0262345499757196,283,121,"12"
"DK78371A",0.0352498226054133,184,172,12,0.0919917034596338,0.0158276390747397,210,198,0.0461350308118092,210,198,"12"
"DKFAPW",0.0869492874306898,681,331,350,0.0491315840040931,0.0303940854038381,661,311,0.0886114410186636,661,311,"12"
"DKFBHJ",0.0634209464623886,455,281,174,0.071153274123727,0.0308122328295635,489,315,0.0898174295240059,489,315,"12"
"DKMBNA",0.0517704294797319,576,238,338,0.054453594773071,0.0219945110061012,587,249,0.0641108843178297,587,249,"12"
"DKPB80",0.039838763753459,436,196,240,0.0648689821353738,0.019157267339511,461,221,0.0558429362872346,461,221,"12"
"E8501",0.013585533657113,370,58,312,0.0593409501500117,0.00450650342779637,366,54,0.0131384904666906,366,54,"12"
"EAST 028",0.00973719204309535,274,41,233,0.0654530305991598,0.00473134875702238,291,58,0.0137910439654922,291,58,"12"
"Eng-Li Chih",0.0696623538035342,484,301,183,0.0702425935129547,0.0338864165421955,511,328,0.0987787246290105,511,328,"12"
"F118",0.0572789263601501,263,258,5,0.101027397040637,0.0268751069692368,295,290,0.0783359244800628,295,290,"12"
"F2834T",0.0184183437405096,227,85,142,0.0741766154328652,0.0064263928928947,221,79,0.0187355878217166,221,79,"12"
"FBLA",0.0640566667421378,453,282,171,0.0713691761125148,0.030613112762359,484,313,0.0892360617364007,484,313,"12"
"FR19",0.0816933377540684,687,324,363,0.0402117874714137,0.0286021366484448,663,300,0.0833871129637509,663,300,"12"
"H105W",0.0576257230352122,302,260,42,0.0844654392886605,0.0201805466532778,271,229,0.0588346850824999,271,229,"12"
"H110",0.0325791182562368,198,162,36,0.0867264436101493,0.0113685046030114,189,153,0.0331438843707209,189,153,"12"
"H113",0.0261231962541332,294,133,161,0.0723089738418478,0.00902016218797619,283,122,0.0262967963050012,283,122,"12"
"H121",0.0390605014834712,504,190,314,0.0590618205592227,0.0132110497620242,481,167,0.0385150709352732,481,167,"12"
"H122w",0.00816202601221449,334,33,301,0.0604163528182913,0.00284744016406705,332,31,0.00830148060757512,332,31,"12"
"H5",0.0300487634371749,331,145,186,0.0695826988404426,0.0103621301742902,325,139,0.030209774323948,325,139,"12"
"H71",0.0162258504260893,199,71,128,0.0752314463017345,0.00755590022114444,222,94,0.0220241702939081,222,94,"12"
"H84",0.0493586737089602,392,229,163,0.0720273053078471,0.0163236607872143,368,205,0.0475888097028875,368,205,"12"
"H91",0.104887131664882,359,349,10,0.0926103091347765,0.0492943173834042,362,352,0.143683714817669,362,352,"12"
"H95",0.0656137589789,372,290,82,0.079837598697179,0.0245356498948862,351,269,0.0715271571061725,351,269,"12"
"H96",0.089006168154709,346,337,9,0.093428551656396,0.0430573378228569,354,345,0.125504155374617,354,345,"12"
"H99",0.0240882561206821,165,115,50,0.0833286977017853,0.00819891705997591,153,103,0.0239030125534992,153,103,"12"
"HP301",0.027297435707337,204,138,66,0.0810415418748592,0.00950319520343037,194,128,0.0277057186469732,194,128,"12"
"HUOBAI",0.0211478624993686,364,98,266,0.0628109523339938,0.00737594749332876,357,91,0.0215039290883113,357,91,"12"
"Hy",0.0404685493429477,247,198,49,0.0833883548719769,0.0139583099855512,228,179,0.0406944406239777,228,179,"12"
"I29",0.0722521505675194,607,310,297,0.0605675336757587,0.0334558846926744,621,324,0.0975198757327939,621,324,"12"
"Ia 453",0.0739803046602824,406,315,91,0.0787624675383568,0.0315513126351288,409,318,0.0919675593388915,409,318,"12"
"IA2132",0.0163785270801297,115,74,41,0.0848185960364459,0.0055910988138377,108,67,0.0163004852186488,108,67,"12"
"IBB15",0.0191026144143739,133,86,47,0.0835865126088585,0.00666694434473493,129,82,0.0194369328155301,129,82,"12"
"IBC2",0.0699591719064542,637,302,335,0.0554451837191807,0.0244081364956979,603,268,0.0711597912726859,603,268,"12"
"ICI 193",0.00658526952553763,93,28,65,0.0810583638709401,0.00321441690715555,101,36,0.00936943818765958,101,36,"12"
"ICI 740",0.0612153272081305,525,272,253,0.0639615687080305,0.0284812372901151,552,299,0.0830176456660666,552,299,"12"
"ICI 893",0.0281559181044927,192,141,51,0.0833172154251629,0.00978703940925987,186,135,0.0285333461888175,186,135,"12"
"ICI 986",0.0884182587024954,570,334,236,0.0650872598523415,0.0291607866677403,544,308,0.0850085077607261,544,308,"12"
"IDS28",0.0731552295622145,406,313,93,0.078423095406352,0.0337609326573653,420,327,0.0984084338789469,420,327,"12"
"IDS69",0.035427756974541,339,173,166,0.0719710859318562,0.0163548756934611,372,206,0.0476717593979416,372,206,"12"
"IDS91",0.0357679990332736,259,176,83,0.0797151272082486,0.0125217311057422,247,164,0.036506048203807,247,164,"12"
"INB 101LFY/LFY (A632 X M16 S5)",0.00770127778331898,355,31,324,0.0567173064434525,0.00363891754553899,365,41,0.0106067601549329,365,41,"12"
"INBRED 141",0.00500587612315226,47,18,29,0.0876526252327305,0.00163845654521573,46,17,0.00477653550251262,46,17,"12"
"INBRED 2-687",0.0469763817203422,512,218,294,0.0608775836785293,0.0156883379062737,490,196,0.045733343303855,490,196,"12"
"INBRED 305",0.096268612131739,459,346,113,0.0765102774700963,0.041842651443864,453,340,0.121965045983946,453,340,"12"
"INBRED 321",0.0594915356815059,336,265,71,0.0807949107057658,0.0208062750371716,308,237,0.0606589651594859,308,237,"12"
"K150",0.0554038910858268,389,252,137,0.0746356514589602,0.0265074745282318,425,288,0.0772683407508906,425,288,"12"
"K41",0.129987461171294,367,360,7,0.0960850786166685,0.0496315599239714,360,353,0.144672018344118,360,353,"12"
"K47",0.0148893105947297,330,69,261,0.063404694744752,0.00519441848601737,326,65,0.0151439052951325,326,65,"12"
"KUNG-70",0.0342799658020467,322,168,154,0.0732434876141796,0.0119692114734411,314,160,0.0348951988020646,314,160,"12"
"L 127",0.0887283198252851,669,335,334,0.0555680451758948,0.0293934560727753,643,309,0.0856916990817271,643,309,"12"
"L 139",0.118167883871543,368,357,11,0.092216511795024,0.0545250258107909,370,359,0.15893158461274,370,359,"12"
"L 289",0.0706605979814425,402,305,97,0.0781412178365453,0.0328483207810004,419,322,0.0957469315456508,419,322,"12"
"LH1",0.021459716408885,187,102,85,0.0794242118206606,0.00745536193486742,178,93,0.0217354296638405,178,93,"12"
"LH119",0.0827918869529303,688,326,362,0.042931767950198,0.0288752376855007,667,305,0.0841834171534023,667,305,"12"
"LH128",0.0268415315115939,341,136,205,0.0677262133289482,0.009353673984847,331,126,0.0272698850992168,331,126,"12"
"LH143 (Maintainer)",0.0913598625871351,587,340,247,0.064463131480024,0.0395589467154626,586,339,0.115308442207749,586,339,"12"
"LH146Ht",0.0298424887769194,456,143,313,0.059260167048681,0.0122481402801425,475,162,0.0357017842299624,475,162,"12"
"LH149",0.0755107710833115,682,317,365,0.0372637480445032,0.0287463403449104,668,303,0.083793345932194,668,303,"12"
"LH165",0.0162778951828196,177,72,105,0.0771435934402123,0.00561544128039184,173,68,0.0163714111879927,173,68,"12"
"LH166",0.0354755778969103,396,174,222,0.0664484730123765,0.0116581126188921,378,156,0.0339868933415063,378,156,"12"
"LH181",0.0481387048843111,511,222,289,0.0611835074674251,0.0221226537336259,541,252,0.0644888761783369,541,252,"12"
"LH184",0.070886619230369,506,306,200,0.0683011873481875,0.0328223013947722,520,320,0.0956712856825257,520,320,"12"
"LH190",0.147208211402954,384,363,21,0.0888641142348897,0.0681395331395622,384,363,0.19861490375817,384,363,"12"
"LH192",0.00542926744720572,205,21,184,0.0701000143773122,0.00179752483662583,205,21,0.00524059663017661,205,21,"12"
"LH194",0.0728665912786575,357,312,45,0.0843167750696885,0.0276478886858074,338,293,0.0805915201660327,338,293,"12"
"LH195",0.0516483635819358,527,236,291,0.0610542382542198,0.0237570554019387,554,263,0.0692478613300312,554,263,"12"
"LH197",0.0247046450840374,346,121,225,0.0660247454495003,0.00865189337965902,339,114,0.0252238660613773,339,114,"12"
"LH198",0.0386978548924976,306,186,120,0.0759148866426156,0.0134779223569468,292,172,0.0392936864257894,292,172,"12"
"LH202",0.0731683902201841,509,314,195,0.068777766168258,0.033753191624393,521,326,0.0983851260043508,521,326,"12"
"LH204",0.0135570384348808,201,57,144,0.0741347305490322,0.00464572355951156,200,56,0.0135441193926243,200,56,"12"
"LH205",0.0606903783161472,389,271,118,0.076123144454758,0.0280081481643306,414,296,0.0816391704272366,414,296,"12"
"LH206",0.038425736167205,262,181,81,0.0799031256033557,0.018036332546259,297,216,0.0525725429928118,297,216,"12"
"LH208",0.0409665143823474,249,201,48,0.0834473368917202,0.0201863349954162,278,230,0.058839551493396,278,230,"12"
"LH209",0.00211204532909678,142,6,136,0.0746662627077836,0.000734116363283847,144,8,0.00214024981644372,144,8,"12"
"LH214",0.024956204123321,417,124,293,0.0608825255475118,0.00821282811768,397,104,0.0239438722348341,397,104,"12"
"LH215",0.0551510224759483,492,248,244,0.0646372343735682,0.0224661563334898,499,255,0.0654860988178277,499,255,"12"
"LH222",0.0677991506411488,605,296,309,0.0597910936376294,0.0236256442686673,571,262,0.0688784793453799,571,262,"12"
"LH223",0.0618212510711978,627,274,353,0.0482284789352843,0.0216337805500089,598,245,0.0630714787387491,598,245,"12"
"LH224",0.0467068287822853,276,214,62,0.0814726569573952,0.01627542553647,266,204,0.0474495655370283,266,204,"12"
"LH295",0.0714955978674564,481,308,173,0.0712306235028018,0.0345410851155399,503,330,0.100686663021951,503,330,"12"
"LH60",0.00618897117123756,232,24,208,0.0676228792751939,0.00209550699400515,232,24,0.00610932608167515,232,24,"12"
"LH74",0.00906398093393508,178,38,140,0.0743406620942536,0.00316735699526949,175,35,0.00923416805995567,175,35,"12"
"LH82",0.0817952620090624,681,325,356,0.0476510176793695,0.0282442890773284,654,298,0.0823332227996507,654,298,"12"
"LH93",0.00960533271702313,332,40,292,0.0610059986963176,0.0033525831942669,329,37,0.00977418283554495,329,37,"12"
"LIBC 4",0.0144919589947434,160,64,96,0.0781815799752592,0.00491012101862637,157,61,0.014314868909494,157,61,"12"
"LP1 NR HT",0.0690031388629041,308,300,8,0.0948335675241422,0.0257870781971304,287,279,0.0751677406460871,287,279,"12"
"LP5",0.0847557659694351,690,330,360,0.0433767857925473,0.0277722747623495,655,295,0.0809619763239739,655,295,"12"
"M14",0.0214848991910543,294,103,191,0.0692141287621827,0.00866361281183779,306,115,0.0252534197522946,306,115,"12"
"MBPM",0.0517963610412587,519,239,280,0.0620992884251943,0.0238977851551314,546,266,0.0696581723985888,546,266,"12"
"MBWZ",0.0792136043230087,348,321,27,0.0877577821050095,0.0287398109537639,328,301,0.0837756498102641,328,301,"12"
"MM501D",0.024993692959695,345,125,220,0.0665687058646997,0.0084183724610482,330,110,0.0245432921337841,330,110,"12"
"Mo17",0.00433822131110727,88,14,74,0.08060310009716,0.00146317697157734,88,14,0.00426580908443613,88,14,"12"
"Mo1W",0.036296514301959,267,178,89,0.0790241451712196,0.0125966032860194,254,165,0.0367242392830598,254,165,"12"
"Mo46",0.113062000957589,501,355,146,0.07384669304562,0.0521664128516089,503,357,0.152056629319338,503,357,"12"
"Mo47",0.00638407633266608,158,26,132,0.0750753605530773,0.00217890556167104,158,26,0.00635245784420308,158,26,"12"
"Mo5",0.0879899048674284,352,333,19,0.0894831814050152,0.0347986931599522,350,331,0.101444344847355,350,331,"12"
"MQ305",0.0537946245785607,595,244,351,0.0488349289859372,0.0253718184155309,626,275,0.0739540846131556,626,275,"12"
"MS116",0.0487804231682318,590,226,364,0.0401436045140448,0.0167609722455766,573,209,0.0488654466874127,573,209,"12"
"MS132",0.0327982320925986,379,163,216,0.0669879893027182,0.0110433119923661,366,150,0.0321922922577215,366,150,"12"
"MS200",0.00393599254340303,228,13,215,0.0670725717672752,0.00133377909778254,228,13,0.0038884732821999,228,13,"12"
"MS211",0.0590941539234386,575,264,311,0.0594389923835398,0.0282065709569454,608,297,0.082216850160758,608,297,"12"
"MS221",0.0145157708705671,143,65,78,0.0801860152052649,0.0050525145252473,142,64,0.0147302047811083,142,64,"12"
"MS224",0.0390252373016322,342,189,153,0.073528537936159,0.013807871852929,330,177,0.0402541006215123,330,177,"12"
"MS225",0.0576323330286063,442,261,181,0.070387854813891,0.0211127667944483,421,240,0.0615428290306655,421,240,"12"
"MS226",0.0704442889709771,360,303,57,0.0821551807080252,0.0336507369407309,382,325,0.0980860350949952,382,325,"12"
"MS24A",0.00897009352742819,360,37,323,0.0570057571719824,0.00418791411827942,372,49,0.0122069989690309,372,49,"12"
"MS67",0.00599370190010951,299,23,276,0.0622066991210532,0.00205574311505838,299,23,0.00599337850253992,299,23,"12"
"MS71",0.0510505349105781,457,233,224,0.0661923800238998,0.0247382089848258,494,270,0.0721115831134908,494,270,"12"
"MS72",0.00805606806208064,142,32,110,0.0767953988288256,0.00273363233012137,140,30,0.00796973864560159,140,30,"12"
"N192",0.114679694321465,693,356,337,0.0545417445117015,0.0375164953195112,675,338,0.109370088544947,675,338,"12"
"N193",0.0782981006422614,686,320,366,0.0342792040600837,0.0257324839633788,644,278,0.0750149474497076,644,278,"12"
"N200",0.00133164533103152,153,3,150,0.073698076095574,0.000438109372467684,153,3,0.00127722281299359,153,3,"12"
"N201",0.00516312446890027,174,19,155,0.0729690029714959,0.00179538451687491,175,20,0.00523430229923883,175,20,"12"
"N209",0.0139923376615596,132,62,70,0.0808202571926315,0.00481656472869607,130,60,0.0140423523683484,130,60,"12"
"N211",0.0396999904930221,323,194,129,0.0751697856488653,0.0138544574391181,307,178,0.0403915422545621,307,178,"12"
"N217",0.0191947455176937,146,87,59,0.0817796372878127,0.0067059998500596,142,83,0.019550790583614,142,83,"12"
"N218",0.0250017224256344,282,126,156,0.0729600507146416,0.00858507160459487,268,112,0.0250291821066771,268,112,"12"
"N28Ht",0.0129099343142255,98,55,43,0.0844448813834342,0.00614226426719686,118,75,0.0179044113167124,118,75,"12"
"N501",0.023207820712583,414,111,303,0.0603630728073906,0.00807692771121041,403,100,0.0235476419963168,403,100,"12"
"N523",0.0086548784794944,129,35,94,0.0782789145334232,0.00291256295848785,127,33,0.00849119570142556,127,33,"12"
"N527",0.0464847067386627,436,213,223,0.066324361911043,0.0161538320228563,426,203,0.0470950320937671,426,203,"12"
"N534",0.0259926122773846,218,132,86,0.0793648793702933,0.00899529540737912,206,120,0.0262249333952903,206,120,"12"
"N542",0.0580166496775044,374,262,112,0.076753122555241,0.0191858412877143,334,222,0.0559329980120726,334,222,"12"
"N6",0.146346474067056,364,362,2,0.109289335276795,0.0679086415420207,364,362,0.197941600061424,364,362,"12"
"NC250",0.0304443026608037,475,149,326,0.0566216859376601,0.0140376387624187,508,182,0.0409175615139133,507,181,"12"
"NC262",0.0198128219135185,125,92,33,0.0870896827255629,0.00685583384612486,119,86,0.0199876698461153,119,86,"12"
"NC294",0.0709751309125604,322,307,15,0.0912557372653052,0.0349126598908859,347,332,0.101764127110208,347,332,"12"
"NC310",0.0952438787868472,412,345,67,0.0810250550685145,0.0442363480956732,415,348,0.128941024800965,415,348,"12"
"NC326",0.025025145752059,225,127,98,0.0779183599168663,0.008732981460418,215,117,0.0254602963756795,215,117,"12"
"NC328",0.0430938583919182,266,205,61,0.0814972561729605,0.0204181241609562,295,234,0.05951768978579,295,234,"12"
"NC342",0.0623450856892144,315,278,37,0.0864169152191938,0.0217984661347904,283,246,0.063551563175375,283,246,"12"
"NC412",0.044716842874143,351,210,141,0.0742399428663665,0.0218495472333498,388,247,0.0636914801568683,388,247,"12"
"ND259",0.0376799000270807,485,179,306,0.060011025828648,0.0180266183997417,521,215,0.0525469463536775,521,215,"12"
"ND265",0.0667353832531134,633,294,339,0.0538750168422747,0.0219103393060254,587,248,0.0638784897637697,587,248,"12"
"NK740",0.0193350705726201,321,89,232,0.0654791167280518,0.00657133797939181,312,80,0.0191579770542067,312,80,"12"
"NK778",0.0246905514748585,243,120,123,0.0757806278972838,0.0114113398701121,278,155,0.033262118681474,278,155,"12"
"NK807",0.0325779310238105,365,161,204,0.0678040414854172,0.0113988808571258,358,154,0.0332324685115121,358,154,"12"
"NKS8326",0.0525753386774836,356,240,116,0.0762746829967207,0.0178469106558248,330,214,0.0520305765501249,330,214,"12"
"NORTH 7",0.0598566457161141,625,266,359,0.04581544575991,0.0208525173844963,597,238,0.060793844087597,597,238,"12"
"NQ508",0.011261805233462,176,49,127,0.0752705232470772,0.00369358867531987,170,43,0.0107684196636525,170,43,"12"
"NS501",0.00517807471036835,151,20,131,0.075081573000861,0.00170628291636974,150,19,0.00497458548675612,150,19,"12"
"NS701",0.0413818613811474,390,203,187,0.0693757225202499,0.0144531557688578,374,187,0.042136989318873,374,187,"12"
"NY6371",0.0573083883692453,360,259,101,0.0778682893225465,0.023087949062841,359,258,0.0673050638407267,359,258,"12"
"Ny821",0.0181137886889307,266,84,182,0.0703245332328005,0.00869619750958989,298,116,0.025349162824353,298,116,"12"
"OH33",0.105460501198056,364,350,14,0.0917010350075733,0.0514446349034748,370,356,0.149951703302359,370,356,"12"
"Oh40B",0.054494481896223,381,247,134,0.0747686100021715,0.0251267321131916,407,273,0.0732406005592356,407,273,"12"
"Oh43",0.0211726180098205,406,99,307,0.0599213974411098,0.00976911076512527,441,134,0.0284753718621909,441,134,"12"
"Oh7",0.0117329338592676,230,52,178,0.0706962059587336,0.0040290515403566,225,47,0.0117462864680455,225,47,"12"
"OQ403",0.0680566749866204,564,297,267,0.0628069206605412,0.0253535120952382,541,274,0.0739039966637224,541,274,"12"
"OQ603",0.0394011872378847,481,191,290,0.0611432469582039,0.013633188038087,465,175,0.0397465387549279,465,175,"12"
"Os420",0.0555186465208549,549,253,296,0.0607653171535186,0.0214760401157546,539,243,0.0626007216167572,539,243,"12"
"OS602",0.0170097928125447,135,77,58,0.082105192499593,0.00808789055270245,159,101,0.0235758099262424,159,101,"12"
"Pa392",0.062223280053851,605,277,328,0.0559371959400723,0.0247489851134447,599,271,0.0721406005246748,599,271,"12"
"Pa405",0.00219953960790946,277,9,268,0.0627780501241702,0.000756999662862124,277,9,0.00220695670914899,277,9,"12"
"Pa875",0.107818208239554,369,352,17,0.089718894835977,0.05084433854274,371,354,0.148201697024865,371,354,"12"
"Pa880",0.0243102353442226,141,118,23,0.0880585637788489,0.00848807735479868,134,111,0.02474629483648,134,111,"12"
"Pa91",0.02718728541636,168,137,31,0.087295351985093,0.00950441797931986,160,129,0.0277093164070158,160,129,"12"
"PH207",0.0192333018262531,237,88,149,0.073713156911241,0.00887069958064047,268,119,0.0258566801365169,268,119,"12"
"PHB09",0.0511847275356452,553,234,319,0.0579216939120585,0.0182674779548539,536,217,0.0532494957293208,536,217,"12"
"PHB47",0.0273897084486733,336,139,197,0.0687499577304296,0.00941094368134199,324,127,0.0274369506791668,324,127,"12"
"PHBA6",0.00847276660912427,280,34,246,0.0644649764818643,0.00285720013805415,278,32,0.00832980290998504,278,32,"12"
"PHBB3",0.0491899545134144,387,228,159,0.072665705584148,0.0224268755676831,413,254,0.0653758155260651,413,254,"12"
"PHEG9",0.0506112004762445,453,232,221,0.0665417880996624,0.022058007874166,471,250,0.0642957601060539,471,250,"12"
"PHG29",0.0482222329785226,509,223,286,0.061643761846963,0.0222973433553225,539,253,0.0649929408249537,539,253,"12"
"PHG47",0.0396676078234019,550,193,357,0.0470603355171287,0.0189847433447886,576,219,0.0553369631446479,576,219,"12"
"PHG71",0.0267542835405916,302,135,167,0.0717947948020706,0.0093388385766342,292,125,0.0272266215674904,292,125,"12"
"PHG80",0.0468050592053222,551,215,336,0.0549006245241287,0.0158470728934371,535,199,0.0461954888136149,535,199,"12"
"PHG83",0.0325280186128891,379,160,219,0.066685849972395,0.0155358199214705,414,195,0.0452839946487246,414,195,"12"
"PHG86",0.0656010335565975,539,289,250,0.064240136248144,0.0215101253585055,494,244,0.0627063645408733,494,244,"12"
"PHH93",0.039819008394302,541,195,346,0.0506507245329238,0.0194348985617453,571,225,0.0566491790533423,571,225,"12"
"PHHH9",0.0197654667931057,216,90,126,0.0754616930319829,0.00686205155845488,213,87,0.0200056829868496,213,87,"12"
"PHHV4",0.0162932272108899,402,73,329,0.055899959984218,0.00683501705917382,414,85,0.0199249341068964,414,85,"12"
"PHJ70",0.0145720161300477,234,66,168,0.0717708915420533,0.00677393362296497,252,84,0.019745300057297,252,84,"12"
"PHJ89",0.013722112323698,401,59,342,0.0529694021343217,0.00472125130039849,399,57,0.0137644745331368,399,57,"12"
"PHJ90",0.0705667476911222,423,304,119,0.0759631526156307,0.0333923837836792,442,323,0.0973368367899097,442,323,"12"
"PHJR5",0.0515452076037022,575,235,340,0.0535674922897053,0.0202690889004729,572,232,0.0590823368366833,572,232,"12"
"PHK35",0.0237825689834061,436,114,322,0.057563132814367,0.00840587904107772,431,109,0.0245031559740378,431,109,"12"
"PHK42",0.00383417237909087,67,12,55,0.0824683044224522,0.00133266898829773,67,12,0.00388527579311782,67,12,"12"
"PHK56",0.0600724489046155,304,269,35,0.0868945225044703,0.0238379595163713,300,265,0.0694850941110305,300,265,"12"
"PHK74",0.0172365985848108,307,79,228,0.065939662425608,0.00576133596850289,298,70,0.0167963434437331,298,70,"12"
"PHKE6",0.056618351919297,543,255,288,0.0612314862321027,0.0261161305262668,570,282,0.0761247714979992,570,282,"12"
"PHM10",0.0170747388785673,150,78,72,0.0807762544305456,0.00592199296616239,145,73,0.0172651163741641,145,73,"12"
"PHN11",0.00371797493784898,132,11,121,0.0758941185210252,0.00122449987283596,132,11,0.00356997012747082,132,11,"12"
"PHN29",0.0387951983508728,278,188,90,0.0788101784111942,0.0148615351906821,281,191,0.043320145115923,281,191,"12"
"PHN66",0.0551884606591387,452,249,203,0.0679194281788995,0.0200620059739,430,227,0.0584800754532778,430,227,"12"
"PHN82",0.0218802617204674,389,105,284,0.0618466771177363,0.00762322964400969,379,95,0.0222248516903737,379,95,"12"
"PHP02",0.0298360625814849,289,142,147,0.0738057663552713,0.010422739053291,287,140,0.0303865966727923,287,140,"12"
"PHP55",0.00688574235491073,189,29,160,0.0723501701371517,0.00229062067755235,188,28,0.00667819042830032,188,28,"12"
"PHP76",0.02140935198768,225,101,124,0.0755251220879582,0.010129545228737,260,136,0.0295257176845835,260,136,"12"
"PHP85",0.0197795481714039,200,91,109,0.0768413461146518,0.00923207647335507,232,123,0.0269106426440326,232,123,"12"
"PHPR5",0.0355481866047395,270,175,95,0.0782068276004117,0.0124827289145523,258,163,0.0363873024049316,258,163,"12"
"PHR03",0.0125010132855323,352,53,299,0.0604705988210675,0.00427508994192063,349,50,0.012463565562486,349,50,"12"
"PHR30",0.0530019756056212,511,242,269,0.0627246910189505,0.0193132194692377,493,224,0.0562973362112418,493,224,"12"
"PHR31",0.00642524959770997,170,27,143,0.0741390508001436,0.0022354249449811,170,27,0.00651718095813668,170,27,"12"
"PHR36",0.108030863993601,391,353,38,0.0860878833045605,0.0513953854307677,393,355,0.149807871018429,393,355,"12"
"PHR47",0.0435559630352691,489,206,283,0.0618535542746895,0.020256423797728,514,231,0.0590438135039238,514,231,"12"
"PHR63",0.052759602552323,514,241,273,0.0625065081115585,0.0172589022390789,486,213,0.0503138171197476,486,213,"12"
"PHT10",0.0571123754142079,446,257,189,0.0693350859882727,0.0264676740581395,475,286,0.0771486112488483,475,286,"12"
"PHT47",0.0394853551928069,409,192,217,0.0669423654787109,0.0137418903522342,393,176,0.0400632528292244,393,176,"12"
"PHT55",0.0329078822918503,438,164,274,0.0623935434160362,0.0113222689897595,426,152,0.0330089377518787,426,152,"12"
"PHTM9",0.0385390372536214,373,183,190,0.069294819265237,0.0134363059126473,361,171,0.0391671423718063,361,171,"12"
"PHV37",0.00141417527430729,206,4,202,0.0681514204801122,0.000657816219908508,206,4,0.00191746610714224,206,4,"12"
"PHV57",0.00214485781920614,82,7,75,0.0805813533106599,0.000713024276180344,82,7,0.00207875080862146,82,7,"12"
"PHV63",0.0620075039865063,384,276,108,0.0769478017482318,0.028849513196975,412,304,0.0840933611189666,412,304,"12"
"PHVA9",0.00215191184505909,312,8,304,0.0603575789249543,0.000705538338284876,310,6,0.00205678744119839,310,6,"12"
"PHVJ4",0.0225843642170127,337,107,230,0.0658450159799709,0.00776537951181378,327,97,0.0226391784240936,327,97,"12"
"PHW03",0.0310259674987947,225,152,73,0.0806809472989622,0.0108291156129971,219,146,0.0315713449066236,219,146,"12"
"PHW17",0.0253763546776935,325,129,196,0.0687648108472719,0.00884683612647277,314,118,0.0257921728312142,314,118,"12"
"PHW20",0.0242113046997051,217,117,100,0.0778767619041322,0.00826719357130334,205,105,0.024102463984683,205,105,"12"
"PHW30",0.0213061970931546,348,100,248,0.0644280671195815,0.00951413036090027,378,130,0.0277344465150651,378,130,"12"
"PHW43",0.0798132993745458,415,323,92,0.0785133243425988,0.0370891071357713,429,337,0.108108075023799,429,337,"12"
"PHW52",0.0103635027920698,157,46,111,0.0767580914069619,0.00357592179092033,151,40,0.0104253396624668,151,40,"12"
"PHW53",0.088844969714241,366,336,30,0.0876156260505985,0.0433513308336231,376,346,0.126361206005224,376,346,"12"
"PHW80",0.0387130696881198,505,187,318,0.0584446042877685,0.0145086856391428,506,188,0.0422918849802588,506,188,"12"
"PHWG5",0.0310359246457852,380,153,227,0.0659444030082732,0.0107618757641951,371,144,0.0313754252444251,371,144,"12"
"PHZ51",0.0311180887394976,389,154,235,0.0651154733183249,0.0108500621731141,382,147,0.0316324034957869,382,147,"12"
"Q381",0.049130381585844,379,227,152,0.073568502149586,0.0228248613771052,408,256,0.0665320098237359,408,256,"12"
"R168",0.0516593309472192,447,237,210,0.0674894546519243,0.0169612758058587,421,211,0.0494453670285105,421,211,"12"
"R177",0.0312279839627443,434,155,279,0.0621028763337999,0.0107842869175513,424,145,0.031440546660607,424,145,"12"
"R181B",0.0686664044937712,343,299,44,0.08432647287414,0.0254413314186714,320,276,0.0741676934958102,320,276,"12"
"R226",0.065384334386475,426,288,138,0.0745943140131907,0.0305846320406384,450,312,0.0891485395024155,450,312,"12"
"R229",0.0201520987170849,348,94,254,0.0638598993484419,0.00690894970264205,342,88,0.0201423214035131,342,88,"12"
"R71",0.025809771965407,149,131,18,0.089620089730302,0.00862394307710994,131,113,0.0251418547693823,131,113,"12"
"R78",0.0386215889413244,454,184,270,0.0626045637174425,0.0185994217668177,488,218,0.0542138446092215,488,218,"12"
"SD101",0.0568313653890226,309,256,53,0.0827298394524627,0.0264730915841948,340,287,0.0771642355572227,340,287,"12"
"SD102",0.0181020436136738,200,83,117,0.0762678450201903,0.0062209664277219,194,77,0.0181365947860317,194,77,"12"
"SD107",0.0668728046924568,580,295,285,0.061722563659864,0.0328396786598985,606,321,0.0957217379839045,606,321,"12"
"SD40",0.0111698764434813,181,48,133,0.074903453759608,0.00450612659069674,186,53,0.0131348317625536,186,53,"12"
"SD44",0.0658302648399365,492,291,201,0.0681879599030788,0.027143480733057,493,292,0.0791270428702053,493,292,"12"
"SG 30A",0.0154519760920898,130,70,60,0.0816163682920353,0.00540044912521063,126,66,0.0157445456539898,126,66,"12"
"T242",0.0169837520239265,175,76,99,0.0778981492438139,0.00587086710324556,171,72,0.0171160776617271,171,72,"12"
"Tr",0.0832070040953317,586,328,258,0.0636189791983066,0.0289013371120427,564,306,0.0842595992989491,564,306,"12"
"TZU-CHIAO-HSI-WU 105",0.0482349790956591,430,224,206,0.0676905084722415,0.023340440260099,465,259,0.0680330569585008,465,259,"12"
"Va26",0.00980579863718734,241,43,198,0.0684444210182525,0.00366536441508548,240,42,0.0106843101558472,240,42,"12"
"Va35",0.0244983634534232,299,119,180,0.0704411835592725,0.00840476150321003,288,108,0.0245027791165836,288,108,"12"
"Va52",0.0558161350198355,468,254,214,0.067073861569649,0.0258762035336268,494,280,0.0754261437152072,494,280,"12"
"Va99",0.173818814551224,381,365,16,0.0909655403456603,0.0815287826624662,381,365,0.237641205808051,381,365,"12"
"W182E",0.0762485104912655,667,318,349,0.0493426280460016,0.0265959474898328,638,289,0.0775381578681526,638,289,"12"
"W22",0.0436861179111895,365,207,158,0.0727825213547247,0.0201432061441239,386,228,0.0587143965151272,386,228,"12"
"W23",0.0472027665833887,567,219,348,0.0504527293786047,0.0163837904842328,555,207,0.0477641157671212,555,207,"12"
"W24",0.0201425926061174,262,93,169,0.0716483443940577,0.00929079921426836,293,124,0.0270811961828206,293,124,"12"
"W32",0.0404002055882214,507,197,310,0.0595018947888086,0.0141187102471139,494,184,0.0411618863656581,494,184,"12"
"W37A",0.0127421963821525,379,54,325,0.0567063805462695,0.00452673234936655,380,55,0.0131967623909637,380,55,"12"
"W552",0.0412604581172784,560,202,358,0.0465550216070927,0.0145770516821523,547,189,0.0424921469341798,547,189,"12"
"W603S",0.0230992241695136,418,110,308,0.0598417917249243,0.00801262946441141,407,99,0.0233600812985601,407,99,"12"
"W604S",0.05838024299746,540,263,277,0.0622063508379073,0.0205688562910517,513,236,0.059958356404993,513,236,"12"
"W605S",0.0619136131608394,359,275,84,0.0796190247151275,0.0287462791373761,386,302,0.083790263006923,386,302,"12"
"W607S",0.0310125896335065,402,151,251,0.0642301106231703,0.0141466220294499,436,185,0.0412383278346915,436,185,"12"
"W610S",0.0340443005857219,471,166,305,0.0601802607842616,0.0118246562371026,462,157,0.0344737073634468,462,157,"12"
"W611S",0.0769203117240625,407,319,88,0.0791025969049753,0.0268825870349718,379,291,0.0783738731378004,379,291,"12"
"W612S",0.0727476155805646,456,311,145,0.0739191813968498,0.0276535436465764,439,294,0.0806160575739796,439,294,"12"
"W614S",0.00975139812680905,96,42,54,0.08257801949311,0.00402145768368398,100,46,0.0117220324749179,100,46,"12"
"W64A",0.0981042547503394,379,347,32,0.0872538159196195,0.0461002086920975,381,349,0.134373487297587,381,349,"12"
"W701BC",0.0337845523698281,193,165,28,0.0876773369353547,0.0135969887320394,202,174,0.0396336493536606,202,174,"12"
"W803G",0.0876276648959169,354,332,22,0.0885238174745799,0.0306896103013922,336,314,0.089472973694057,336,314,"12"
"W809G",0.0626675865374885,358,279,79,0.0800659301460814,0.0262780823320208,363,284,0.076603922805858,363,284,"12"
"W810G",0.11950720540201,361,358,3,0.107394161414099,0.0526510896352507,361,358,0.153469784013415,361,358,"12"
"W811G",0.00499231208338494,189,17,172,0.0712322790411992,0.00169266642932685,190,18,0.0049347677183209,190,18,"12"
"W813G",0.0600500003595719,443,268,175,0.0709453845697346,0.0209703023823323,414,239,0.0611371019316073,414,239,"12"
"W8304",0.047787429980206,535,220,315,0.0590218341247398,0.0170896737460242,527,212,0.0498161643414905,527,212,"12"
"W9",0.0303861432405134,385,148,237,0.0650672130160617,0.0101827626407105,374,137,0.0296838418674802,374,137,"12"
"WIL900",0.0228185214528741,464,109,355,0.0478924372461579,0.00795102088513142,453,98,0.0231805632260162,453,98,"12"
"WU-TAN-TZAO",0.0148471171417616,324,68,256,0.0637809919273018,0.00579768211196201,327,71,0.0169013390521543,327,71,"12"
"YE 4",0.139022593529574,467,361,106,0.0770323044461797,0.0627654572702763,467,361,0.182951153019568,467,361,"12"
"YING-55",0.0544812585356081,577,246,331,0.0558056269139861,0.0256177851911353,608,277,0.0746739593132622,608,277,"12"
"Yu796 NS",0.0930353629922464,607,343,264,0.0629912156561198,0.0429256347072513,608,344,0.125121264246224,608,344,"12"
"ZS365",0.0279203613941466,383,140,243,0.0646445927494866,0.00975431584766323,376,133,0.0284378671160105,376,133,"12"
"ZS635",0.0468671780979659,492,217,275,0.0622081644307035,0.0163991931894585,483,208,0.0478104780789881,483,208,"12"
"1538",0.0359095850558274,241,150,91,0.0883977773346531,0.0102262697455031,228,137,0.0316604140260001,228,137,"13"
"29MIBZ2",0.0228396767663888,391,92,299,0.0636852951650318,0.006463145151855,388,89,0.020009879797672,388,89,"13"
"2FACC",0.0931752376252774,544,300,244,0.0709627033997682,0.0371826098121259,562,318,0.115252320021333,562,318,"13"
"2MA22",0.0577117636873059,396,217,179,0.077188902794661,0.0164418967733026,383,204,0.0509038405371121,383,204,"13"
"3IJI1",0.00939965451973754,148,37,111,0.0859175700631892,0.00245377934508952,146,35,0.0075988725171481,146,35,"13"
"4226",0.0681826889259057,608,248,360,0.0422493008165425,0.0192224570090283,581,221,0.0595278848157595,580,220,"13"
"4N506",0.0653231391959903,361,241,120,0.084989363690989,0.02230069994573,361,241,0.0691047308803738,361,241,"13"
"6M502",0.0852309546098481,599,283,316,0.0597414387005887,0.0238449527034029,567,251,0.0738898400698055,567,251,"13"
"6M502A",0.089129750897251,527,287,240,0.0714686825119453,0.0333600204107711,544,304,0.103393506856482,544,304,"13"
"764",0.0128037012147934,344,49,295,0.064004277862482,0.00520852262096643,365,70,0.0161517015942442,365,70,"13"
"78010",0.0530054990235735,432,201,231,0.0721843007606155,0.0214706733474326,468,237,0.0665812876397366,468,237,"13"
"793",0.0608117994088248,590,229,361,0.0398792203678106,0.0172085922930629,572,211,0.0532777546766722,572,211,"13"
"87916W",0.032280769118715,234,134,100,0.0867356619962918,0.0135388055161469,270,170,0.0419776954023482,270,170,"13"
"911",0.00769607503192787,296,29,267,0.0679040501973489,0.00217749122137377,297,30,0.00674146033082029,297,30,"13"
"912",0.00874950962047394,221,34,187,0.0766388798041259,0.00244663500416266,220,33,0.00757483390425643,220,33,"13"
"91IFC2",0.017080603720122,290,68,222,0.0732657012009647,0.00486808996391385,286,64,0.0150715462604741,286,64,"13"
"A",0.029816258352619,214,127,87,0.088806858798935,0.0110180536291407,231,144,0.0341619222794922,231,144,"13"
"A208",0.00341075194269743,181,10,171,0.0779699926031688,0.00092330968526694,180,9,0.0028587158292352,180,9,"13"
"A239",0.0207010758517449,251,83,168,0.0782738091731135,0.00678581875999528,265,97,0.0210256499042891,265,97,"13"
"A272",0.030270770838948,308,128,180,0.0771196653332802,0.00862518163090916,291,111,0.0267034580546352,291,111,"13"
"A305",0.0606105659316323,573,228,345,0.0525198701221542,0.0160104674869163,544,199,0.049595841361281,544,199,"13"
"A322",0.00690061185936045,228,25,203,0.0753382582109319,0.00189906792180953,228,25,0.00587965315601346,228,25,"13"
"A334",0.00216650152072862,352,5,347,0.0522743690839589,0.000592418083713623,351,4,0.00183556846826436,351,4,"13"
"A340",0.0235613215608885,256,96,160,0.0793838448512525,0.00670386660562145,254,94,0.0207551013445204,254,94,"13"
"A374",0.0441142765884589,407,178,229,0.0725934293066985,0.01886202531019,447,218,0.0584706843257216,447,218,"13"
"A385",0.0140217551063782,316,56,260,0.0688897062364609,0.00393027810373438,311,51,0.0121682021328227,311,51,"13"
"A401",0.00681465809615936,45,24,21,0.108396740122855,0.00188200091243161,45,24,0.00582695704403499,45,24,"13"
"A427",0.0591351877806125,383,226,157,0.079551947123643,0.0207191404263085,387,230,0.0642074162609127,387,230,"13"
"A548",0.00517496262048183,326,16,310,0.0617841691097787,0.00143703130672092,326,16,0.00444908855020068,326,16,"13"
"A572",0.151399319299064,709,355,354,0.0480450634510335,0.0463681459102655,694,340,0.143642034780258,694,340,"13"
"A619",0.110159899025375,657,327,330,0.0554759645743087,0.0311310467936588,624,294,0.0963817041952003,624,294,"13"
"A627",0.00938538685316034,302,36,266,0.0681001266456281,0.00266127757269252,303,37,0.00823929992020367,303,37,"13"
"A632",0.0508404867205494,236,195,41,0.100812623988113,0.0163863285123447,244,203,0.0507702792897412,244,203,"13"
"A635",0.00521889417900639,140,17,123,0.0845926645608017,0.0014496083661335,140,17,0.0044880453048725,140,17,"13"
"A641",0.00284345084855496,246,8,238,0.0716527202209654,0.000787791789325599,246,8,0.00243904673288366,246,8,"13"
"A648",0.0190964416010247,305,75,230,0.0722370098097827,0.0077467299094264,336,106,0.0240228312092887,336,106,"13"
"A663",0.0553472740898045,269,206,63,0.094535821480956,0.0147409796678556,252,189,0.0456665215160732,252,189,"13"
"A672",0.0851482992735449,530,282,248,0.0702983936011055,0.0361588677239733,563,315,0.112107499788413,563,315,"13"
"A674",0.0459028175641519,468,181,287,0.0654606696131908,0.0130336013372814,452,165,0.0403517539857926,452,165,"13"
"A679",0.0666236218402981,518,243,275,0.0665981024824408,0.0269411131294401,546,271,0.0835452681120247,546,271,"13"
"A680",0.00557699930935776,232,21,211,0.0742741440579275,0.00154129145940795,230,19,0.00477192588492633,230,19,"13"
"A682",0.0312990526323567,323,129,194,0.0760809229475563,0.0126948037343598,357,163,0.0393659943229691,357,163,"13"
"A71",0.0182958904549901,412,72,340,0.0538178597220176,0.00514142228036552,407,67,0.0159178947230624,407,67,"13"
"A73",0.0109103909419277,272,40,232,0.0721618543264885,0.00301258847077666,271,39,0.0093274858714599,271,39,"13"
"A797NW",0.103808649372614,635,320,315,0.0606085295188631,0.0295807647378678,604,289,0.0915815682234684,604,289,"13"
"AQA3",0.129739849130343,626,345,281,0.0659340443519373,0.0424774311191935,616,335,0.131614602349824,616,335,"13"
"AS6103",0.090127832569739,350,291,59,0.0955736030150805,0.0243746167846279,315,256,0.0755185551776057,314,255,"13"
"AusTRCF 306238",0.0667807591230212,284,245,39,0.102030298032931,0.0243541042374678,293,254,0.0755098963964926,293,254,"13"
"B-18 INBR.FR.SUPERGOLD",0.071650902422362,439,256,183,0.076794732659676,0.0290197460588737,466,283,0.0899912273456281,466,283,"13"
"B-28",0.0506603404826848,362,193,169,0.0781489736032096,0.0143821710776242,352,183,0.0445268948328549,352,183,"13"
"B103",0.0969884458064134,480,310,170,0.0779788977938557,0.0418992127999528,504,334,0.129897747273879,504,334,"13"
"B104",0.0993632993406405,458,314,144,0.0812362533048435,0.026282672040758,411,267,0.0814172177466481,411,267,"13"
"B105",0.00143097015546179,102,1,101,0.0866029984563017,0.000394643872885704,102,1,0.00122282967117252,102,1,"13"
"B108",0.02371299877126,351,98,253,0.0698400812959415,0.00901828383037101,369,116,0.0279622803824757,369,116,"13"
"B109",0.0718848440098926,332,257,75,0.0907233196604681,0.0205086464093997,302,227,0.0634944791068382,302,227,"13"
"B110",0.0239732773610581,300,100,200,0.075708312150801,0.00626384121527427,285,85,0.0193975197798641,285,85,"13"
"B111",0.155162491956896,440,357,83,0.0899407413783893,0.0629465013718368,440,357,0.195193960932299,440,357,"13"
"B115",0.13114222103551,464,346,118,0.0851147139410718,0.0530967805676282,466,348,0.164652227258662,466,348,"13"
"B119",0.0562088504142987,375,214,161,0.0793330587250971,0.0159626820214277,358,197,0.0494201290010479,358,197,"13"
"B120",0.135629339275772,709,350,359,0.0439089366043025,0.0548441558930889,710,351,0.170073497117739,710,351,"13"
"B121",0.0318691085486692,420,131,289,0.0645483400986765,0.0092992099037566,409,120,0.0288203998267946,410,121,"13"
"B14A",0.14355241000134,385,353,32,0.104583933730185,0.0593322968326413,388,356,0.183972271151656,388,356,"13"
"B164",0.0414687939578541,254,165,89,0.0886137967225469,0.0118147052114531,243,154,0.0365781325819509,243,154,"13"
"B2",0.0743401291489302,288,265,23,0.108128628421472,0.0303451007183458,315,292,0.0940999299148742,315,292,"13"
"B37",0.0361877797701043,274,152,122,0.0847341909152728,0.0146299679240042,309,187,0.0453679329867091,309,187,"13"
"B47",0.0132367733578112,289,53,236,0.0718219568986457,0.00365907045892133,283,47,0.0113295939189981,283,47,"13"
"B57",0.0281463775984076,179,119,60,0.0955472959684384,0.0079237862880201,169,109,0.0245320928226152,169,109,"13"
"B66",0.0560258465616156,482,211,271,0.067304263475005,0.0228277920941744,516,245,0.07078641782058,516,245,"13"
"B68",0.221564870030019,364,363,1,0.132874261595161,0.0899109483153686,364,363,0.278816287556717,364,363,"13"
"B73",0.0197406443864622,366,80,286,0.0655830076021647,0.0051783113573459,354,68,0.0160350986810266,354,68,"13"
"B75",0.0165287680516429,145,65,80,0.0905531684267201,0.004575233684366,139,59,0.0141651576191662,139,59,"13"
"B76",0.0587577720482098,542,223,319,0.0588921202587108,0.0238753221103819,571,252,0.0740378616373513,571,252,"13"
"B77",0.0435625658837482,203,173,30,0.105614078356371,0.0137077254033402,204,174,0.0424915310415395,204,174,"13"
"B79",0.100464809500707,393,317,76,0.0907192374769415,0.0408859495430428,407,331,0.126783399982879,407,331,"13"
"B87",0.0907060396980023,441,294,147,0.0806094155784142,0.0257948840694427,409,262,0.0798604649803967,409,262,"13"
"B88",0.00445684950705648,69,13,56,0.0959429200219401,0.00123095210251107,67,11,0.00381120412191948,67,11,"13"
"B91",0.0618694947984699,550,233,317,0.059331431000651,0.0208286473981475,548,231,0.0645727959179106,548,231,"13"
"B97",0.0420592281657209,289,168,121,0.0847360421462312,0.0119226909378665,278,157,0.0369123794281868,278,157,"13"
"BEI 10 = NORTH 10",0.0673582391057661,419,246,173,0.077651122221759,0.0273811812384956,446,273,0.0849068549596775,446,273,"13"
"BO9",0.0371994715935807,201,155,46,0.0988579673947123,0.00970436432299331,172,126,0.0300531260171888,172,126,"13"
"CA-4",0.104804871999965,337,322,15,0.111966783160553,0.0437670004242439,351,336,0.135713688342518,351,336,"13"
"CG102",0.0496605805109107,254,189,65,0.0940070375335942,0.0205200121799778,294,229,0.0636284403180324,294,229,"13"
"CH701-30",0.0560336544121798,459,212,247,0.070520396350893,0.0199969671069911,471,224,0.0619991432799031,471,224,"13"
"CH711-10",0.0417819484127075,439,167,272,0.0671574973605417,0.0118970730650403,428,156,0.036868737392169,428,156,"13"
"CH753-4",0.118075802832363,684,336,348,0.0512182243589783,0.0477479801451841,690,342,0.148068046867989,690,342,"13"
"CH9",0.0713867104851987,379,254,125,0.084519704178247,0.025854710539747,390,265,0.080127450230948,390,265,"13"
"CI 40H",0.0143942404396774,217,59,158,0.0794678688461816,0.00405246489569551,210,52,0.0125463339216423,210,52,"13"
"CM105",0.0264971912993317,373,112,261,0.0687990870041054,0.00752622466662914,365,104,0.0233010353781954,365,104,"13"
"CQ702RC",0.0243456060916214,195,103,92,0.0882275793536859,0.00688930270699179,191,99,0.0213291156776822,191,99,"13"
"CR 22 INBRED",0.0283901918956999,384,121,263,0.0684309096122905,0.00874658225593326,377,114,0.0271116149270122,377,114,"13"
"DE2",0.0196495800929606,205,79,126,0.0843966066679439,0.00555829325014536,201,75,0.0172083412871184,201,75,"13"
"DE3",0.00410764090592523,337,11,326,0.0569331613899522,0.00113824149730992,336,10,0.00352445077421636,336,10,"13"
"DE4",0.0323886316730877,387,136,251,0.0702079772530431,0.0091354536736665,368,117,0.0282833901366531,368,117,"13"
"DE811",0.122354091175062,420,339,81,0.0901402734126105,0.0392147968764845,406,325,0.121563355321884,406,325,"13"
"DJ7",0.300194006658284,369,366,3,0.126775436609552,0.122278378145689,369,366,0.379185996802679,369,366,"13"
"DK3IIH6",0.0690263982507267,387,249,138,0.0823152443700933,0.0217604349989692,376,238,0.0674537656292173,376,238,"13"
"DK4676A",0.0690934947120022,596,250,346,0.0523882027283687,0.0226860894351361,590,244,0.0703284414786185,590,244,"13"
"DK78002A",0.136124236057478,702,351,351,0.0483989985583292,0.0568374113422791,706,355,0.176242777459618,706,355,"13"
"DK78010",0.0109841104546302,316,42,274,0.0670989480945606,0.0031171932424296,315,41,0.0096508085078302,315,41,"13"
"DK78371A",0.0392798768569214,171,160,11,0.117558735566194,0.0158962152725235,207,196,0.0492947244187014,207,196,"13"
"DKFAPW",0.109859432240736,682,325,357,0.0465156080279472,0.0312106180440728,652,295,0.0966278099050475,652,295,"13"
"DKFBHJ",0.0897070351293323,484,289,195,0.0760706398433267,0.0386675682982686,516,321,0.119869555898401,516,321,"13"
"DKMBNA",0.0658283191482825,581,242,339,0.0538572985322437,0.0235555562494037,588,249,0.0730325114137173,588,249,"13"
"DKPB80",0.0635628367001081,542,237,305,0.062993829208734,0.0222775438126093,545,240,0.0690368633309164,545,240,"13"
"E8501",0.0278828650334672,394,118,276,0.066542397951548,0.0077679300547951,383,107,0.0240495400126084,383,107,"13"
"EAST 028",0.0110775002605012,253,44,209,0.0746016961155777,0.00464221709348266,269,60,0.0143934506095902,269,60,"13"
"Eng-Li Chih",0.115239353248773,615,333,282,0.0658963616232633,0.0405181498482788,612,330,0.12556430141515,612,330,"13"
"F118",0.114494122199307,346,332,14,0.113681256325501,0.047392376614046,355,341,0.14695858925888,355,341,"13"
"F2834T",0.00551490083349683,70,19,51,0.0977979615915402,0.0015236767095345,69,18,0.00471771904349437,69,18,"13"
"FBLA",0.082489237696087,477,279,198,0.0758956404419937,0.0345630550494836,506,308,0.107139502086414,506,308,"13"
"FR19",0.116825873318351,698,334,364,0.0352008377523933,0.0332773049488617,667,303,0.103026145848409,667,303,"13"
"H105W",0.0723246193471554,299,259,40,0.10189922424439,0.0205124135116039,268,228,0.0635063068856936,268,228,"13"
"H110",0.0590161662635684,292,225,67,0.0937092800216273,0.0167628678730166,276,209,0.0518977018927296,276,209,"13"
"H113",0.0277124751202628,215,117,98,0.0869674888130722,0.0117890197022241,250,152,0.0365506416201919,251,153,"13"
"H121",0.0322382582382473,359,133,226,0.072939051318291,0.011759179001323,377,151,0.0364438559514477,377,151,"13"
"H122w",0.0238437622439407,324,99,225,0.0731297595583946,0.0067719381727495,321,96,0.0209657793304005,321,96,"13"
"H5",0.0339621046473857,306,144,162,0.0792506052068651,0.00966535204347595,287,125,0.0299238268258845,287,125,"13"
"H71",0.026086587054001,190,108,82,0.0900536364154365,0.00721372948940385,183,101,0.0223524904879045,183,101,"13"
"H84",0.0336366746617992,375,142,233,0.0719869034662595,0.0095140467310703,355,122,0.029463536963957,355,122,"13"
"H91",0.156881602598011,370,358,12,0.115418019499454,0.0634694920246016,371,359,0.196821113526424,371,359,"13"
"H95",0.0900933241540331,363,290,73,0.0918237359185468,0.0253274429109174,333,260,0.0784324065423772,333,260,"13"
"H96",0.128110958478957,352,344,8,0.119056148804565,0.0520571493668783,355,347,0.161430277109784,355,347,"13"
"H99",0.00591918682161841,200,23,177,0.0774803463384847,0.00168586670275125,200,23,0.0052194237577407,200,23,"13"
"HP301",0.032294249110116,220,135,85,0.0893249937062247,0.00915172250518061,203,118,0.0283335219327232,203,118,"13"
"HUOBAI",0.0488447473703557,383,187,196,0.0759933792007497,0.0138826192196249,372,176,0.0429803118471177,372,176,"13"
"Hy",0.0328873047823807,159,139,20,0.108624756917175,0.00929933343906978,141,121,0.028790722382348,140,120,"13"
"I29",0.0974850890801266,645,313,332,0.0552708960900188,0.0413302208338773,665,333,0.128141539531232,665,333,"13"
"Ia 453",0.0273580306906683,360,115,245,0.0708764425909297,0.0112429525214643,390,145,0.0348619051643825,390,145,"13"
"IA2132",0.0293454645307525,186,125,61,0.0951583333983017,0.0083107713027289,171,110,0.0257301150271793,171,110,"13"
"IBB15",0.0539630564047975,339,204,135,0.0827049177732943,0.0153733471291913,326,191,0.0475956276190292,326,191,"13"
"IBC2",0.10139167934672,629,318,311,0.0616431066961036,0.0288845867218179,591,280,0.0894262003473137,591,280,"13"
"ICI 193",0.0319837242391464,277,132,145,0.0811187701136317,0.0133015064876863,313,168,0.0412454492386796,313,168,"13"
"ICI 740",0.0666789642132214,569,244,325,0.058026185630754,0.0278112966739351,600,275,0.0862319033185452,600,275,"13"
"ICI 893",0.0262831179435994,146,109,37,0.10266007677355,0.00737508035967479,140,103,0.0228333456663813,140,103,"13"
"ICI 986",0.0530902358589998,533,202,331,0.0554276637914792,0.01384288859721,506,175,0.0428710804400916,506,175,"13"
"IDS28",0.0786572330696367,415,276,139,0.082270182226953,0.0338226529012112,445,306,0.1048599916279,445,306,"13"
"IDS69",0.0436672721430525,355,174,181,0.0768847711733285,0.0133002079502748,348,167,0.0412252861282798,348,167,"13"
"IDS91",0.0239734973120221,136,101,35,0.103831791761,0.00672807114100068,130,95,0.020830194276696,130,95,"13"
"INB 101LFY/LFY (A632 X M16 S5)",0.0194375096474503,376,78,298,0.063793877695893,0.00535470425929199,369,71,0.0165918115969808,369,71,"13"
"INBRED 141",0.00200098837044171,52,4,48,0.0986582936147548,0.000528762588194612,51,3,0.00163796075897003,51,3,"13"
"INBRED 2-687",0.0434632283627786,451,172,279,0.0661554357674263,0.0115986819651415,429,150,0.0359128416753501,429,150,"13"
"INBRED 305",0.0930139540037902,333,299,34,0.104253154263673,0.0380537503924691,353,319,0.118003808858125,353,319,"13"
"INBRED 321",0.0559570576173017,239,210,29,0.106283377687034,0.0158705935524501,223,194,0.0491352602542343,223,194,"13"
"K150",0.0750645795197436,425,269,156,0.0795836986921712,0.0291401869128137,440,284,0.0903201535669971,440,284,"13"
"K41",0.169301667446532,366,361,5,0.122795162567606,0.0562536664393304,359,354,0.174393626131693,359,354,"13"
"K47",0.00543337889034001,164,18,146,0.0806940664048109,0.00154287370801765,166,20,0.00477670449922969,166,20,"13"
"KUNG-70",0.0224434557698532,152,88,64,0.0941598946370051,0.00628675737536898,150,86,0.0194639080925035,150,86,"13"
"L 127",0.077052135180785,626,273,353,0.0481033129449122,0.0213436919977278,588,235,0.0660883448741347,588,235,"13"
"L 139",0.0972739847752875,389,312,77,0.0907020566879937,0.0393373594140076,403,326,0.121985511262325,403,326,"13"
"L 289",0.118323865680408,439,337,102,0.086578565512651,0.0480079862372308,445,343,0.148874102388635,445,343,"13"
"LH1",0.0256116235230101,179,107,72,0.0920580915973442,0.00724125582364384,174,102,0.0224189184466591,174,102,"13"
"LH119",0.0908322244990314,661,296,365,0.0301091970990922,0.0258188506274252,629,264,0.0799349254452723,628,263,"13"
"LH128",0.0189767163095039,339,74,265,0.0681258207739248,0.00541084817056614,338,73,0.016751903827448,338,73,"13"
"LH143 (Maintainer)",0.0727480730826938,613,261,352,0.048121594380452,0.0294097603587232,639,287,0.0912004027939208,639,287,"13"
"LH146Ht",0.0297691787156592,449,126,323,0.058505794448705,0.0113756054171067,470,147,0.0352715812917656,470,147,"13"
"LH149",0.145775774099449,716,354,362,0.0397256190564817,0.0459402633704434,701,339,0.142407155658501,701,339,"13"
"LH165",0.0326121117584867,275,138,137,0.0824131484347982,0.00929220918387605,256,119,0.028768527793074,256,119,"13"
"LH166",0.0544532579692981,440,205,235,0.0718864591962493,0.0141984792844045,415,180,0.0439722029106389,415,180,"13"
"LH181",0.0826731612756725,456,280,176,0.0775859798597562,0.0335561335103695,481,305,0.104055632311478,481,305,"13"
"LH184",0.0767248480571633,574,272,302,0.063316053532327,0.0323225906095541,604,302,0.10021615068197,604,302,"13"
"LH190",0.2266950028045,390,364,26,0.107451105275097,0.0916493868407961,390,364,0.284207330762378,390,364,"13"
"LH192",0.00445210452860044,175,12,163,0.0791953151930934,0.00123270901111055,175,12,0.00381654754662636,175,12,"13"
"LH194",0.110005317192425,370,326,44,0.099600609817227,0.0357224984375745,358,314,0.110740104094441,358,314,"13"
"LH195",0.0729505450899513,535,262,273,0.0671056068533185,0.0278265292087862,549,276,0.0862797361930609,549,276,"13"
"LH197",0.00866267378267136,342,33,309,0.0622105820026025,0.00237691915469038,341,32,0.00735914604031815,341,32,"13"
"LH198",0.0558187360715233,336,209,127,0.0842155521568899,0.0158941963453544,322,195,0.0492081559151133,322,195,"13"
"LH202",0.0734168887825376,532,263,269,0.0676435748142309,0.0297140932535469,560,291,0.0921431140663939,560,291,"13"
"LH204",0.0130840402722563,198,50,148,0.0803119854480251,0.00373026246278148,196,48,0.0115488352952535,196,48,"13"
"LH205",0.0255958793502525,238,106,132,0.083272812281946,0.0101973014320703,267,135,0.0316077838975706,267,135,"13"
"LH206",0.0135273718031368,189,55,134,0.0827055827272405,0.00446966929471625,191,57,0.0138564273322077,191,57,"13"
"LH208",0.0622296624086763,277,235,42,0.10055463091681,0.0254267610798937,303,261,0.0788480273557441,303,261,"13"
"LH209",0.0387282972627101,444,159,285,0.0657200319615454,0.0109891140341271,428,143,0.0340220566461706,428,143,"13"
"LH214",0.0165899759643518,209,67,142,0.0816613522482577,0.00664690282514199,235,93,0.0206103268707735,235,93,"13"
"LH215",0.0586565666706928,486,222,264,0.0683274030815836,0.0190038456248762,483,219,0.0589118705444812,483,219,"13"
"LH222",0.0638974765472365,594,238,356,0.0470549237898715,0.0180857246604425,571,215,0.0559933478816977,571,215,"13"
"LH223",0.0958381201301392,630,308,322,0.0585552636412321,0.0272333447208163,594,272,0.0843141971974318,594,272,"13"
"LH224",0.0406182476927571,276,163,113,0.0855748667646704,0.0115491882149349,262,149,0.0357560621930721,262,149,"13"
"LH295",0.125453070767955,563,342,221,0.0733075155590537,0.0512851118351408,566,345,0.159027137595619,566,345,"13"
"LH60",0.00698078544274588,201,26,175,0.0776167361011159,0.00193214210999812,201,26,0.00598201143273422,201,26,"13"
"LH74",0.0143588262823385,313,58,255,0.0693514243173948,0.00407976001165834,308,53,0.0126308538954408,308,53,"13"
"LH82",0.122421767435889,695,340,355,0.0479433812359657,0.0348836275268849,666,311,0.108103788206141,666,311,"13"
"LH93",0.0243265546862925,360,102,258,0.0690856446009658,0.00688558930387367,356,98,0.0213176200269546,356,98,"13"
"LIBC 4",0.011284699840607,259,46,213,0.074065251755696,0.00316117881346513,258,45,0.00978695567144789,258,45,"13"
"LP1 NR HT",0.105971791201243,336,323,13,0.113885345362144,0.0342484065843525,320,307,0.106169496388904,320,307,"13"
"LP5",0.0907703172273065,658,295,363,0.0358836047746134,0.0237357572634291,613,250,0.0735171916903472,613,250,"13"
"M14",0.0283428677475733,369,120,249,0.0702580016491053,0.0105186532536216,387,138,0.0326136449203303,387,138,"13"
"MBPM",0.0905258543582981,511,293,218,0.0736569020074838,0.0369404047331327,535,317,0.114551994787854,535,317,"13"
"MBWZ",0.0618728304412848,243,234,9,0.118985094674954,0.0212688764985845,243,234,0.0659395424736778,243,234,"13"
"MM501D",0.00741542675565572,134,27,107,0.0861752947123371,0.00216369860238533,135,28,0.00670163476270926,135,28,"13"
"Mo17",0.0377446794110654,348,156,192,0.0764223140309148,0.010711743258904,332,140,0.0331633245826398,332,140,"13"
"Mo1W",0.0491466537708362,272,188,84,0.0898230371987184,0.013968422987614,262,178,0.0432461116530953,262,178,"13"
"Mo46",0.157577549936905,429,359,70,0.0926146144809815,0.0641630512873224,430,360,0.19896298488711,430,360,"13"
"Mo47",0.0349269852299226,387,146,241,0.0713584602545295,0.00992619506271283,372,131,0.0307313007487416,372,131,"13"
"Mo5",0.116940270041115,357,335,22,0.108247784259067,0.0438762399285408,359,337,0.135987235840396,359,337,"13"
"MQ305",0.0790545649120087,635,277,358,0.0456154213861317,0.0320804129722046,658,300,0.099482229637483,658,300,"13"
"MS116",0.113126472814403,648,330,318,0.0589527282326,0.0322443342205665,619,301,0.0998280567183488,619,301,"13"
"MS132",0.0226986717492463,244,91,153,0.0797843254196598,0.00618716407224898,235,82,0.0191702010574188,235,82,"13"
"MS200",0.00486845783769165,243,15,228,0.0725974181868809,0.00137110931857089,243,15,0.00424496214576573,243,15,"13"
"MS211",0.0721080525801808,596,258,338,0.0539155278943538,0.0291528015758773,623,285,0.0904033739468686,623,285,"13"
"MS221",0.00447772108238468,147,14,133,0.0829008612231481,0.00125231412987547,146,13,0.00387714858518071,146,13,"13"
"MS224",0.0499000334957678,354,190,164,0.0790020362225163,0.0201027690329188,389,225,0.0623119552683236,389,225,"13"
"MS225",0.0700349593271884,442,251,191,0.076459464904795,0.0217724283603416,430,239,0.0674889500417309,430,239,"13"
"MS226",0.093954452525833,340,302,38,0.102613711452249,0.038405104720458,358,320,0.119093580723829,358,320,"13"
"MS24A",0.0119673690892419,384,48,336,0.054481987058082,0.00341331794760799,382,46,0.0105709854842102,382,46,"13"
"MS67",0.0131458077201619,238,52,186,0.0766661064908518,0.00373200767341027,235,49,0.0115542678333197,235,49,"13"
"MS71",0.0782750650027532,559,275,284,0.065739973418527,0.0296538226336599,574,290,0.0919086430983588,574,290,"13"
"MS72",0.00194120098532532,162,3,159,0.0794082266488988,0.000507525534963581,161,2,0.00157166055974873,161,2,"13"
"N192",0.111231329833372,678,328,350,0.0488476811891129,0.0295767822366989,638,288,0.0915794672369948,638,288,"13"
"N193",0.107372672905844,690,324,366,0.0264416873669753,0.0287675046248111,645,279,0.0891235204703245,645,279,"13"
"N200",0.0270331475555762,172,114,58,0.0957415240441429,0.00762855882064025,163,105,0.0236178291823642,163,105,"13"
"N201",0.0176183899005601,266,69,197,0.075953674393938,0.00500087214778492,262,65,0.0154825925204058,262,65,"13"
"N209",0.0078033856518983,79,30,49,0.0983587614344017,0.00217368059546723,78,29,0.0067297834355631,78,29,"13"
"N211",0.0859408725103758,321,285,36,0.103130978129481,0.0242738950611376,289,253,0.075151987882598,289,253,"13"
"N217",0.0235674454617791,317,97,220,0.0733673231898832,0.0066463244548667,312,92,0.0205768563559541,312,92,"13"
"N218",0.0518078969096004,413,197,216,0.0737930666207554,0.0146735300417624,404,188,0.0454289046648204,404,188,"13"
"N28Ht",0.0131160098797817,98,51,47,0.098825830042086,0.00562995282904961,124,77,0.0174545782150596,124,77,"13"
"N501",0.0579928311147202,370,218,152,0.0798470858979021,0.0164779087548633,357,205,0.0510152704317733,357,205,"13"
"N523",0.0155435296395279,174,62,112,0.0858597098135555,0.0043177940327679,167,55,0.013368061266006,167,55,"13"
"N527",0.0287113705109861,216,123,93,0.0881862582421743,0.012475505367852,252,159,0.0386750815804969,252,159,"13"
"N534",0.0201890065840919,134,81,53,0.0975666941949422,0.00560901484137849,129,76,0.0173657296468221,129,76,"13"
"N542",0.0412828119238398,207,164,43,0.100135554947205,0.0114017574224522,191,148,0.0353014953021087,191,148,"13"
"N6",0.118950592509687,354,338,16,0.111100599058091,0.0482779570255705,360,344,0.149711216142116,360,344,"13"
"NC250",0.0610851366450024,508,231,277,0.0663777763458507,0.0252875839336334,536,259,0.0784140181051329,536,259,"13"
"NC262",0.0165320354789183,93,66,27,0.107041624897135,0.00449644229074414,85,58,0.0139215766586513,85,58,"13"
"NC294",0.12707402694187,376,343,33,0.104351156790408,0.051662379733877,379,346,0.160193156386978,379,346,"13"
"NC310",0.0714427429908755,406,255,151,0.0798947432929905,0.0289405916975797,432,281,0.089745753958372,432,281,"13"
"NC326",0.0584705930584329,405,221,184,0.0767268466302785,0.0166406871924678,392,208,0.0515192656956421,392,208,"13"
"NC328",0.100046891070819,464,315,149,0.0802104218263815,0.0410374913064783,481,332,0.12725556724505,481,332,"13"
"NC342",0.0479965303909818,191,185,6,0.119871361530177,0.0136813199416977,178,172,0.0423571949289836,178,172,"13"
"NC412",0.0553724748689123,322,207,115,0.0853870772710992,0.0210024955336569,347,232,0.0650949675519288,347,232,"13"
"ND259",0.0745503101590358,456,267,189,0.0764894615050399,0.0223214222259201,431,242,0.0691432320403282,431,242,"13"
"ND265",0.0903353281001963,620,292,328,0.0564428340208343,0.0251693600515437,586,258,0.077938157415537,586,258,"13"
"NK740",0.0221567141161532,342,86,256,0.0693273384050437,0.00631374702312696,343,87,0.0195472838358186,343,87,"13"
"NK778",0.0462301300279049,307,183,124,0.084591039302324,0.0187360486957354,340,216,0.0581010938547259,340,216,"13"
"NK807",0.0276884483988,406,116,290,0.0644878470927125,0.00787560778177027,398,108,0.024382803011855,398,108,"13"
"NKS8326",0.0595994516533098,272,227,45,0.0992581775833925,0.0155672617948382,237,192,0.0482156146425006,237,192,"13"
"NORTH 7",0.0941540129737124,646,303,343,0.0530506384054076,0.0268293784061909,612,269,0.083063320320509,612,269,"13"
"NQ508",0.0184502930672132,190,73,117,0.0852551507258003,0.00588912414725389,197,80,0.0182459707928917,197,80,"13"
"NS501",0.0416398420357816,434,166,268,0.0676906728321814,0.0117916639440897,421,153,0.0365067134854498,420,152,"13"
"NS701",0.0507013220955444,344,194,150,0.0800362078647368,0.0144431177467421,335,185,0.044715651283344,334,184,"13"
"NY6371",0.0617525911982722,263,232,31,0.105018579870301,0.0257991754217295,294,263,0.0799926345320639,295,264,"13"
"Ny821",0.0228788820548894,267,93,174,0.0776503616084383,0.00988845295698637,303,129,0.0306565623810586,304,130,"13"
"OH33",0.135089662746461,352,348,4,0.125917177140464,0.0546474170338822,354,350,0.169463535841436,354,350,"13"
"Oh40B",0.064516235990901,394,240,154,0.079747562123833,0.0268665671119305,424,270,0.0833031428647841,424,270,"13"
"Oh43",0.0245027909918837,397,104,293,0.0643492309711488,0.00714989177545596,393,100,0.0221591676396353,393,100,"13"
"Oh7",0.0360777812041425,222,151,71,0.0923133866555848,0.0102191692938107,207,136,0.0316383089466959,207,136,"13"
"OQ403",0.0774364366874565,557,274,283,0.0658785791023997,0.0224821261016579,526,243,0.0696761946655665,526,243,"13"
"OQ603",0.0500993290002016,505,191,314,0.0608313897935012,0.0142860841168047,496,182,0.0442295312504183,496,182,"13"
"Os420",0.0366021571523829,497,153,344,0.052720744175072,0.0139998387574505,523,179,0.0434084002146582,523,179,"13"
"OS602",0.0354620609230125,253,148,105,0.0863933789782695,0.00989572505696372,235,130,0.0306371201462844,234,129,"13"
"Pa392",0.080450848762773,615,278,337,0.0539718165081667,0.0275237365530327,611,274,0.0853308255267162,611,274,"13"
"Pa405",0.00227440228148876,300,6,294,0.0640557479739971,0.000629482222382858,300,6,0.00194892294345072,300,6,"13"
"Pa875",0.165811931639475,377,360,17,0.109615127238869,0.067251188923249,378,361,0.208547916854454,378,361,"13"
"Pa880",0.0582822998719238,299,220,79,0.0905737182814271,0.0166053699005333,286,207,0.0514099521297408,286,207,"13"
"Pa91",0.0440257950151491,227,177,50,0.0983504402703592,0.0125616030804497,211,161,0.0388905473758847,211,161,"13"
"PH207",0.0285567492397775,334,122,212,0.0742717611365949,0.0101364772122974,346,134,0.031413180853644,345,133,"13"
"PHB09",0.0405132529623045,495,162,333,0.0549631732143577,0.0108814666195015,475,142,0.0337120206791112,475,142,"13"
"PHB47",0.0339054245437211,349,143,206,0.0750615224270911,0.00960428918549114,329,123,0.0297348380487704,329,123,"13"
"PHBA6",0.0219284642493258,388,85,303,0.0632648378184787,0.00620506759807061,386,83,0.0192107400908671,386,83,"13"
"PHBB3",0.0569124553330325,314,215,99,0.0867440579152203,0.0234240856974465,347,248,0.0726089983040206,347,248,"13"
"PHEG9",0.0354389133442212,409,147,262,0.0684483962614799,0.0145818380324206,448,186,0.045217345791459,448,186,"13"
"PHG29",0.114209796002928,467,331,136,0.0824240199854482,0.0451953601378106,474,338,0.140137953250694,474,338,"13"
"PHG47",0.0707423289466673,601,252,349,0.0492691937190242,0.0289598131617436,631,282,0.0897980897838343,631,282,"13"
"PHG71",0.0226411694179126,329,90,239,0.0715673763717238,0.00644542034099478,327,88,0.0199549502977575,327,88,"13"
"PHG80",0.036832672079343,495,154,341,0.0533533675886122,0.00961352886108546,465,124,0.0297748577531132,465,124,"13"
"PHG83",0.0524724083420371,491,199,292,0.0643695388445325,0.0192070743521222,512,220,0.0595517556032627,513,221,"13"
"PHG86",0.0748009751574637,487,268,219,0.0736175993852975,0.0201819301675744,445,226,0.0624869961562747,445,226,"13"
"PHH93",0.0943845499666126,616,304,312,0.06161617902898,0.0346884969830045,621,309,0.107552519235187,621,309,"13"
"PHHH9",0.0182782657460634,157,71,86,0.0889036260061192,0.00518502428872905,155,69,0.0160528020614585,155,69,"13"
"PHHV4",0.0225553190669135,343,89,254,0.0695683472594063,0.00868566814031277,366,112,0.0269312399143113,366,112,"13"
"PHJ70",0.0517908506309285,448,196,252,0.0700699086691698,0.0213503557383629,488,236,0.0662019228868934,488,236,"13"
"PHJ89",0.0180544357806588,404,70,334,0.054650768713933,0.0048385435268158,397,63,0.0149813048249161,397,63,"13"
"PHJ90",0.0958056085719244,479,307,172,0.0777892780936044,0.0388139554548808,495,323,0.120311378336218,495,323,"13"
"PHJR5",0.0744841420757208,593,266,327,0.056477156059363,0.024414050858128,584,257,0.0756850220911908,584,257,"13"
"PHK35",0.0153601002894868,403,61,342,0.0532010135928335,0.00624643795354458,426,84,0.0193703032850448,426,84,"13"
"PHK42",0.0482525560375724,410,186,224,0.0731899189771444,0.0137064439448183,397,173,0.042434867022093,397,173,"13"
"PHK56",0.070759997123579,277,253,24,0.107747716388104,0.0262539683811138,290,266,0.0814018085932075,290,266,"13"
"PHK74",0.0143499657339629,327,57,270,0.0673729417775308,0.00475423718835827,332,62,0.0147312499518767,332,62,"13"
"PHKE6",0.0385102435569393,436,158,278,0.0663756475669938,0.0126325931023379,440,162,0.0391417701695928,440,162,"13"
"PHM10",0.0191829194442058,138,76,62,0.0947101170949441,0.00538193269813391,134,72,0.0166625361347897,134,72,"13"
"PHN11",0.0232403360888791,282,94,188,0.0766105304977131,0.00659890261661979,278,90,0.020430062959191,278,90,"13"
"PHN29",0.0155631927831765,159,63,96,0.0875581604584795,0.00513026900438394,162,66,0.0158962051103278,162,66,"13"
"PHN66",0.025102883177752,393,105,288,0.0649795535410982,0.00872132533001032,401,113,0.0270389579325105,401,113,"13"
"PHN82",0.045760504105911,365,180,185,0.0766887184587928,0.0129739315707917,349,164,0.0401669982401115,349,164,"13"
"PHP02",0.0147286992012985,117,60,57,0.0958722165319724,0.00416565839316892,111,54,0.012896777195181,111,54,"13"
"PHP55",0.0333614219575417,345,140,205,0.0750922307628198,0.00899275054824576,320,115,0.0278611979275327,320,115,"13"
"PHP76",0.026455972065274,221,111,110,0.0859584983703885,0.0108460424289069,251,141,0.0336331711611816,251,141,"13"
"PHP85",0.0397598460899932,277,161,116,0.085288385700681,0.0160971885962785,316,200,0.049917126257377,316,200,"13"
"PHPR5",0.0293037340255053,178,124,54,0.0967314384515063,0.0101363747410014,187,133,0.0314258948912117,188,134,"13"
"PHR03",0.00266581939735859,234,7,227,0.0726295033919451,0.000726054616181843,234,7,0.0022479548183652,234,7,"13"
"PHR30",0.092728170409209,532,298,234,0.071952558257421,0.0279020869237011,511,277,0.086482579485199,511,277,"13"
"PHR31",0.0111319921589123,176,45,131,0.0835584150321947,0.00313992870924922,174,43,0.00972114164213092,174,43,"13"
"PHR36",0.138829225285515,362,352,10,0.117586579272561,0.0561771171057665,363,353,0.174204924813475,363,353,"13"
"PHR47",0.0675527551995289,464,247,217,0.0737374010013523,0.0279884622646698,495,278,0.0867889647945983,495,278,"13"
"PHR63",0.0451908626935552,459,179,280,0.0659352865224478,0.0125581871277097,440,160,0.0388862168240818,440,160,"13"
"PHT10",0.100093901337793,524,316,208,0.0746792543790403,0.0404865378992203,537,329,0.125550143296301,537,329,"13"
"PHT47",0.0221933359649362,175,87,88,0.0886936627716885,0.00618706465880077,169,81,0.0191553327602931,169,81,"13"
"PHT55",0.0582542836663993,412,219,193,0.0763969137135257,0.016576959740545,399,206,0.0513220926805749,399,206,"13"
"PHTM9",0.0645022292230645,443,239,204,0.0752270273921583,0.0187588014351716,421,217,0.0581372506354026,421,217,"13"
"PHV37",0.00837564446467397,213,31,182,0.0768823386885448,0.00234629482493391,213,31,0.0072641684631649,213,31,"13"
"PHV57",0.0113401454510439,141,47,94,0.0880168333305051,0.00314623813123827,138,44,0.00974089011793946,138,44,"13"
"PHV63",0.0894487009473858,343,288,55,0.0965916042618485,0.036189825219336,371,316,0.112224562409785,371,316,"13"
"PHVA9",0.0133126835458901,304,54,250,0.0702473485541941,0.00375015503534112,300,50,0.0116103886923761,300,50,"13"
"PHVJ4",0.0208566038297688,283,84,199,0.0757578566924061,0.00586463735618366,278,79,0.0181567819452987,278,79,"13"
"PHW03",0.0193852024321326,232,77,155,0.0797093746204954,0.00549789983325926,229,74,0.0170213750253317,229,74,"13"
"PHW17",0.0341693262544443,346,145,201,0.0756538304749708,0.00973493811280054,329,128,0.0301392077576943,329,128,"13"
"PHW20",0.0589820947619748,414,224,190,0.0764767840484728,0.0167822493956884,400,210,0.0519575339001848,400,210,"13"
"PHW30",0.0335133730221297,351,141,210,0.0745046338252238,0.0118529138554212,365,155,0.0367321939875833,365,155,"13"
"PHW43",0.0912169401809988,316,297,19,0.108753964910451,0.0387780634907753,341,322,0.120227660146309,341,322,"13"
"PHW52",0.0108599996079791,129,39,90,0.0884139865890771,0.00303258171983963,130,40,0.00938894806106317,130,40,"13"
"PHW53",0.13547487790856,374,349,25,0.107498358310121,0.0556696209923383,377,352,0.172628469558952,377,352,"13"
"PHW80",0.0109329270235956,264,41,223,0.0732587887801123,0.0044386454783137,279,56,0.0137639668841007,279,56,"13"
"PHWG5",0.0110743894002902,138,43,95,0.0878814385969621,0.0031371205343994,137,42,0.00971245193651499,137,42,"13"
"PHZ51",0.00910139783448135,132,35,97,0.0869988428467805,0.00249157755548575,133,36,0.00771416505095815,133,36,"13"
"Q381",0.0632044191787329,451,236,215,0.0737953672470482,0.0195421687812994,438,223,0.06054076447018,438,223,"13"
"R168",0.0531956874628128,460,203,257,0.069237636845501,0.013940313899213,434,177,0.0431678517673923,434,177,"13"
"R177",0.0165010975605804,231,64,167,0.0783103988807884,0.00465139851860502,228,61,0.0144007480537003,228,61,"13"
"R181B",0.0953623497497903,425,306,119,0.085029987518347,0.0393743952510189,446,327,0.122089068190897,446,327,"13"
"R226",0.097093011474712,385,311,74,0.0916263668581715,0.0400427119463504,402,328,0.124169194193531,402,328,"13"
"R229",0.0204160535948229,325,82,243,0.0709971579491901,0.0057540717212963,321,78,0.0178146302668636,321,78,"13"
"R71",0.0724653269887001,312,260,52,0.0975832793622668,0.0192455788880789,274,222,0.0596201227055407,274,222,"13"
"R78",0.0610478975118969,437,230,207,0.074840671044747,0.024367642890982,462,255,0.0755575721892153,463,256,"13"
"SD101",0.0263038052531716,218,110,108,0.0860185912872975,0.0106490577669965,247,139,0.0330231013508477,247,139,"13"
"SD102",0.00556720944711871,262,20,242,0.0711601302315098,0.00154714433552462,263,21,0.00478999089069699,263,21,"13"
"SD107",0.0949994058936379,609,305,304,0.0632181389379302,0.0388793293963686,628,324,0.120563817907318,628,324,"13"
"SD40",0.0324660832550591,277,137,140,0.0820172067205102,0.013480162160114,309,169,0.0417993896461371,309,169,"13"
"SD44",0.093212824110969,515,301,214,0.0738774517086545,0.0313990840507981,510,296,0.0972955569820684,510,296,"13"
"SG 30A",0.0355787611885307,255,149,106,0.0863468892829962,0.0101330504561404,238,132,0.0313717515536197,238,132,"13"
"T242",0.04601688106796,360,182,178,0.0773681024990654,0.0130904128536021,344,166,0.0405276722046644,344,166,"13"
"Tr",0.0740324627167454,599,264,335,0.0544960249234518,0.02111106807117,568,233,0.0653595927481819,568,233,"13"
"TZU-CHIAO-HSI-WU 105",0.0874130425560042,415,286,129,0.0837912845638503,0.0314279200416603,426,297,0.0974407893893939,426,297,"13"
"Va26",0.00178016890755597,239,2,237,0.0717817611371938,0.000596045902289888,242,5,0.00184784126123467,242,5,"13"
"Va35",0.031674876810644,295,130,165,0.0789271922108132,0.0122394717200859,323,158,0.0379360350747442,323,158,"13"
"Va52",0.0766883183347812,517,271,246,0.0708700866485553,0.0317998627549043,544,298,0.098600969826502,544,298,"13"
"Va99",0.250946703248544,372,365,7,0.119336952068286,0.101461895110881,372,365,0.314636418298438,372,365,"13"
"W182E",0.123753874678821,661,341,320,0.0587289330532192,0.0352164923834448,632,312,0.109029616120951,632,312,"13"
"W22",0.0438107226066138,306,176,130,0.0837758337338785,0.0178845596187135,344,214,0.055457558596545,344,214,"13"
"W23",0.055741893510268,516,208,308,0.06222956363121,0.0230758478382366,554,246,0.0715510934192284,554,246,"13"
"W24",0.00316533069106521,137,9,128,0.0840980451681018,0.00132779464016321,142,14,0.00411688646850788,142,14,"13"
"W32",0.00864407656771672,141,32,109,0.0860066940939544,0.00245253436202991,143,34,0.00759299251560529,143,34,"13"
"W37A",0.0766367148078403,570,270,300,0.0636295981441075,0.0232384396455524,547,247,0.0720290094783118,547,247,"13"
"W552",0.104454852765306,650,321,329,0.0558689609840343,0.0303726462687575,622,293,0.094130809348851,622,293,"13"
"W603S",0.0234111621072249,419,95,324,0.0582564199466898,0.00660450416600441,415,91,0.0204475611965957,415,91,"13"
"W604S",0.042599690115327,475,169,306,0.0623484107601456,0.0113429275163696,452,146,0.0351395251645027,452,146,"13"
"W605S",0.0426053413621951,273,170,103,0.0864642206716442,0.0173386794983081,315,212,0.0537655832283159,315,212,"13"
"W607S",0.0430831915225101,312,171,141,0.081929981724332,0.0174180049048549,354,213,0.0540135667910277,354,213,"13"
"W610S",0.0501890864176421,451,192,259,0.0690714522833491,0.014256219811879,440,181,0.0441371392077383,440,181,"13"
"W611S",0.102987085930632,388,319,69,0.0926510329860911,0.0292824686726294,355,286,0.090657953266923,355,286,"13"
"W612S",0.0968527803652344,423,309,114,0.085417728114527,0.034822832396908,424,310,0.107919461776385,424,310,"13"
"W614S",0.0268625961002928,179,113,66,0.0938199919720352,0.00971757241590832,193,127,0.030129076982672,193,127,"13"
"W64A",0.0381134491220527,261,157,104,0.0864615655564525,0.0156839977391637,297,193,0.0486350599708179,297,193,"13"
"W701BC",0.00980184909620053,116,38,78,0.0906314341604035,0.00295317566853809,116,38,0.00914801414276772,116,38,"13"
"W803G",0.112203830272732,347,329,18,0.108903527982955,0.032011970560166,317,299,0.0991086279943978,317,299,"13"
"W809G",0.0833011034070645,349,281,68,0.093327060696102,0.0264122442830479,336,268,0.0818301539141033,336,268,"13"
"W810G",0.185600252982458,364,362,2,0.131710934494604,0.0706985818136735,364,362,0.219209802946334,364,362,"13"
"W811G",0.00567968194670858,188,22,166,0.0787406939443,0.00161950570881587,188,22,0.00501396518925664,188,22,"13"
"W813G",0.047587672489594,480,184,296,0.0639973198766804,0.0135769601743558,467,171,0.042034077068311,467,171,"13"
"W8304",0.0527204614769614,501,200,301,0.0634896933941236,0.0144325447643874,485,184,0.0447185521283794,486,185,"13"
"W9",0.00768485482401884,341,28,313,0.0613125625139638,0.0021310472229119,340,27,0.00659862349450438,340,27,"13"
"WIL900",0.0572136468907108,523,216,307,0.0622792648641251,0.0162935351038123,509,202,0.0504445050848352,509,202,"13"
"WU-TAN-TZAO",0.0437110984288948,318,175,143,0.0813962071108619,0.0161788457469395,344,201,0.050163245791189,344,201,"13"
"YE 4",0.154057797476541,384,356,28,0.106988776284254,0.0632441859632084,386,358,0.196117232604344,386,358,"13"
"YING-55",0.0858680431183149,605,284,321,0.0585962635118537,0.0352772324009534,634,313,0.109387013974382,634,313,"13"
"Yu796 NS",0.13291142261834,638,347,291,0.064465303917064,0.0538886795799596,640,349,0.167106597158174,640,349,"13"
"ZS365",0.0520501368050708,400,198,202,0.0754973302094931,0.0148303565646363,392,190,0.0459145410160564,392,190,"13"
"ZS635",0.0560531867958428,510,213,297,0.0639757421648362,0.0159929149113229,495,198,0.0495138400988965,495,198,"13"
"1538",0.0378865526147712,205,93,112,0.0892041594006523,0.0119052453991161,229,117,0.0442807223240724,237,125,"14"
"29MIBZ2",0.0102293673789062,320,9,311,0.0610799206904881,0.00269819302144958,317,6,0.0100630768202375,317,6,"14"
"2FACC",0.105068947024793,593,316,277,0.0672137396655397,0.0331940912368984,608,331,0.11065585350146,611,334,"14"
"2MA22",0.0710100143509492,474,236,238,0.0722002627735078,0.022177394374535,490,252,0.0824262208180189,510,272,"14"
"3IJI1",0.0304074989056556,189,63,126,0.0867333597776684,0.00857865513540813,190,64,0.0301447390329591,188,62,"14"
"4226",0.0670640035074402,585,222,363,0.0368319441565573,0.01826630820763,562,199,0.0661142467033749,574,211,"14"
"4N506",0.0968257098899575,446,300,146,0.0832426949473472,0.0263511232116094,433,287,0.0834750108439322,422,276,"14"
"6M502",0.0956666766253259,582,297,285,0.0664861104768187,0.0249224216314069,561,276,0.08792401166217,570,285,"14"
"6M502A",0.0897553176453106,509,285,224,0.0735666754491847,0.029481027809883,535,311,0.0944528696021821,524,300,"14"
"764",0.0251496925453086,307,43,264,0.068128889423758,0.00802919832570492,318,54,0.0237040766968996,298,34,"14"
"78010",0.0531374393218677,340,159,181,0.0787752205750682,0.0142183193573485,336,155,0.0489900025182291,333,152,"14"
"793",0.0639664977800724,573,211,362,0.0374795181046876,0.0171950456033146,545,183,0.0641170636271128,564,202,"14"
"87916W",0.0345616118756333,148,78,70,0.09692382155874,0.00814436529683526,126,56,0.028286413866195,122,52,"14"
"911",0.0225242201076776,336,31,305,0.0624000473663885,0.00625787377111765,334,29,0.0233422082414697,338,33,"14"
"912",0.0332841632878692,241,75,166,0.080531424203956,0.00867304170418447,233,67,0.0323514243232508,239,73,"14"
"91IFC2",0.0167599003231158,243,20,223,0.0737380133344467,0.00548326644469836,249,26,0.0203729634881146,249,26,"14"
"A",0.055756447366708,217,170,47,0.102872062239935,0.0147885057841216,208,161,0.0546042001103038,212,165,"14"
"A208",0.0186039190749052,210,26,184,0.0786691127937132,0.00507770076540332,207,23,0.0189419408869731,207,23,"14"
"A239",0.0393545103416895,312,101,211,0.0751385328588148,0.00980800158126022,294,83,0.03601363900542,298,87,"14"
"A272",0.0324931450643,197,70,127,0.0863564369337359,0.0107944893119173,229,102,0.0401841486490274,235,108,"14"
"A305",0.0639031003601499,549,210,339,0.0541959001456145,0.0178533259587536,529,190,0.0656330822823498,547,208,"14"
"A322",0.0362373181617278,276,86,190,0.077935115446619,0.00932310548116964,264,74,0.0347867712638539,270,80,"14"
"A334",0.054763219823405,522,165,357,0.0448351612599923,0.0150172388425688,522,165,0.0559613303771102,528,171,"14"
"A340",0.025211452229975,218,44,174,0.0796681884631513,0.00788572693885261,225,51,0.0293077336977691,230,56,"14"
"A374",0.0928693814684978,510,293,217,0.0745534682656267,0.0219481266152787,466,249,0.0727390839437989,454,237,"14"
"A385",0.026835146578096,324,48,276,0.0672869992645372,0.00693543476561573,314,38,0.0258730080421886,320,44,"14"
"A401",0.0569663334651285,184,179,5,0.124580839665369,0.0162977768562885,176,171,0.0606053051986243,186,181,"14"
"A427",0.0570290812201658,329,180,149,0.0826867542141148,0.0196197946993658,361,212,0.0607504302357983,331,182,"14"
"A548",0.0233211022726383,384,38,346,0.0520589527402677,0.00806648719459488,401,55,0.0299724764156576,407,61,"14"
"A572",0.153912948132645,721,362,359,0.0429864899510105,0.0461305292671256,722,363,0.15891489179329,722,363,"14"
"A619",0.15760105251552,666,363,303,0.0626659815392517,0.0443965141705394,663,360,0.165476057950149,668,365,"14"
"A627",0.012539759106395,286,12,274,0.0674134557701118,0.0036281711309493,289,15,0.0135201757793164,289,15,"14"
"A632",0.0984488385295741,351,306,45,0.103061031740748,0.0227464838838638,301,256,0.0757264359070112,296,251,"14"
"A635",0.0618016479007455,412,198,214,0.0749401906181371,0.0158897362204343,382,168,0.0592837230860147,391,177,"14"
"A641",0.016933084663599,268,21,247,0.0715962128148834,0.00463306575646978,267,20,0.0172641350953378,268,21,"14"
"A648",0.0557650772962354,344,171,173,0.0797087358838565,0.0131205457956902,311,138,0.0475426142292096,313,140,"14"
"A663",0.0443528040835878,224,131,93,0.0931323991401398,0.0143256062979381,249,156,0.0534160186798334,254,161,"14"
"A672",0.0772929676986278,501,259,242,0.0719432504854778,0.0272848323601477,536,294,0.0806651460528931,507,265,"14"
"A674",0.0630212639575939,532,203,329,0.0573102728867246,0.0216725293425804,573,244,0.0805236906481565,592,263,"14"
"A679",0.0835238667424826,532,272,260,0.069231834747279,0.024177576546435,531,271,0.0732497623442906,499,239,"14"
"A680",0.0248078420914355,276,41,235,0.0723851445476689,0.00637377265154406,267,32,0.0237814927740747,270,35,"14"
"A682",0.0204235945435133,162,28,134,0.0852112593204067,0.00545912857171964,159,25,0.0203406878393005,159,25,"14"
"A71",0.0231216125775231,382,34,348,0.050184291728077,0.00655423051092653,381,33,0.0244449059913023,386,38,"14"
"A73",0.0180560480875446,237,25,212,0.0751236056100018,0.00625918017496294,243,31,0.0232487280390427,243,31,"14"
"A797NW",0.112007376307552,649,335,314,0.0607839450112057,0.0363283336248583,657,343,0.134979671596017,668,354,"14"
"AQA3",0.122999574710873,642,346,296,0.0641867650538857,0.0362246903285925,638,342,0.123733955066084,643,347,"14"
"AS6103",0.0763807474528462,341,255,86,0.0939641554600775,0.0210284050110385,324,238,0.078255058313186,344,258,"14"
"AusTRCF 306238",0.0363373881986093,135,87,48,0.102546532549022,0.00949676959849653,126,78,0.0321225415554098,119,71,"14"
"B-18 INBR.FR.SUPERGOLD",0.0912594444848534,497,288,209,0.0752975619367607,0.0240250677189198,479,270,0.0827320330933203,482,273,"14"
"B-28",0.0634856919177945,437,207,230,0.0730154620903967,0.0222701917699283,483,253,0.0827465628778227,504,274,"14"
"B103",0.0801793091624045,469,263,206,0.0758470326541053,0.0267885845413781,498,292,0.0814628409213668,474,268,"14"
"B104",0.106642329020294,526,318,208,0.0757001126071615,0.0308513672049064,527,319,0.114489949696502,548,340,"14"
"B105",0.0304953996419544,155,64,91,0.0934022438655971,0.00823285849360647,149,58,0.0306510774924078,156,65,"14"
"B108",0.0428618282755295,336,121,215,0.0749293124413338,0.010034928192081,303,88,0.0349750259806044,296,81,"14"
"B109",0.0720598633813119,328,240,88,0.0936475752086328,0.0228931524996297,346,258,0.0850684073094077,369,281,"14"
"B110",0.0253410072193108,241,45,196,0.0776738511826935,0.00757074454189377,239,43,0.0256436176764805,239,43,"14"
"B111",0.1203955766831,487,342,145,0.083353980916866,0.037303202481998,492,347,0.10422233872849,471,326,"14"
"B115",0.138359950782313,433,356,77,0.0956127806309247,0.0438924075586809,436,359,0.128662359705763,428,351,"14"
"B119",0.0610287791180874,347,192,155,0.0822800926252269,0.0199265659833072,377,222,0.0740488548233298,398,243,"14"
"B120",0.110475634970116,686,333,353,0.0479263094494565,0.0339648566862384,690,337,0.0955701955776693,657,304,"14"
"B121",0.0303960849633757,335,62,273,0.0674686949851183,0.00858098713885421,338,65,0.0272482862037086,321,48,"14"
"B14A",0.108632087167573,365,327,38,0.104717932971861,0.0331330725320233,368,330,0.0988424900281117,355,317,"14"
"B164",0.0408337095239564,217,110,107,0.0908281707416874,0.0134608068440033,252,145,0.0500128460648102,262,155,"14"
"B2",0.054731195307655,193,164,29,0.107296173584439,0.0147324006457105,188,159,0.0470999218747349,166,137,"14"
"B37",0.0198883746755067,100,27,73,0.096416541458255,0.00544295639017716,97,24,0.0199075347599381,97,24,"14"
"B47",0.0434523837650788,254,126,128,0.0861696724270258,0.0140856607719439,282,154,0.0452554501773883,258,130,"14"
"B57",0.0369806737022085,142,89,53,0.101802888133968,0.00967669624217933,134,81,0.0360932471720313,141,88,"14"
"B66",0.049623909406672,400,150,250,0.071031796726741,0.0120452258681969,370,120,0.0379007418118527,347,97,"14"
"B68",0.148407676349158,363,361,2,0.129073387321627,0.0457589208564748,364,362,0.129484929595567,354,352,"14"
"B73",0.0131728715048912,300,13,287,0.0662948668623143,0.00355230244383699,300,13,0.0126264181744328,300,13,"14"
"B75",0.0332901456230365,142,76,66,0.0987457337892948,0.00927217551607679,139,73,0.0345852370958725,145,79,"14"
"B76",0.0415739663197055,447,115,332,0.0565000075747242,0.00940627567963086,408,76,0.0317067156632004,400,68,"14"
"B77",0.0493418670394819,174,147,27,0.107773870969663,0.0121012068848719,148,121,0.0450551970367734,156,129,"14"
"B79",0.109564680411241,381,330,51,0.102219699036875,0.0305430846829703,367,316,0.0920280309078065,348,297,"14"
"B87",0.10846816548815,545,325,220,0.0743064264890549,0.0362154934147525,561,341,0.134555583432682,573,353,"14"
"B88",0.0481435508442774,203,142,61,0.100388573264028,0.0130952191647834,197,136,0.0487888642494157,211,150,"14"
"B91",0.0576681805574583,503,182,321,0.059405746142518,0.0154171844441984,487,166,0.0515144094190029,478,157,"14"
"B97",0.0569237957376137,252,178,74,0.0963838294392265,0.0181716574867846,271,197,0.0675317635541905,291,217,"14"
"BEI 10 = NORTH 10",0.0769048021761589,496,257,239,0.0720611983188265,0.0230554772959849,499,260,0.0669785241426245,454,215,"14"
"BO9",0.110131601364749,374,332,42,0.104015573899688,0.0274139479168031,338,296,0.100247827340797,362,320,"14"
"CA-4",0.108537758756736,362,326,36,0.105248065180921,0.0369876660166589,382,346,0.112984118692784,374,338,"14"
"CG102",0.0269702069685501,139,49,90,0.093404193664078,0.00781324883239003,140,50,0.0244094034763096,127,37,"14"
"CH701-30",0.0493202441199815,343,145,198,0.0775899014361225,0.0132264147155356,339,141,0.047593786447269,339,141,"14"
"CH711-10",0.0663067181988918,431,218,213,0.0750004581068675,0.0163635467951001,385,172,0.0604944018512601,393,180,"14"
"CH753-4",0.0850360191618257,629,277,352,0.047969273434325,0.0262802110504363,636,284,0.0732433550465791,590,238,"14"
"CH9",0.0794784158406027,383,261,122,0.086904211110673,0.0246573283667814,397,275,0.0819616671383307,393,271,"14"
"CI 40H",0.0346710681683178,217,79,138,0.0846542764963355,0.0103847300516594,237,99,0.0386036389220197,243,105,"14"
"CM105",0.0399209378680603,411,105,306,0.062252244367488,0.0129255508567309,439,133,0.0480257342041246,452,146,"14"
"CQ702RC",0.0439112356124174,203,128,75,0.0959928203207506,0.0145322665266782,232,157,0.054001445027618,238,163,"14"
"CR 22 INBRED",0.0753291785182711,517,251,266,0.067861985803973,0.0198865202575926,486,220,0.0741069210676326,510,244,"14"
"DE2",0.038590594471096,183,98,85,0.0939790452220487,0.0125187644977768,211,126,0.0465140490595375,218,133,"14"
"DE3",0.0726440791658697,567,242,325,0.0583674787221482,0.0208463812285186,562,237,0.0777441481895957,582,257,"14"
"DE4",0.0613655998755493,423,196,227,0.0733138959461268,0.0169228508620501,408,181,0.0630868861077161,420,193,"14"
"DE811",0.123322456434197,497,347,150,0.082626415867814,0.0329947314166017,479,329,0.116136463127486,492,342,"14"
"DJ7",0.226377576757686,378,366,12,0.116782952486921,0.0705613029715391,378,366,0.206179817604059,378,366,"14"
"DK3IIH6",0.0826314698395722,464,270,194,0.077743211246429,0.0216750205402182,439,245,0.0744884511783882,443,249,"14"
"DK4676A",0.047963186356492,483,140,343,0.0523834985176195,0.0134667074845585,489,146,0.0428183547040375,462,119,"14"
"DK78002A",0.119197193230296,678,340,338,0.0550611812741412,0.0378412503945827,689,351,0.11321795696513,677,339,"14"
"DK78010",0.00804521773325626,317,5,312,0.0610466122054391,0.00226421831381406,314,2,0.00844092973041545,315,3,"14"
"DK78371A",0.00690907798431536,16,2,14,0.116304162334127,0.00233343043677356,18,4,0.0067829739631529,16,2,"14"
"DKFAPW",0.0996631261853874,662,308,354,0.0476482441643349,0.0323445530699158,680,326,0.120372521869881,698,344,"14"
"DKFBHJ",0.0911144214653756,466,287,179,0.079011804792774,0.0315830705741853,501,322,0.0957350923883979,485,306,"14"
"DKMBNA",0.0399234611940806,450,106,344,0.052342949133311,0.0114230280102626,453,109,0.0386961582834802,450,106,"14"
"DKPB80",0.0812085430301583,585,268,317,0.0600227856597192,0.0234112034857478,580,263,0.081705751975526,586,269,"14"
"E8501",0.0633953072130113,490,206,284,0.066718162241912,0.0149050066048426,446,162,0.0547756328536107,450,166,"14"
"EAST 028",0.0169704407576103,251,22,229,0.073044186267068,0.00415116797550579,245,16,0.0151597481797783,246,17,"14"
"Eng-Li Chih",0.146927615859802,649,360,289,0.0656114768056793,0.0407724743020666,644,355,0.139139166764049,645,356,"14"
"F118",0.0887416288331114,315,283,32,0.107124104620034,0.0288052462613834,337,305,0.091682083951799,328,296,"14"
"F2834T",0.0612399710606708,225,194,31,0.107186980042989,0.0165226957162901,204,173,0.061519331062358,215,184,"14"
"FBLA",0.0924075934954467,487,292,195,0.0776944861996843,0.0265210194033498,483,288,0.0893750786284576,484,289,"14"
"FR19",0.119893057169046,705,341,364,0.030702859126789,0.0373813066489442,712,348,0.139002401786503,719,355,"14"
"H105W",0.0784664337485579,301,260,41,0.104240145290643,0.0255479642698494,321,280,0.0951307789230266,344,303,"14"
"H110",0.0646634436747226,300,213,87,0.0936845553976063,0.0213045825195946,328,241,0.0793019334075325,349,262,"14"
"H113",0.0661078589089433,325,217,108,0.0908188652260455,0.0168452970885296,286,178,0.0529880577984292,268,160,"14"
"H121",0.0441834468545285,278,130,148,0.0831161158869347,0.0115739729112167,260,112,0.0431767749608292,269,121,"14"
"H122w",0.0224949579270443,218,29,189,0.0779853110829253,0.00749659857412237,231,42,0.0278567110598167,239,50,"14"
"H5",0.0302984719825397,217,61,156,0.0822623179074568,0.0095960355652165,235,79,0.0356586268496072,240,84,"14"
"H71",0.0747953848671099,328,248,80,0.0950469107774072,0.0199421253128381,303,223,0.0743602222214461,326,246,"14"
"H84",0.0158668719616681,269,17,252,0.0698590464101504,0.00483236567307862,273,21,0.0172536909558094,272,20,"14"
"H91",0.0982035732455707,321,304,17,0.115047861550921,0.0300888016057959,332,315,0.0836553952225465,294,277,"14"
"H95",0.0931199123381231,351,294,57,0.101493996649117,0.0263441672882199,343,286,0.0982212640354769,372,315,"14"
"H96",0.0667281131421526,226,220,6,0.122315043608652,0.020419649657757,235,229,0.0569218541312154,178,172,"14"
"H99",0.0494646041680281,434,148,286,0.0663351893094081,0.0131391072975905,425,139,0.0489993049210682,439,153,"14"
"HP301",0.0623145505667096,297,199,98,0.0925553729997074,0.0178940450884151,290,192,0.0665388909202007,310,212,"14"
"HUOBAI",0.0590467603726467,355,183,172,0.0798348057643944,0.0205281181572149,404,232,0.0762727110267926,426,254,"14"
"Hy",0.0383031544816627,111,96,15,0.11619979968146,0.010305800131554,111,96,0.0384280231722339,117,102,"14"
"I29",0.134688737534169,692,355,337,0.0554250025941241,0.0349741465227992,676,339,0.108360926871509,668,331,"14"
"Ia 453",0.0287091235423834,289,56,233,0.0727240687628523,0.00824253584525382,293,60,0.0293434912072106,290,57,"14"
"IA2132",0.0404423500728212,178,109,69,0.0970067443047948,0.0114919371467674,180,111,0.0428300806684829,189,120,"14"
"IBB15",0.0631433585556638,375,205,170,0.080001326321842,0.0200046364326341,394,224,0.0743365439892411,415,245,"14"
"IBC2",0.101660346619157,603,311,292,0.0651615019593133,0.0332779357938466,624,332,0.123643373682751,638,346,"14"
"ICI 193",0.0425574913933695,283,119,164,0.0810097915661768,0.0137328075849976,315,151,0.0414172534838602,277,113,"14"
"ICI 740",0.076897005548116,582,256,326,0.0576982779799337,0.0198654315173442,545,219,0.063092425498216,520,194,"14"
"ICI 893",0.040872204274724,132,111,21,0.110872130209791,0.0105105073842072,122,101,0.0392170668617609,128,107,"14"
"ICI 986",0.0535495545147856,490,160,330,0.056561743397861,0.0134322946296142,474,144,0.0493544335083219,484,154,"14"
"IDS28",0.0838172431110363,394,274,120,0.0875127485839025,0.022694640910701,375,255,0.0721618305780678,355,235,"14"
"IDS69",0.0728456008988527,434,243,191,0.077902763118858,0.0206325035679111,425,234,0.0681735032857388,411,220,"14"
"IDS91",0.0261214873653968,66,47,19,0.114863893366358,0.006825727893526,55,36,0.0254681334273668,61,42,"14"
"INB 101LFY/LFY (A632 X M16 S5)",0.0300524860226276,322,60,262,0.069188225208422,0.0077715595568801,311,49,0.0276855661905467,311,49,"14"
"INBRED 141",0.055823922900411,235,173,62,0.0999919157459748,0.0159160660598385,232,170,0.0593592513402675,240,178,"14"
"INBRED 2-687",0.0411080207240796,353,112,241,0.0719834060119997,0.0136078213137144,391,150,0.0426553681224607,359,118,"14"
"INBRED 305",0.0514077109620906,184,154,30,0.107252278522118,0.014997556182649,193,163,0.0445408977780793,158,128,"14"
"INBRED 321",0.045551540753975,153,135,18,0.114948181544353,0.0150119010782897,182,164,0.0558789024320337,188,170,"14"
"K150",0.0749140262930591,407,250,157,0.08216729643958,0.0231645926891295,418,261,0.0769229223243492,413,256,"14"
"K41",0.127877891218591,358,350,8,0.121454704780748,0.0334696197274519,341,333,0.116706720914345,351,343,"14"
"K47",0.0232820864111569,153,37,116,0.0882985067435322,0.00719888112277593,155,39,0.0268139682808635,161,45,"14"
"KUNG-70",0.0324734122572421,125,69,56,0.101612158112916,0.00836260490484414,117,61,0.0312030954416353,123,67,"14"
"L 127",0.085605691054117,624,279,345,0.0521990522220452,0.0237081087502416,611,266,0.075882127706008,597,252,"14"
"L 139",0.0998434159681057,434,309,125,0.0867792117938935,0.0312381198347965,445,320,0.0888392238368315,412,287,"14"
"L 289",0.0953088332881238,478,296,182,0.0787344517603125,0.0292950049668086,490,308,0.0843798679934131,461,279,"14"
"LH1",0.0225071735619781,98,30,68,0.0976716315367972,0.0065994829589122,102,34,0.0245901701331448,107,39,"14"
"LH119",0.0747327589062135,613,247,366,0.026250712809879,0.0245111840739588,640,274,0.0912327866984828,661,295,"14"
"LH128",0.0106569834503871,278,10,268,0.0678040358966671,0.00290503028837662,275,7,0.0108107846795887,277,9,"14"
"LH143 (Maintainer)",0.0802343822912577,622,264,358,0.0446250794482045,0.0205132602952956,589,231,0.063299781735531,554,196,"14"
"LH146Ht",0.0740333271870868,581,245,336,0.0555593468298968,0.0197225965304931,550,214,0.0723016994306572,572,236,"14"
"LH149",0.13965725301041,713,357,356,0.0462623815024108,0.0374180279330812,705,349,0.128351440939569,706,350,"14"
"LH165",0.0348814953110093,232,81,151,0.0825533458140058,0.0112306076573459,259,108,0.0417288289205306,266,115,"14"
"LH166",0.0565117789353832,436,175,261,0.0692048344843622,0.0167988802395956,438,177,0.0626470153358878,450,189,"14"
"LH181",0.0755582998362852,389,253,136,0.0849235422743358,0.0237522439227592,403,267,0.0686819433170323,357,221,"14"
"LH184",0.0665590778644014,529,219,310,0.061087873779137,0.0217440668465413,556,246,0.0692389335545527,534,224,"14"
"LH190",0.169675322844624,423,364,59,0.10071915369159,0.0513124906240693,423,364,0.143485564712728,417,358,"14"
"LH192",0.0445178502829017,273,133,140,0.0841892918974988,0.0121669564764485,262,122,0.045387489862562,271,131,"14"
"LH194",0.0976987336791623,383,302,81,0.0949816999937325,0.0251507140947403,358,277,0.0881578269358676,367,286,"14"
"LH195",0.0721745192720588,484,241,243,0.0719335616849348,0.0207437199175977,479,236,0.070974588780621,473,230,"14"
"LH197",0.0348609090974042,378,80,298,0.0637093465191812,0.00992118952685108,384,86,0.0369902491673974,393,95,"14"
"LH198",0.0597734440073709,299,186,113,0.0888557618134084,0.0192003351081129,323,210,0.0713533102465966,347,234,"14"
"LH202",0.0975429621126674,584,301,283,0.0667294494274395,0.0307937680848773,600,317,0.0896881476372067,574,291,"14"
"LH204",0.0176773307780332,176,23,153,0.0824510117285602,0.00558343265304136,180,27,0.0207483922651243,180,27,"14"
"LH205",0.031410617023807,190,67,123,0.0868470963389553,0.00767447687020182,169,46,0.0249130920368951,163,40,"14"
"LH206",0.0325358938674548,231,71,160,0.08147085628854,0.00853973315948095,222,62,0.029778592856859,220,60,"14"
"LH208",0.0478316411832733,202,139,63,0.0999855450141935,0.0126317745751925,192,129,0.0410312016134067,174,111,"14"
"LH209",0.0557414102774025,497,169,328,0.0574323095118668,0.0191508009601743,537,209,0.0711542043605347,560,232,"14"
"LH214",0.0411847857314121,197,113,84,0.0939849483722267,0.0100701390728439,173,89,0.0343902762234687,162,78,"14"
"LH215",0.0420108029665334,344,118,226,0.0733467694999777,0.011439882355323,336,110,0.0423146600890123,343,117,"14"
"LH222",0.06375981133805,569,208,361,0.0395623840730825,0.0197909225788185,578,217,0.0737142898887703,603,242,"14"
"LH223",0.0805210226449437,567,265,302,0.0627150017895439,0.0258856152913603,583,281,0.0963217403485087,610,308,"14"
"LH224",0.0509964527836464,262,153,109,0.0897393860445811,0.0146673038591783,267,158,0.0545394794986099,273,164,"14"
"LH295",0.10694006624199,610,320,290,0.0654074434670635,0.0328110215430508,618,328,0.0921928927398877,588,298,"14"
"LH60",0.0440190490803896,243,129,114,0.0886173142279521,0.0116315892438254,227,113,0.0433977888838392,236,122,"14"
"LH74",0.0240809172281221,334,39,295,0.0644022344799178,0.00758368311707079,339,44,0.0281823086307897,346,51,"14"
"LH82",0.108219302644372,673,323,350,0.0500601297756421,0.0282783715584072,653,303,0.100773020728145,672,322,"14"
"LH93",0.046626363574957,416,137,279,0.0671185639714379,0.0127987478496727,409,130,0.0476211927439361,421,142,"14"
"LIBC 4",0.0361468171375748,336,83,253,0.069796012753697,0.0100954540380939,343,90,0.0375517100654189,349,96,"14"
"LP1 NR HT",0.101114113850151,336,310,26,0.109958851807963,0.0273128713088276,321,295,0.0985474010657152,342,316,"14"
"LP5",0.116131528053656,696,336,360,0.0408847495251223,0.0297061703939978,672,312,0.110812459544217,695,335,"14"
"M14",0.0836557084545236,477,273,204,0.0760872700143555,0.0269108120294824,497,293,0.0837784846052018,482,278,"14"
"MBPM",0.0984036643323762,483,305,178,0.0790200873415278,0.0319818141609154,503,325,0.100769301618869,499,321,"14"
"MBWZ",0.0681083731961042,233,224,9,0.120609424140343,0.0172133662519163,193,184,0.0640634051706156,210,201,"14"
"MM501D",0.0231536511139946,117,35,82,0.094866893886611,0.00729812887161115,123,41,0.021201857400099,110,28,"14"
"Mo17",0.0508077805279772,379,151,228,0.0731409548552519,0.0169008944600863,407,179,0.0628025002959824,418,190,"14"
"Mo1W",0.0493265085765132,249,146,103,0.0920043754694004,0.0156337758250235,270,167,0.0581597723269586,278,175,"14"
"Mo46",0.110755677806537,438,334,104,0.09117129341034,0.0351444306395922,444,340,0.099186414367387,422,318,"14"
"Mo47",0.0529068756286718,459,158,301,0.0629189595089178,0.0166938954408292,476,175,0.062036192566206,487,186,"14"
"Mo5",0.120854594040204,354,343,11,0.118367161360439,0.0413141685116245,368,357,0.122777135109385,356,345,"14"
"MQ305",0.0705834151714771,586,231,355,0.047293153165315,0.0211499375306172,594,239,0.0637587977462114,555,200,"14"
"MS116",0.130482955693705,606,352,254,0.0696266589377054,0.0410202299630527,610,356,0.152573541184625,615,361,"14"
"MS132",0.0417376126417934,297,117,180,0.0789716052348345,0.0111126930320319,286,106,0.0413251468672938,292,112,"14"
"MS200",0.00777201429531097,248,3,245,0.0717963187389022,0.00230155028454935,248,3,0.00857514143154126,249,4,"14"
"MS211",0.0610815573248971,535,193,342,0.0531348463419285,0.0179556294377006,536,194,0.0516430195712305,501,159,"14"
"MS221",0.0231004864195396,175,33,142,0.0839276568115164,0.00625850155623638,172,30,0.0233139045632984,174,32,"14"
"MS224",0.0710749244895339,455,237,218,0.0744506253124798,0.017537378882572,405,187,0.0587498287513612,394,176,"14"
"MS225",0.096544598819303,464,299,165,0.0805409296021617,0.0261631042802842,447,282,0.0902882169984282,458,293,"14"
"MS226",0.0844266635424054,341,276,65,0.099491376874322,0.0237923019604054,333,268,0.0767240217268445,320,255,"14"
"MS24A",0.0559023835601473,521,174,347,0.051205185462589,0.0147719734730829,507,160,0.0551111312076449,516,169,"14"
"MS67",0.0328138019260488,213,74,139,0.0845342006921718,0.0103256876112697,236,97,0.0384563841695021,242,103,"14"
"MS71",0.0838839916257859,569,275,294,0.064507231842486,0.0263189359491446,579,285,0.0872161239669189,577,283,"14"
"MS72",0.0274322478014667,226,51,175,0.0793424284401368,0.00761039318634928,220,45,0.0283874070215049,228,53,"14"
"N192",0.0866679372382428,621,280,341,0.053495791702262,0.0262452973508397,624,283,0.096817200859114,651,310,"14"
"N193",0.0772164377022654,623,258,365,0.0275834214361645,0.0207349409167181,600,235,0.0762650733381368,618,253,"14"
"N200",0.0629286110340909,235,202,33,0.10612856082191,0.0190548136280516,241,208,0.0708291122508795,262,229,"14"
"N201",0.0248471412319429,252,42,210,0.0752793349880948,0.00775310984091,258,48,0.0288153693379721,265,55,"14"
"N209",0.0159729157809703,54,19,35,0.105554829842837,0.00434494300551775,52,17,0.0161879855838495,54,19,"14"
"N211",0.126945866302799,359,349,10,0.118961960268688,0.0377312947159844,360,350,0.140576043882846,367,357,"14"
"N217",0.0613845468623318,429,197,232,0.0727968812413228,0.0183236137751296,432,200,0.0681165832007607,451,219,"14"
"N218",0.081192528521917,498,267,231,0.0728555076448094,0.0239656665177002,500,269,0.0890968261634627,519,288,"14"
"N28Ht",0.063141325967401,259,204,55,0.101756006901695,0.0159142823838745,224,169,0.0538875372861979,217,162,"14"
"N501",0.0686467405779242,325,226,99,0.0925055519869025,0.02279781772363,356,257,0.0847034987999023,379,280,"14"
"N523",0.0428800688641353,237,122,115,0.0884128946731002,0.0111152921729516,222,107,0.0414742407477191,229,114,"14"
"N527",0.132024865817535,454,354,100,0.0925022704187085,0.0312890531584309,421,321,0.112190185680968,436,336,"14"
"N534",0.048358266911015,182,143,39,0.104678565729998,0.0128324935863896,170,131,0.0478774630780909,183,144,"14"
"N542",0.0434240423224691,159,125,34,0.105682532721397,0.013310019414971,177,143,0.0403467029646592,143,109,"14"
"N6",0.109373554662128,352,329,23,0.110590061230722,0.0338501844833505,359,336,0.0965558726446367,332,309,"14"
"NC250",0.0718895635064415,485,239,246,0.0716528902046063,0.0213674578593553,489,243,0.0657945079244154,456,210,"14"
"NC262",0.0985204500680485,329,307,22,0.110611831057992,0.0267159818954677,311,289,0.0996652148723254,341,319,"14"
"NC294",0.0978840854773446,363,303,60,0.100715768981837,0.0294393652027282,370,310,0.0938787982761366,359,299,"14"
"NC310",0.117394635575923,505,337,168,0.0804467049229062,0.0294193736947391,477,309,0.0977905862720031,480,312,"14"
"NC326",0.0702768010328941,463,229,234,0.0723968056790459,0.023016757290606,493,259,0.0855181391856066,516,282,"14"
"NC328",0.106082157864131,565,317,248,0.0715755489433113,0.031671618970521,571,323,0.102860968959515,572,324,"14"
"NC342",0.0312840071361463,67,66,1,0.132297920973354,0.00982476756244151,85,84,0.0365118432704767,91,90,"14"
"NC412",0.0436374086466191,216,127,89,0.0935467229790883,0.0129949531497791,224,135,0.0471411885613387,227,138,"14"
"ND259",0.0823027475450959,454,269,185,0.0784323930844605,0.0267714079535835,475,290,0.0982043074335316,499,314,"14"
"ND265",0.0855401759344989,597,278,319,0.059838382313191,0.0252153714596062,597,278,0.0894956528794243,609,290,"14"
"NK740",0.0275948490244825,333,52,281,0.0668701013608761,0.00823286734741126,340,59,0.0306051293696407,345,64,"14"
"NK778",0.0256441125520657,189,46,143,0.0836411393852855,0.0080240499335854,196,53,0.023065183781331,173,30,"14"
"NK807",0.0232810351575392,351,36,315,0.0607175232547562,0.00724212962725002,355,40,0.0269208738098701,361,46,"14"
"NKS8326",0.0745838786976062,271,246,25,0.110045930940527,0.0198923516509892,246,221,0.0666235766544866,238,213,"14"
"NORTH 7",0.090337769286401,609,286,323,0.0587361316741993,0.028617174812433,627,304,0.106340531211411,652,329,"14"
"NQ508",0.0494761319044618,290,149,141,0.0839612852499675,0.0130981298087759,278,137,0.0488609217459604,292,151,"14"
"NS501",0.0549601944339791,470,166,304,0.0625328961973981,0.0188371654394058,510,206,0.0699937801713141,531,227,"14"
"NS701",0.0574910722691144,367,181,186,0.0782697608717075,0.0185540460468572,388,202,0.0689394705682121,408,222,"14"
"NY6371",0.0869756151784907,288,281,7,0.121957142355935,0.0204411539032366,237,230,0.0710858885228699,238,231,"14"
"Ny821",0.0607430929840211,393,190,203,0.0765378481442932,0.0135968107645445,352,149,0.046691453180899,337,134,"14"
"OH33",0.0748879757671599,253,249,4,0.126447887067378,0.0232822813316405,266,262,0.0649725413993548,210,206,"14"
"Oh40B",0.0643974431590391,364,212,152,0.0824960809317267,0.019855650913181,370,218,0.0575950529702613,325,173,"14"
"Oh43",0.0489113297134562,403,144,259,0.0692360741565237,0.0122075757802956,382,123,0.0443086847881158,385,126,"14"
"Oh7",0.0606400410480205,239,189,50,0.102309037411948,0.0175560902915475,238,188,0.0652775153572914,257,207,"14"
"OQ403",0.0709526511452532,516,234,282,0.0667473472484868,0.0197164410958982,495,213,0.0735507705014159,522,240,"14"
"OQ603",0.0595015975492718,484,184,300,0.0630604650203365,0.0186851501078879,504,204,0.0694969304427523,526,226,"14"
"Os420",0.0394455854366178,451,102,349,0.0501089411200817,0.0104646586721842,449,100,0.0361293814433133,438,89,"14"
"OS602",0.0431347123855554,259,124,135,0.0850382844421153,0.0133070939881826,277,142,0.0476945689199396,278,143,"14"
"Pa392",0.102284630567625,644,313,331,0.0565265666116383,0.0274706168888408,628,297,0.0956066214634668,636,305,"14"
"Pa405",0.0179865747832311,342,24,318,0.0599583096702947,0.00495217703427369,340,22,0.0184247745170886,340,22,"14"
"Pa875",0.122563857956118,396,344,52,0.101824636852439,0.0380578253316985,404,352,0.109075254597232,385,333,"14"
"Pa880",0.0625669520255489,305,200,105,0.0909233731441201,0.020034315356771,331,226,0.0744419070870625,352,247,"14"
"Pa91",0.0368203610605086,128,88,40,0.104595968268023,0.0118285253582756,155,115,0.0439508546016991,163,123,"14"
"PH207",0.0361831978794759,300,84,216,0.0749090230940014,0.0101740123450232,308,92,0.0368637362736488,308,92,"14"
"PHB09",0.0425916946792833,447,120,327,0.0576223026144395,0.0110450977007555,432,105,0.0386010372652821,431,104,"14"
"PHB47",0.0389642136791876,275,99,176,0.0793133167234938,0.0118339254253127,292,116,0.0440833765424958,300,124,"14"
"PHBA6",0.0464984854251925,444,136,308,0.0614096735179614,0.0129590933242809,442,134,0.0482049569792741,456,148,"14"
"PHBB3",0.052710550325133,233,157,76,0.0959521765584882,0.0140330908953018,229,153,0.0487365020411303,225,149,"14"
"PHEG9",0.013647202002912,215,16,199,0.0772611335270395,0.00438857461009566,218,19,0.0140966619610702,215,16,"14"
"PHG29",0.145590683286323,454,359,95,0.0929479589698385,0.0449848225536375,456,361,0.146010593698352,454,359,"14"
"PHG47",0.05954765814896,536,185,351,0.04978087972126,0.0178796295901205,542,191,0.0549793156077972,519,168,"14"
"PHG71",0.0292361275884604,278,57,221,0.0738770293396064,0.00908978300685008,291,70,0.0337916258768399,298,77,"14"
"PHG80",0.029482628190012,367,58,309,0.0613941886122944,0.00927011033670278,381,72,0.0326238210277707,383,74,"14"
"PHG83",0.0609643661038601,504,191,313,0.0607892921865202,0.018640082717468,516,203,0.0633478596237995,511,198,"14"
"PHG86",0.101958381125938,473,312,161,0.0814368883835883,0.0267860391352377,452,291,0.095071601187372,463,302,"14"
"PHH93",0.0893024215405867,541,284,257,0.0692521720601563,0.0254387284034601,536,279,0.0809294165386242,523,266,"14"
"PHHH9",0.00783843156206928,83,4,79,0.0954116290498832,0.00252155933435276,84,5,0.00936922197893108,84,5,"14"
"PHHV4",0.0399971211955134,312,107,205,0.075888103702777,0.00935268336325816,280,75,0.0327001556341853,280,75,"14"
"PHJ70",0.0654603436655368,490,215,275,0.0673282805092015,0.0186965105763051,480,205,0.0548961167416709,442,167,"14"
"PHJ89",0.00278733330479511,341,1,340,0.0535782290304643,0.000842598863925749,341,1,0.00310861162376291,341,1,"14"
"PHJ90",0.10833285875197,526,324,202,0.0767157851462075,0.0336262188632344,537,335,0.108693829023394,534,332,"14"
"PHJR5",0.0655167289952868,515,216,299,0.0631601763000077,0.0184760225530094,500,201,0.0636948530854197,498,199,"14"
"PHK35",0.122967316897891,678,345,333,0.0563754329311657,0.030818438212334,651,318,0.107589242602832,663,330,"14"
"PHK42",0.0627618466989042,481,201,280,0.0668955262098577,0.0213376729665309,522,242,0.0792787222677816,541,261,"14"
"PHK56",0.0508510299173413,180,152,28,0.107627912114591,0.0135470855594776,176,148,0.0474208732692134,167,139,"14"
"PHK74",0.0100041033273695,304,7,297,0.0640746937420373,0.00329377355932318,308,11,0.0103579936473784,304,7,"14"
"PHKE6",0.0415578628338203,354,114,240,0.072046391882215,0.0119783021575403,359,119,0.0419996375323586,356,116,"14"
"PHM10",0.0395614565041493,170,103,67,0.0981962112947002,0.0101635639636181,158,91,0.0379211275911828,166,99,"14"
"PHN11",0.029879091160345,281,59,222,0.0738400580880741,0.0102020314802597,315,93,0.0379051040380335,320,98,"14"
"PHN29",0.0810346386270422,338,266,72,0.0965271891944722,0.0218177334542273,319,247,0.0648945194219098,277,205,"14"
"PHN66",0.010214229821346,299,8,291,0.0653224319118907,0.00311014199272819,299,8,0.0105401291376458,299,8,"14"
"PHN82",0.0712953029758941,405,238,167,0.0804628270578102,0.0200263118411101,392,225,0.0744854769325305,415,248,"14"
"PHP02",0.0284577843886516,98,54,44,0.103138886472031,0.00795207669504988,96,52,0.0296424501227766,103,59,"14"
"PHP55",0.0338385926611608,314,77,237,0.0722601397353588,0.00992831220668365,324,87,0.0369361544047659,330,93,"14"
"PHP76",0.0709479593164719,366,233,133,0.085222543737787,0.0179035396246625,326,193,0.0628424274928895,324,191,"14"
"PHP85",0.0285308438678111,226,55,171,0.0799917145187908,0.00923235548782476,242,71,0.0269436322602784,218,47,"14"
"PHPR5",0.0467475736664541,202,138,64,0.0995674141069198,0.0125496449174009,191,127,0.0467090132024772,199,135,"14"
"PHR03",0.0373819679823482,278,90,188,0.0780648457949984,0.00960423757359945,268,80,0.0358348028709079,273,85,"14"
"PHR30",0.108757293298859,505,328,177,0.0790840894771268,0.0299866947850213,490,313,0.102921559631865,502,325,"14"
"PHR31",0.0318734762703063,200,68,132,0.0852362015203612,0.00868136657643168,200,68,0.0323076226050476,204,72,"14"
"PHR36",0.0881978441025905,295,282,13,0.116422039883594,0.0275478450213031,311,298,0.0790554251128296,273,260,"14"
"PHR47",0.070597473503863,376,232,144,0.0835792500226647,0.0197427389229836,360,216,0.0633190405957196,341,197,"14"
"PHR63",0.0736845675493999,495,244,251,0.0699504056499967,0.0205444633668016,484,233,0.0603439174434498,430,179,"14"
"PHT10",0.128725540615891,520,351,169,0.0802002502389677,0.0366796222103909,514,345,0.112845530633767,506,337,"14"
"PHT47",0.0480398663906001,233,141,92,0.0933407414866015,0.0123872901006671,216,124,0.0462204582061535,224,132,"14"
"PHT55",0.0685466308895162,355,225,130,0.0854507867079425,0.0220062971628498,381,251,0.0818848544771633,400,270,"14"
"PHTM9",0.0753534428414213,515,252,263,0.0687752466420668,0.019740115772945,478,215,0.0712705174482203,496,233,"14"
"PHV37",0.0327575472694598,235,73,162,0.0812527553155998,0.00858768783104458,228,66,0.032030606988134,232,70,"14"
"PHV57",0.0536592314494542,290,161,129,0.0858031712102795,0.0138265300027427,281,152,0.0515905683472736,287,158,"14"
"PHV63",0.1077381276074,346,322,24,0.110132111450939,0.02919247926055,330,306,0.0945946872021984,325,301,"14"
"PHVA9",0.0378516018673998,361,92,269,0.0677839119815615,0.0102539160161731,363,94,0.0381972824558966,369,100,"14"
"PHVJ4",0.0669979239959141,422,221,201,0.0769211035580791,0.0180993231498847,396,195,0.0674119950333749,417,216,"14"
"PHW03",0.0375517143826424,274,91,183,0.0786915187924142,0.0103027998429185,278,95,0.0383347454670226,284,101,"14"
"PHW17",0.0403437268843793,333,108,225,0.0734715635757391,0.0129130237780471,357,132,0.0479812757536608,370,145,"14"
"PHW20",0.0704080218219371,466,230,236,0.0723166183913681,0.0218945328507458,484,248,0.0813905884103043,503,267,"14"
"PHW30",0.0325454815358578,272,72,200,0.0772588239001235,0.0088386318493944,269,69,0.0317507071990598,269,69,"14"
"PHW43",0.0693735691539083,265,228,37,0.105077637529045,0.0234455183198073,301,264,0.0736085286343701,278,241,"14"
"PHW52",0.0225621120337701,134,32,102,0.0920229359872395,0.00589586685885565,130,28,0.021998636041461,131,29,"14"
"PHW53",0.0943861879260765,344,295,49,0.102479290654082,0.0300715812087964,363,314,0.089783780059209,341,292,"14"
"PHW80",0.0913096827950408,496,289,207,0.0758244811398693,0.0243591526394631,479,272,0.0907807623237675,501,294,"14"
"PHWG5",0.0159720761353096,124,18,106,0.0908880784455138,0.0043449880098223,124,18,0.0161704379445196,124,18,"14"
"PHZ51",0.0243710067947392,123,40,83,0.0943596801236338,0.00671168238558573,118,35,0.025013031704471,124,41,"14"
"Q381",0.0638039429395448,396,209,187,0.0781364944069638,0.0202032467649026,414,227,0.0753373062490733,437,250,"14"
"R168",0.0550838222732479,434,167,267,0.0678281495970666,0.0169550176003519,449,182,0.0631364066338223,462,195,"14"
"R177",0.00961418340563082,160,6,154,0.0824073030966368,0.00319268428495289,163,9,0.0118870744542041,164,10,"14"
"R181B",0.069232306246785,386,227,159,0.0816116545238758,0.0219654045623031,409,250,0.062437832312221,346,187,"14"
"R226",0.091995488531944,344,290,54,0.101764762325998,0.0280692363140698,355,301,0.0877145340298739,338,284,"14"
"R229",0.0454895459897284,422,134,288,0.0658544937025235,0.0126250501860048,416,128,0.0470624175096284,424,136,"14"
"R71",0.0569162065286012,248,177,71,0.0967523017157582,0.0167823296073378,247,176,0.0625788535458547,259,188,"14"
"R78",0.0569007157563503,307,176,131,0.085433488630138,0.01733179246512,316,185,0.0581103288290695,305,174,"14"
"SD101",0.0444827918944123,250,132,118,0.0876503130297007,0.0109543816581777,222,104,0.0359928707464783,204,86,"14"
"SD102",0.0281943075183482,331,53,278,0.0672130498846731,0.0076927376874738,325,47,0.028627031812092,332,54,"14"
"SD107",0.0920763591747992,547,291,256,0.069269902736022,0.0281874497190166,558,302,0.080524035163184,520,264,"14"
"SD40",0.0648075133373181,377,214,163,0.081048136564818,0.0181623206081683,359,196,0.0611298681051981,346,183,"14"
"SD44",0.096302858625753,491,298,193,0.077759243354239,0.0292600788362885,500,307,0.104493364591996,520,327,"14"
"SG 30A",0.0362275943976632,204,85,119,0.0875992973521741,0.0119310587186586,237,118,0.0443292001990689,246,127,"14"
"T242",0.0546173520426752,382,163,219,0.0743180294816331,0.0182459784097435,417,198,0.0677913740780743,437,218,"14"
"Tr",0.0543751893343527,486,162,324,0.0584578225656338,0.0169057333754915,504,180,0.062847757004216,516,192,"14"
"TZU-CHIAO-HSI-WU 105",0.118888066775796,435,338,97,0.0927668699069323,0.0319724341056991,421,324,0.115005928607291,438,341,"14"
"Va26",0.0133538238743245,269,14,255,0.069569276075094,0.00332876672237573,267,12,0.0122406403025571,267,12,"14"
"Va35",0.0397264658371249,225,104,121,0.087248939684364,0.00944670856870883,198,77,0.0336791619624252,197,76,"14"
"Va52",0.080063629574029,506,262,244,0.0718545908806797,0.0236189490354396,509,265,0.0693083359416384,469,225,"14"
"Va99",0.18644111970398,385,365,20,0.111105742713534,0.056719068868807,385,365,0.158091320522437,382,362,"14"
"W182E",0.125880834085749,670,348,322,0.0588288689589888,0.0434403317064135,680,358,0.161410840061354,686,364,"14"
"W22",0.0308015270417302,166,65,101,0.0924060490313834,0.00692159208557614,138,37,0.0241616565021504,137,36,"14"
"W23",0.0832675586256299,520,271,249,0.0712831046235307,0.0202963864816825,477,228,0.0668051521600243,463,214,"14"
"W24",0.0416776101632102,194,116,78,0.0954134384708962,0.0124082548346647,203,125,0.035584381120139,161,83,"14"
"W32",0.0119461080486976,121,11,110,0.0895404489459418,0.003232863017715,120,10,0.0120422814798312,121,11,"14"
"W37A",0.102293399120385,579,314,265,0.0680903975399332,0.0279341412500137,565,300,0.0962470090619013,572,307,"14"
"W552",0.107057036675543,637,321,316,0.0607011527030107,0.0276756828645722,615,299,0.0969665186089809,627,311,"14"
"W603S",0.0271140661437008,385,50,335,0.0561256383640902,0.00818928920010897,392,57,0.0305076118870389,398,63,"14"
"W604S",0.0382702994750544,388,95,293,0.0648668285413392,0.00968371277332203,375,82,0.0309747284158731,359,66,"14"
"W605S",0.0429973862183104,240,123,117,0.0880838151077833,0.0117675241549016,231,114,0.0351961790172691,199,82,"14"
"W607S",0.0389788420149461,196,100,96,0.0929352568727543,0.0103795665740821,194,98,0.0369865110992261,190,94,"14"
"W610S",0.0603715165809524,385,188,197,0.0776024178904015,0.0189696706206387,404,207,0.0706501449836877,425,228,"14"
"W611S",0.131762038514228,411,353,58,0.101078456383073,0.0393677682054157,412,354,0.146345760140009,418,360,"14"
"W612S",0.104542524735527,439,315,124,0.0868272203064868,0.0326386561180669,451,327,0.105751676101531,452,328,"14"
"W614S",0.0384397804248852,191,97,94,0.0929648346840073,0.00987201818842648,179,85,0.0367924710014277,185,91,"14"
"W64A",0.052272498603016,348,156,192,0.077887844271122,0.0135466931500165,339,147,0.0505466455621209,348,156,"14"
"W701BC",0.0381544431260597,205,94,111,0.0892138225730676,0.00854008445758697,174,63,0.0293869310005643,169,58,"14"
"W803G",0.109881273479599,347,331,16,0.115418549475386,0.0345108620356449,354,338,0.128252794912091,365,349,"14"
"W809G",0.0709795551005178,278,235,43,0.10327885171392,0.02249761333143,297,254,0.0828717533246822,318,275,"14"
"W810G",0.143193388371278,361,358,3,0.127347428893673,0.0392046955838237,356,353,0.127043194021415,351,348,"14"
"W811G",0.0135682693651779,162,15,147,0.0832245796936598,0.00360063668519172,161,14,0.0134338132854779,161,14,"14"
"W813G",0.035036254011421,402,82,320,0.0596921675722948,0.0109454227776652,423,103,0.0406797989687794,430,110,"14"
"W8304",0.0516799451932684,426,155,271,0.0677652129494987,0.0131804491038514,411,140,0.0481035839038065,418,147,"14"
"W9",0.0612696028687239,529,195,334,0.0562279083833115,0.0165795669514592,508,174,0.0616783827943909,519,185,"14"
"WIL900",0.0556482572334688,440,168,272,0.0676078416697488,0.0176950672625685,461,189,0.0657525022467033,481,209,"14"
"WU-TAN-TZAO",0.0602044409494564,324,187,137,0.0846874304866881,0.0192424791709444,348,211,0.0642441326679927,340,203,"14"
"YE 4",0.106699297006254,365,319,46,0.103029036213683,0.0334792519821286,380,334,0.0980948397675952,359,313,"14"
"YING-55",0.0763772026637378,561,254,307,0.0619717376308453,0.0244752895260345,580,273,0.0691418599821692,530,223,"14"
"Yu796 NS",0.118965067731717,597,339,258,0.069238011066529,0.0365730932029993,602,344,0.102610377015401,581,323,"14"
"ZS365",0.0678310159289515,381,223,158,0.0818457980455332,0.0211956117397998,398,240,0.0787762891200495,417,259,"14"
"ZS635",0.0557723606739242,442,172,270,0.0677724342268365,0.0173410293037058,456,186,0.0644649352495256,474,204,"14"
"1538",0.0294175655394242,207,75,132,0.0749452954062592,0.0104444009088618,216,84,0.0343959077153534,217,85,"15"
"29MIBZ2",0.0134313127940036,316,15,301,0.0543411611583193,0.00454292605008008,316,15,0.0158362925901307,319,18,"15"
"2FACC",0.0783865876239056,524,306,218,0.0650518617941853,0.0239575156744572,515,297,0.083159402563217,533,315,"15"
"2MA22",0.064055928501554,544,265,279,0.0572558555710951,0.0231542048013214,571,292,0.0757812191538704,569,290,"15"
"3IJI1",0.0549287499411851,409,223,186,0.0688047902624455,0.0162519763694245,373,187,0.0567218089517977,391,205,"15"
"4226",0.0861880228757182,687,331,356,0.0419230248575832,0.0254260236853063,670,314,0.0880858635638053,683,327,"15"
"4N506",0.0523353235678912,314,203,111,0.07751826639222,0.019894897620768,359,248,0.0622296173800669,348,237,"15"
"6M502",0.0481857550864803,361,177,184,0.0689127029103393,0.0143939927660483,341,157,0.0494126754097779,350,166,"15"
"6M502A",0.0491608019341092,326,184,142,0.0736140319919792,0.0159349684845203,324,182,0.0547352355074911,334,192,"15"
"764",0.0597046382880451,482,248,234,0.0624018643230232,0.0167142724790256,431,197,0.058369668710397,447,213,"15"
"78010",0.0432238069468287,321,150,171,0.069815436394321,0.0153385162278993,343,172,0.0475112330421809,329,158,"15"
"793",0.038835142263721,485,125,360,0.0377250980998879,0.015392116560487,533,173,0.0468203249886923,514,154,"15"
"87916W",0.0142623844930621,66,17,49,0.0877939387887094,0.00464574913882875,65,16,0.0155564138558973,65,16,"15"
"911",0.0399003719914937,475,131,344,0.0468489999670874,0.0148548491831763,509,165,0.0447120926237175,491,147,"15"
"912",0.0312293376613332,277,86,191,0.0681258897281529,0.011247929124471,293,102,0.0340458297634844,273,82,"15"
"91IFC2",0.0113101904654265,248,12,236,0.0623246999491703,0.00420437366387777,248,12,0.0146150619305465,250,14,"15"
"A",0.0688535789086741,293,280,13,0.0984163873313425,0.0198235653710092,260,247,0.0685369814798569,274,261,"15"
"A208",0.0173576783511513,239,24,215,0.0655538634836261,0.00697143337636907,248,33,0.0212594686750722,243,28,"15"
"A239",0.0455424740137683,391,165,226,0.0633057180157955,0.0136738028780245,371,145,0.043386197573128,368,142,"15"
"A272",0.0394258205472905,199,127,72,0.0837070821593636,0.0141917223841802,225,153,0.042803218313919,207,135,"15"
"A305",0.0521593796287562,551,202,349,0.0458757019031855,0.0176850682740106,566,217,0.0544007677436907,538,189,"15"
"A322",0.0318606781796434,306,89,217,0.0653728968601143,0.0115633375123677,327,110,0.0347581924218022,306,89,"15"
"A334",0.0458568331545363,528,166,362,0.0360774441058744,0.0169243079249646,564,202,0.0529760317090177,546,184,"15"
"A340",0.0296395696421131,243,77,166,0.0700703518640147,0.0105244504812597,252,86,0.0346580614502382,253,87,"15"
"A374",0.0871255435834072,587,334,253,0.0608416500344755,0.0244072737916488,554,301,0.0794915626128551,558,305,"15"
"A385",0.0285705478685351,346,68,278,0.0574893253017465,0.0102825517661405,358,80,0.0310304996055098,344,66,"15"
"A401",0.0499500372366091,192,189,3,0.113851961127974,0.0167945374021487,202,199,0.0584906701055108,217,214,"15"
"A427",0.0318469883152017,208,88,120,0.0762878079255422,0.0102497854502247,199,79,0.0357826680647651,216,96,"15"
"A548",0.0265148663886673,416,57,359,0.0389090038221543,0.00886951981328116,419,60,0.0300398538790076,421,62,"15"
"A572",0.123208453966491,722,358,364,0.032252794500605,0.0385718124972701,720,356,0.134114404607846,724,360,"15"
"A619",0.127541196429393,619,360,259,0.05983382527802,0.0459922278672014,625,366,0.139446376177849,624,365,"15"
"A627",0.0132102185833448,299,14,285,0.0568572250617598,0.00496263084441245,303,18,0.0154103568208954,300,15,"15"
"A632",0.0831237919677281,366,316,50,0.086987039593781,0.0221477559591485,327,277,0.0731994493699126,332,282,"15"
"A635",0.0759468944246769,587,304,283,0.0569433826057434,0.0275027082422008,611,328,0.082693482468078,596,313,"15"
"A641",0.0191096286736773,299,30,269,0.0583855187412889,0.00752956419385005,308,39,0.0231993081373888,304,35,"15"
"A648",0.0591318722521668,366,243,123,0.0761273335733823,0.0164188349311354,313,190,0.0562096415566299,327,204,"15"
"A663",0.0542768880736581,361,218,143,0.073496054333986,0.0159636155943934,326,183,0.0522313855440607,324,181,"15"
"A672",0.0585336941239118,486,240,246,0.061675807787649,0.0204672772337543,504,258,0.0714658702391072,522,276,"15"
"A674",0.0594054385036776,599,246,353,0.0437678138314042,0.0200066491797542,605,252,0.0696976981119237,620,267,"15"
"A679",0.0677048209514281,528,277,251,0.0608931661270473,0.0226732999952746,534,283,0.071340368918866,525,274,"15"
"A680",0.0307506038701594,352,81,271,0.058115930643994,0.0112233536766919,371,100,0.033729148883483,351,80,"15"
"A682",0.0440155729217709,220,154,66,0.0844020837789993,0.0122523840763687,189,123,0.0404718247878204,190,124,"15"
"A71",0.0214378520582178,390,35,355,0.0428754171937389,0.00781381804335524,397,42,0.0270990923836269,403,48,"15"
"A73",0.0247017806549909,255,53,202,0.0669463848978132,0.00805803990615267,250,48,0.0281333860378538,252,50,"15"
"A797NW",0.0963584913626552,662,343,319,0.0512762788465806,0.0327233920554346,665,346,0.114123632297806,670,351,"15"
"AQA3",0.0718154494784499,640,293,347,0.0462262314726287,0.0223536942723283,628,281,0.0762447775666364,638,291,"15"
"AS6103",0.0532306465287956,326,209,117,0.0765613223825163,0.0168617712138887,317,200,0.058219739302375,329,212,"15"
"AusTRCF 306238",0.0272821651165882,136,61,75,0.082779199059453,0.00788915889163707,119,44,0.0269378811351532,122,47,"15"
"B-18 INBR.FR.SUPERGOLD",0.0836655182713089,618,320,298,0.0549266667899373,0.0247606603928375,604,306,0.0792669919243257,602,304,"15"
"B-28",0.053836217755644,464,216,248,0.0611788536751936,0.0197779730910367,494,246,0.068661995585834,511,263,"15"
"B103",0.0416279597358735,443,144,299,0.0548280953742358,0.0107360358312349,389,90,0.0372908052237768,408,109,"15"
"B104",0.0817009991315745,493,312,181,0.0691347019944072,0.0216965603237694,455,274,0.0746887014113142,468,287,"15"
"B105",0.0236938278480223,132,48,84,0.0811109770699577,0.00804724130999181,131,47,0.0273127238017572,133,49,"15"
"B108",0.0714666212503543,491,291,200,0.067120482435847,0.0213705114198043,471,271,0.0694596969015352,466,266,"15"
"B109",0.0533732162295412,296,211,85,0.0809962037647503,0.0184885216201928,313,228,0.064549096907074,328,243,"15"
"B110",0.0595520628982951,455,247,208,0.0663100237413201,0.0195462781992064,452,244,0.0649193680046621,453,245,"15"
"B111",0.0367664446596397,442,114,328,0.0498559962843405,0.00978322776422018,398,70,0.0325157417675362,401,73,"15"
"B115",0.0423074702953496,156,147,9,0.101794093921698,0.0128973020958781,144,135,0.0429666091992861,147,138,"15"
"B119",0.0241403299927784,153,52,101,0.079405844521517,0.00868975028781483,159,58,0.0300793105213266,164,63,"15"
"B120",0.0523391629463474,541,204,337,0.0476996654298667,0.0172324763184563,547,210,0.0570052013328175,544,207,"15"
"B121",0.0287463058993737,243,69,174,0.0695394265789925,0.00825311819350022,224,50,0.0284547245368046,226,52,"15"
"B14A",0.083337885639537,412,318,94,0.0800818928692775,0.0222577064288837,374,280,0.0777870314225773,392,298,"15"
"B164",0.0355984753917675,244,107,137,0.0744486833453572,0.0118135417487119,253,116,0.0409760636859203,262,125,"15"
"B2",0.0414331953555799,219,142,77,0.0823120502672145,0.0121576526638105,199,122,0.0410585782389728,203,126,"15"
"B37",0.0334054788619788,126,98,28,0.0920205201518053,0.0110777556496762,124,96,0.0384087543413284,146,118,"15"
"B47",0.0698895597251047,331,283,48,0.0880022781927552,0.0239753580025096,346,298,0.0831281975999078,362,314,"15"
"B57",0.0219233233545268,84,37,47,0.0880787995687229,0.00794577604285019,92,45,0.0238878867047899,84,37,"15"
"B66",0.0330097055181295,340,96,244,0.0619193246663472,0.0118362464366015,361,117,0.0355661187709391,337,93,"15"
"B68",0.0187500932770865,58,28,30,0.091266695812416,0.00672656033866256,60,30,0.0210639817741421,57,27,"15"
"B73",0.0230170302286131,300,42,258,0.0600579751061139,0.00788002824075002,301,43,0.0250990881802688,299,41,"15"
"B75",0.0250143561528001,114,54,60,0.0851521343901747,0.00933640905006275,125,65,0.0291292308234254,116,56,"15"
"B76",0.0593545909429719,577,244,333,0.0491709752361323,0.0203183393009131,590,257,0.062081491108944,568,235,"15"
"B77",0.041494030441178,177,143,34,0.0910400769593045,0.0119787376846459,152,118,0.0382018202734653,148,114,"15"
"B79",0.0619760005346983,279,256,23,0.0941424416777532,0.0192711964055042,264,241,0.0666366765252914,277,254,"15"
"B87",0.0915221914200655,586,336,250,0.0609696232589425,0.0313452265495576,591,341,0.109389296846838,596,346,"15"
"B88",0.0399458029909314,185,133,52,0.0868211777685861,0.0137126503314555,198,146,0.0443273437548194,196,144,"15"
"B91",0.0536580435902185,548,214,334,0.0489790033524327,0.0138087341545601,481,147,0.0477193325377491,493,159,"15"
"B97",0.033108368071683,132,97,35,0.0905771523172935,0.0116698716977097,147,112,0.040220000868634,157,122,"15"
"BEI 10 = NORTH 10",0.0844679788412231,613,323,290,0.0557700738298572,0.0274272320023777,616,326,0.0877669445483992,613,323,"15"
"BO9",0.139278292939936,460,364,96,0.0798333500311795,0.0430148320825003,459,363,0.136919909348217,460,364,"15"
"CA-4",0.105073892252165,408,346,62,0.0850217484260978,0.0395492050730903,420,358,0.126775218811133,418,356,"15"
"CG102",0.0231583455212633,170,44,126,0.075643457396586,0.00704826777203684,160,34,0.0229709687839943,159,33,"15"
"CH701-30",0.0344676306118227,247,102,145,0.073008528202637,0.0117894696989132,259,114,0.0366080113470906,247,102,"15"
"CH711-10",0.0835509392150818,495,319,176,0.06945000473195,0.0228133859336056,462,286,0.0736569101424763,459,283,"15"
"CH753-4",0.0488424621694739,469,181,288,0.0558058554879008,0.0146311385029353,451,163,0.0488607009442074,452,164,"15"
"CH9",0.0693632606610185,431,281,150,0.0725001716681165,0.0226790032032793,434,284,0.0791883638185939,453,303,"15"
"CI 40H",0.0288161321325291,218,70,148,0.0727213306189345,0.0103924328764732,230,82,0.0359844287107645,246,98,"15"
"CM105",0.037261623674223,447,116,331,0.0493061898002219,0.0123041950320333,455,124,0.0422276513981438,464,133,"15"
"CQ702RC",0.0406451570958893,226,139,87,0.0807727206723671,0.0144666148798152,246,159,0.0499695463980115,255,168,"15"
"CR 22 INBRED",0.0807000392352171,635,310,325,0.050745689959733,0.0253569358238017,638,313,0.0790556059577629,627,302,"15"
"DE2",0.0470055559012318,233,172,61,0.0851352156354209,0.0161667741107107,246,185,0.0539297480524377,247,186,"15"
"DE3",0.0785973905880408,619,308,311,0.0522348279114013,0.0305720458015946,649,338,0.0926710730398949,644,333,"15"
"DE4",0.0567541286763392,464,231,233,0.0624121470669287,0.0206946359998083,496,263,0.0632995397659454,472,239,"15"
"DE811",0.0630032888334986,508,259,249,0.0611217922320348,0.0206295656843189,510,261,0.0713869840460229,524,275,"15"
"DJ7",0.0732151553229386,493,294,199,0.0672282760701602,0.0222439202528698,478,279,0.0713019339565315,472,273,"15"
"DK3IIH6",0.0836885539925259,578,321,257,0.0602158714398403,0.0259777635079074,577,320,0.0824441776220642,569,312,"15"
"DK4676A",0.0368402019883869,392,115,277,0.057612980727264,0.0104414929050251,360,83,0.0361916886576195,377,100,"15"
"DK78002A",0.0865414347396587,624,332,292,0.0556341652529328,0.025719422402319,609,317,0.087908614337838,617,325,"15"
"DK78010",0.0205030959938049,375,34,341,0.0472460047823517,0.00764414250515406,381,40,0.0230124673673895,375,34,"15"
"DK78371A",0.0191216449020433,60,31,29,0.0918311824673248,0.00590582841656873,51,22,0.0204666225715075,55,26,"15"
"DKFAPW",0.0580728810245991,589,238,351,0.0454697975232976,0.023039093783382,641,290,0.0729856566173347,631,280,"15"
"DKFBHJ",0.0497065144430062,276,187,89,0.0805011523205565,0.0150202176867025,257,168,0.052163725963367,269,180,"15"
"DKMBNA",0.0296387386048027,430,76,354,0.0433145653393066,0.0101174532434852,429,75,0.032642031826833,428,74,"15"
"DKPB80",0.0532304445544777,518,208,310,0.0525454900171117,0.0189823215731182,546,236,0.0662191463142839,560,250,"15"
"E8501",0.0555249528333309,514,227,287,0.0559246556517682,0.0166279436735836,483,196,0.0513799465503217,463,176,"15"
"EAST 028",0.0309681729825613,381,84,297,0.0551322708546335,0.00950460333255811,364,67,0.0327365385559419,372,75,"15"
"Eng-Li Chih",0.138820183606617,670,363,307,0.0531173415024837,0.0394913359003233,664,357,0.135838857856188,669,362,"15"
"F118",0.065252418203172,361,268,93,0.0801928412913148,0.0222077890877672,371,278,0.0669342050153066,350,257,"15"
"F2834T",0.0491888869401136,210,185,25,0.0938796847253218,0.0165252904973499,217,192,0.0548758641485595,218,193,"15"
"FBLA",0.0748816704478789,514,302,212,0.0657133577535497,0.0265624973851997,533,321,0.0845666308557418,529,317,"15"
"FR19",0.100112010835674,711,345,366,0.0246622685509569,0.0339660716806591,716,350,0.114065312367904,716,350,"15"
"H105W",0.0732744199226519,352,295,57,0.0858809520165838,0.0280766364701308,389,332,0.0878842687011593,381,324,"15"
"H110",0.0577652151360814,351,237,114,0.0769884560124756,0.0228390217542377,401,287,0.0722733180314324,392,278,"15"
"H113",0.0857728315809962,481,328,153,0.0722951306624983,0.027370450788372,478,325,0.0892083961572907,481,328,"15"
"H121",0.0700285016125625,376,284,92,0.0802410893575645,0.0206994336171075,356,264,0.0663869604143656,345,253,"15"
"H122w",0.01057610407444,172,10,162,0.0706772702375559,0.00370322892188769,172,10,0.0118308208615734,171,9,"15"
"H5",0.0215231270601437,205,36,169,0.0699025604328562,0.0073840631067604,205,36,0.0257714796473005,213,44,"15"
"H71",0.0799704312057851,380,309,71,0.0837946437742967,0.0245458731109908,373,302,0.078204976860691,370,299,"15"
"H84",0.0442613904390604,275,156,119,0.0763101013098473,0.0138387291911501,267,148,0.0471931162792255,276,157,"15"
"H91",0.0573811451895042,316,235,81,0.0818754017869683,0.0170009399457919,285,204,0.0557227225676404,281,200,"15"
"H95",0.105211012409319,364,347,17,0.0947991118112445,0.0266910042725346,339,322,0.0919106038447759,348,331,"15"
"H96",0.0748737427598882,327,300,27,0.0927124618569568,0.0256600996884203,343,316,0.0824118818621079,338,311,"15"
"H99",0.0708116806270162,623,288,335,0.0481327058906674,0.0254840991252082,650,315,0.0769550283435073,631,296,"15"
"HP301",0.052851809794079,303,205,98,0.0797138379634064,0.018022125593866,321,223,0.0613330217439728,328,230,"15"
"HUOBAI",0.0555303522916615,411,228,183,0.0689888512893735,0.0194935684717781,426,243,0.0680611685474643,441,258,"15"
"Hy",0.0144778197748461,25,18,7,0.102519253806242,0.00521038937941291,26,19,0.015728210536283,24,17,"15"
"I29",0.0841645599393324,651,322,329,0.0495901151278397,0.0258348284448993,647,318,0.0896298116822273,659,330,"15"
"Ia 453",0.0491148912803697,379,183,196,0.0673105116657664,0.0145786961362336,357,161,0.0509743144198697,370,174,"15"
"IA2132",0.0279981918699698,138,65,73,0.083115685406754,0.0102267494547617,151,78,0.0313141794343661,140,67,"15"
"IBB15",0.0520839835126772,404,199,205,0.0664805714706366,0.0172415749490091,416,211,0.0597068074339638,424,219,"15"
"IBC2",0.073372005095581,551,296,255,0.0604887588552285,0.0252300853542557,566,311,0.0880662051632661,581,326,"15"
"ICI 193",0.0230036286742739,257,41,216,0.0655364901081327,0.00706220595363805,251,35,0.0246904403355703,254,38,"15"
"ICI 740",0.0449060645154131,476,160,316,0.051745763191753,0.0128897171084006,450,134,0.0445069013273271,461,145,"15"
"ICI 893",0.0161073458843554,35,21,14,0.098377206379784,0.00643563036140759,41,27,0.0197782599910836,38,24,"15"
"ICI 986",0.0441897792419762,422,155,267,0.0587029369655428,0.0162065360395715,453,186,0.0499948142836166,436,169,"15"
"IDS28",0.0514167642125832,302,196,106,0.0782946373215243,0.0158276471300195,286,180,0.051362425416988,281,175,"15"
"IDS69",0.0444982498893685,260,157,103,0.0785067133353363,0.0140810738978129,255,152,0.0490853449257067,268,165,"15"
"IDS91",0.0103022882106298,14,8,6,0.10318689491259,0.00347197066184529,13,7,0.0120967333240415,16,10,"15"
"INB 101LFY/LFY (A632 X M16 S5)",0.0373270920960251,371,117,254,0.0607049820304543,0.0109444396786568,348,94,0.0352530223969884,344,90,"15"
"INBRED 141",0.0492523825451332,254,186,68,0.0842865543203414,0.0198970459575492,317,249,0.0610345205919174,296,228,"15"
"INBRED 2-687",0.0642019506635157,446,266,180,0.0691697829032435,0.0188594632895164,413,233,0.0652201572517264,426,246,"15"
"INBRED 305",0.0642818470311072,341,267,74,0.08286620962383,0.022893772961598,362,288,0.0716252630913886,351,277,"15"
"INBRED 321",0.0272979523021805,72,62,10,0.100771724018452,0.0096576194853682,79,69,0.0318461464897359,78,68,"15"
"K150",0.0509867893241056,334,194,140,0.0737711256280652,0.0166023018240496,335,195,0.0559513836640438,341,201,"15"
"K41",0.0661760171213324,288,272,16,0.095336846501063,0.0216222328429378,288,272,0.0749161313189464,304,288,"15"
"K47",0.0448383450833428,249,159,90,0.0803988914961887,0.0164476572288475,281,191,0.0504870923728517,261,171,"15"
"KUNG-70",0.0158105546010876,64,20,44,0.0885389084016901,0.00639605812779391,70,26,0.0195318147599331,67,23,"15"
"L 127",0.0737636805020043,598,298,300,0.0544303959598513,0.0220426689478908,575,275,0.0766291628295055,593,293,"15"
"L 139",0.0947862368897372,505,341,164,0.0704810288932495,0.0314052044737543,506,342,0.103952857882039,506,342,"15"
"L 289",0.0445112048708631,447,158,289,0.05578137429948,0.0130407132645256,427,138,0.0434329494044166,432,143,"15"
"LH1",0.00589977135141494,61,2,59,0.0853977254603468,0.00236472038235905,62,3,0.00751496158382321,61,2,"15"
"LH119",0.0401027455978159,500,135,365,0.0251916844435768,0.0155348649168884,540,175,0.04882150004522,528,163,"15"
"LH128",0.0221110596885415,298,38,260,0.0593670813177974,0.00822901539522548,309,49,0.025446111368681,302,42,"15"
"LH143 (Maintainer)",0.069764899326076,640,282,358,0.039434571606934,0.0199233156336864,609,251,0.0687172557454611,622,264,"15"
"LH146Ht",0.074881230044118,614,301,313,0.0520663703377852,0.0220896170093502,589,276,0.070685345558162,584,271,"15"
"LH149",0.0685992258379966,596,278,318,0.0513653296019746,0.0243259993703871,618,300,0.0764654747664463,610,292,"15"
"LH165",0.0237267387216851,210,49,161,0.0710004276521308,0.00889701738421309,222,61,0.0309524425230622,226,65,"15"
"LH166",0.0507341366668388,443,191,252,0.0608894238150505,0.013882537582445,402,150,0.0463458967434428,404,152,"15"
"LH181",0.0236000782341083,129,47,82,0.0815522565172285,0.00774307256060172,123,41,0.0268077278579137,128,46,"15"
"LH184",0.0546821300456777,544,220,324,0.0507739725791602,0.017931733607983,545,221,0.0602128228107766,547,223,"15"
"LH190",0.0071912929181923,205,4,201,0.0670694792389448,0.00254708966690534,205,4,0.00787571468737805,205,4,"15"
"LH192",0.0702514825301758,389,285,104,0.0784466623294827,0.0258449645404694,423,319,0.0776977485907548,401,297,"15"
"LH194",0.0706802472196545,433,287,146,0.072970007439965,0.0216430815366237,419,273,0.0684984374867838,406,260,"15"
"LH195",0.0561329400877829,449,229,220,0.0645776243717812,0.0191130040036116,459,239,0.0604878464906962,447,227,"15"
"LH197",0.036765021702285,356,113,243,0.0619272452323562,0.0130825530527496,382,139,0.0414859114672578,372,129,"15"
"LH198",0.0601670127993218,349,250,99,0.0795640582941227,0.0203023058016461,355,256,0.066726070932054,354,255,"15"
"LH202",0.108039700192573,623,348,275,0.057780208121968,0.0308740009542965,614,339,0.107869324123695,620,345,"15"
"LH204",0.0237359437499723,199,50,149,0.0726032450863902,0.00863022805772388,205,56,0.0281921546113113,200,51,"15"
"LH205",0.0190066388043832,142,29,113,0.0770616825145392,0.00566112228441737,134,21,0.0191079497148439,135,22,"15"
"LH206",0.0362160308325959,300,110,190,0.0682844521355715,0.0124808551621515,320,130,0.0383369752122521,307,117,"15"
"LH208",0.0461464226764209,298,168,130,0.0751666800645503,0.0135310843240624,272,142,0.0462441223859912,281,151,"15"
"LH209",0.0534758704969659,564,212,352,0.0437868060944383,0.0178661939839887,572,220,0.0621323283041075,588,236,"15"
"LH214",0.0608532602350487,294,252,42,0.0890129834590925,0.018879575645596,276,234,0.0655350036386001,290,248,"15"
"LH215",0.0394731991500524,321,128,193,0.0677447504608382,0.0123410464047432,319,126,0.0428068486085219,329,136,"15"
"LH222",0.0535313127271447,576,213,363,0.0323244015044157,0.0206043365213482,623,260,0.0646034055870832,607,244,"15"
"LH223",0.0266193334303066,326,58,268,0.0586809232100341,0.0105163645964134,353,85,0.0332702401802615,345,77,"15"
"LH224",0.0326745428661564,169,93,76,0.0823856980067597,0.0114925139851119,183,107,0.0366342787153952,179,103,"15"
"LH295",0.0322956077295641,437,91,346,0.0464107323680937,0.00962548971195171,414,68,0.0336021949044871,425,79,"15"
"LH60",0.0593943104955124,290,245,45,0.0885229650776277,0.0238326853337102,340,295,0.072665199287056,324,279,"15"
"LH74",0.0231505903438422,360,43,317,0.0515300383830451,0.00798698728369811,363,46,0.0266061215809883,362,45,"15"
"LH82",0.0529440528106701,500,206,294,0.0553919285323463,0.0173370641474421,507,213,0.0604410136773151,519,225,"15"
"LH93",0.048697055506622,489,180,309,0.0526660387986128,0.0174343358168343,523,214,0.055148818171557,507,198,"15"
"LIBC 4",0.0324494781200266,353,92,261,0.0593637046640197,0.0111776400929817,358,97,0.0360477249084915,360,99,"15"
"LP1 NR HT",0.123324440108392,493,359,134,0.074772981879178,0.0341064021323128,485,351,0.109582961260002,481,347,"15"
"LP5",0.115055934099403,667,355,312,0.0522149142883975,0.0328872269014659,659,347,0.104066321155013,655,343,"15"
"M14",0.113649716862755,478,354,124,0.075908049602564,0.0330784785799035,472,348,0.115371747412993,477,353,"15"
"MBPM",0.0632507133656039,388,261,127,0.075534805062563,0.0192355525377043,367,240,0.064140184700852,369,242,"15"
"MBWZ",0.112814140875649,404,353,51,0.086978598283899,0.0320765247300497,396,345,0.110126984343003,399,348,"15"
"MM501D",0.0401048654300536,200,136,64,0.0847546102646168,0.0120052360732464,183,119,0.0417062227470312,195,131,"15"
"Mo17",0.0450639726343698,403,162,241,0.0621830794614428,0.0155255856242106,415,174,0.0531140105843165,426,185,"15"
"Mo1W",0.0399601800923524,249,134,115,0.0768085817992101,0.0147477157881572,279,164,0.0479545395162562,275,160,"15"
"Mo46",0.040741521763048,287,140,147,0.0727572279592575,0.0113619913899639,251,104,0.0384968799010637,267,120,"15"
"Mo47",0.0537292942732086,557,215,342,0.0470676916959847,0.0185573890425411,571,229,0.0617875799537937,575,233,"15"
"Mo5",0.135650532258673,367,362,5,0.10757360121579,0.0398749374934137,364,359,0.13558730637199,366,361,"15"
"MQ305",0.0412337719369232,486,141,345,0.046839769103667,0.0145901343808685,507,162,0.0465054964558238,498,153,"15"
"MS116",0.0977739949421911,572,344,228,0.0631878503898407,0.0349322179540467,580,352,0.114783072868121,580,352,"15"
"MS132",0.0401083287816813,376,137,239,0.0622822453841217,0.0115520363697643,348,109,0.0375803771118399,349,110,"15"
"MS200",0.0102044565726632,271,7,264,0.0590504717758755,0.00367374744067028,273,9,0.0111101871496454,271,7,"15"
"MS211",0.0240652341243403,356,51,305,0.053698605123258,0.00741603286858135,342,37,0.0249886813188165,345,40,"15"
"MS221",0.0202286286257876,193,33,160,0.0713163023285652,0.00690547306555235,192,32,0.0224178387202929,190,30,"15"
"MS224",0.0598119181783514,523,249,274,0.0578957047606947,0.0176307350115073,490,216,0.0576246745086765,483,209,"15"
"MS225",0.0851125351699476,447,325,122,0.0761781681440308,0.0288970027878324,456,334,0.0871032815851441,443,321,"15"
"MS226",0.0867189065606817,539,333,206,0.0664045622152585,0.024964333680764,514,308,0.0783516370625697,506,300,"15"
"MS24A",0.0588562221180636,580,242,338,0.0476532901592238,0.0186711879637382,568,230,0.0617315492151686,570,232,"15"
"MS67",0.0484995195070931,270,179,91,0.080317554400065,0.019070876890135,329,238,0.060241792767754,315,224,"15"
"MS71",0.0564947682590915,460,230,230,0.0628414678388775,0.0180367974223479,454,224,0.0602030712870264,452,222,"15"
"MS72",0.0273308974108689,277,63,214,0.0655672975571238,0.0108537611241699,306,92,0.0330276435204417,290,76,"15"
"N192",0.0480416241269565,466,175,291,0.0557611371924902,0.0150886413676635,460,169,0.051741668112335,469,178,"15"
"N193",0.0449186068544001,522,161,361,0.0365880500608615,0.0138473146717643,510,149,0.0483406508002838,523,162,"15"
"N200",0.0521565520107748,220,201,19,0.0946642469556795,0.0187103106490598,251,232,0.0652870337711279,266,247,"15"
"N201",0.0221601847903295,262,40,222,0.0639620405726898,0.00744278033203506,260,38,0.0247832053125362,261,39,"15"
"N209",0.0161163523681314,46,22,24,0.0940686680292926,0.00543386114098973,44,20,0.0183117381480645,44,20,"15"
"N211",0.115579995053858,360,356,4,0.109696827671337,0.0422115520774154,366,362,0.129240613370182,361,357,"15"
"N217",0.0658681944804725,465,271,194,0.0676560483132757,0.0229842503143829,483,289,0.0789939190532349,495,301,"15"
"N218",0.0530246306468221,396,207,189,0.0683339543050427,0.0178128812510728,408,219,0.0591729368319008,405,216,"15"
"N28Ht",0.0419108664541258,184,145,39,0.0893524613497448,0.0132487137434949,180,141,0.044673234630479,185,146,"15"
"N501",0.0521411005761475,240,200,40,0.0891213866524994,0.0172061419632186,248,208,0.0592563837422857,257,217,"15"
"N523",0.0382704504402629,260,121,139,0.0738849271729407,0.0143830451157519,295,156,0.0433474267541321,280,141,"15"
"N527",0.145470437676071,533,366,167,0.0699809135767725,0.0431506306906892,531,364,0.135858701734879,530,363,"15"
"N534",0.034912305285499,143,105,38,0.0898769103117068,0.0139879539919038,189,151,0.0426366590564935,172,134,"15"
"N542",0.0857969105323306,387,329,58,0.0855486963667408,0.024865213532859,365,307,0.0858272454614086,376,318,"15"
"N6",0.0938575945646979,360,338,22,0.0941694718348685,0.0278170588219063,353,331,0.0947397935214128,357,335,"15"
"NC250",0.0574092382486462,433,236,197,0.0672987343587137,0.0157030167433614,375,178,0.0516753889958341,374,177,"15"
"NC262",0.0942435309715215,373,340,33,0.0910585756160341,0.0365245245120029,387,354,0.110641352882493,382,349,"15"
"NC294",0.0551270536482964,361,225,136,0.0745499910290232,0.0163803742730951,325,189,0.0541695061665227,323,187,"15"
"NC310",0.11127233805223,523,351,172,0.0697185356478197,0.0315944604880926,516,344,0.10223890215676,513,341,"15"
"NC326",0.0602484689590512,516,251,265,0.0590171782830735,0.020301488632784,520,255,0.070731072327155,537,272,"15"
"NC328",0.0633023060602084,585,262,323,0.0508767697940418,0.0211427035127009,592,269,0.0737450783258233,607,284,"15"
"NC342",0.0185684697192345,28,27,1,0.114936828591387,0.00658597743045517,29,28,0.0227318267629061,33,32,"15"
"NC412",0.0480490381672634,230,176,54,0.086475018505505,0.0125139018100271,186,132,0.0421128616720009,186,132,"15"
"ND259",0.0854682442576488,477,326,151,0.0724205683328684,0.0277880699710962,481,330,0.0969549772549014,488,337,"15"
"ND265",0.0420342041537367,461,146,315,0.0518571347909453,0.0131248321826327,455,140,0.0452302988105084,465,150,"15"
"NK740",0.0501717092849618,456,190,266,0.0588003668285571,0.0169955780485686,469,203,0.0555799436708084,465,199,"15"
"NK778",0.0375264576581488,303,118,185,0.0688238672598814,0.0100257648413505,259,74,0.0341726582022314,268,83,"15"
"NK807",0.0184674031691458,356,26,330,0.0494237049164749,0.00616735434398427,354,24,0.0214452980902611,359,29,"15"
"NKS8326",0.0716156636628313,304,292,12,0.098905261259534,0.0205467416273697,271,259,0.0699560677048877,280,268,"15"
"NORTH 7",0.0512157935555965,479,195,284,0.0568797683978577,0.0171188450978403,490,206,0.059540848217228,502,218,"15"
"NQ508",0.0533607585296495,417,210,207,0.0663207498174893,0.0168980512827657,408,201,0.0549688623520105,401,194,"15"
"NS501",0.0327991357334045,375,95,280,0.0570506213509308,0.0109283640461236,373,93,0.0371214925046239,387,107,"15"
"NS701",0.0499008479619112,413,188,225,0.0637556300575905,0.0165260264098611,418,193,0.0572479585388145,433,208,"15"
"NY6371",0.0451370618193596,165,163,2,0.114695673141641,0.0153332841073686,173,171,0.0479835567493625,163,161,"15"
"Ny821",0.0610674633543159,498,253,245,0.0618082049689455,0.018149070934216,470,225,0.056030941339039,447,202,"15"
"OH33",0.0423580139925581,169,148,21,0.0941733361951618,0.0111953082103496,119,98,0.0377816315603732,132,111,"15"
"Oh40B",0.0260965267775461,177,56,121,0.0762841005566575,0.00853691876138705,173,52,0.0297543138365614,179,58,"15"
"Oh43",0.0395819968856794,369,129,240,0.0622315273993095,0.0135555354366452,383,143,0.0416590614473564,370,130,"15"
"Oh7",0.0385515822653015,141,123,18,0.0946669854042765,0.0129483991219542,154,136,0.0430893941137944,158,140,"15"
"OQ403",0.0856445009682219,603,327,276,0.0576589671438377,0.0250311407088947,586,310,0.0812162861678424,582,306,"15"
"OQ603",0.0572659235159263,527,234,293,0.0556197963089961,0.0210662590034449,560,267,0.0685669514837484,555,262,"15"
"Os420",0.033406635058503,456,99,357,0.040559529144193,0.01172485395442,470,113,0.0359440994218361,454,97,"15"
"OS602",0.0354449107552823,222,106,116,0.0767413295607913,0.011271544541462,219,103,0.0384863882535794,235,119,"15"
"Pa392",0.0846520871094053,646,324,322,0.050993122009661,0.0288790223134091,655,333,0.089291900048417,651,329,"15"
"Pa405",0.0108813297463925,347,11,336,0.0479166464559281,0.00396306311837102,347,11,0.0137428309999326,347,11,"15"
"Pa875",0.0490994030454601,413,182,231,0.062809889111265,0.0136050820935798,375,144,0.0430519237147948,370,139,"15"
"Pa880",0.0464772208176558,278,169,109,0.078188462795629,0.0162931714458097,297,188,0.0568878165997703,315,206,"15"
"Pa91",0.0307926117088991,108,82,26,0.0933678754283865,0.0103438097045433,107,81,0.0343736072524103,110,84,"15"
"PH207",0.0345975938192587,290,103,187,0.068738713322359,0.0101439785456959,263,76,0.0353146311623121,278,91,"15"
"PHB09",0.0568340422877896,540,232,308,0.0530317423107225,0.0161585577956809,492,184,0.0551396460727639,505,197,"15"
"PHB47",0.023419164534695,225,46,179,0.0691851343975491,0.00847007519528669,230,51,0.025756161558546,222,43,"15"
"PHBA6",0.0334193401162654,414,100,314,0.0520574282717655,0.011246148119696,415,101,0.0371436464964389,422,108,"15"
"PHBB3",0.0362244259841779,157,111,46,0.0884492817581603,0.0112119405193101,145,99,0.0356031299741502,140,94,"15"
"PHEG9",0.00788815750194454,108,6,102,0.0785460251719814,0.00264156291610339,107,5,0.00909058554292167,108,6,"15"
"PHG29",0.118488081087088,398,357,41,0.0890418221294878,0.0401630059667001,401,360,0.123289938819844,396,355,"15"
"PHG47",0.026741296707881,380,59,321,0.0510293028772202,0.00879617669822558,380,59,0.0292398410665667,378,57,"15"
"PHG71",0.037819456317536,314,119,195,0.0676258455678058,0.0124883271897776,326,131,0.042860184013173,332,137,"15"
"PHG80",0.0268592303474535,289,60,229,0.0629684561474488,0.00854733546941057,282,53,0.0297718638928286,289,60,"15"
"PHG83",0.0357096935367173,448,108,340,0.0475041180836113,0.0106007989840162,428,88,0.0368567768922546,445,105,"15"
"PHG86",0.110046403554841,457,349,108,0.0781905495185302,0.0302468363025295,445,337,0.100830249662945,447,339,"15"
"PHH93",0.054102782052138,438,217,221,0.0644629776994328,0.0170177535972217,426,205,0.0561035619396866,424,203,"15"
"PHHH9",0.0168710807440942,86,23,63,0.0848119360786111,0.00622876762231344,88,25,0.0187310665982602,84,21,"15"
"PHHV4",0.0635521294972297,440,263,177,0.0693223324604322,0.0184487469894816,404,227,0.0612484142413172,406,229,"15"
"PHJ70",0.043936445271124,308,153,155,0.0722754792892095,0.0145305807940972,315,160,0.0504996917040427,327,172,"15"
"PHJ89",0.039169957545775,476,126,350,0.0455692500958717,0.011463717622782,456,106,0.0356598598340601,445,95,"15"
"PHJ90",0.081971771107231,468,314,154,0.0722831961416192,0.0269170291597204,478,324,0.0860964829533559,474,320,"15"
"PHJR5",0.0515610522608963,444,197,247,0.0615311795203058,0.0155638615638635,423,176,0.0529077832383582,430,183,"15"
"PHK35",0.141509882639292,660,365,295,0.0553630360971525,0.0402590640132801,656,361,0.131761555840064,654,359,"15"
"PHK42",0.0549949175827608,527,224,303,0.0538909067872628,0.0189980028907418,540,237,0.0663235789527075,555,252,"15"
"PHK56",0.0459529825891768,232,167,65,0.0846760925028468,0.0123401918870579,190,125,0.0399740187325992,186,121,"15"
"PHK74",0.0832466795495554,536,317,219,0.0647842439696358,0.0236601413787468,513,294,0.0821517652855206,528,309,"15"
"PHKE6",0.0483745420368124,296,178,118,0.0764487181757945,0.0151588569085753,288,170,0.0524855528283619,300,182,"15"
"PHM10",0.0289323473985548,141,71,70,0.0838412646907618,0.0107500506438823,161,91,0.0323491633202795,142,72,"15"
"PHN11",0.0232935125050792,287,45,242,0.062150609571142,0.00862144193533124,297,55,0.0299560089266468,303,61,"15"
"PHN29",0.112523633470288,383,352,31,0.0912060361353072,0.0350823678557443,384,353,0.119241765129941,385,354,"15"
"PHN66",0.032695618785256,367,94,273,0.058039359991551,0.0109770931247629,368,95,0.036650716034752,377,104,"15"
"PHN82",0.058406794441403,404,239,165,0.0702834451132134,0.0212772913348388,435,270,0.066879545591353,421,256,"15"
"PHP02",0.0310756983212511,128,85,43,0.0889807596060891,0.0120156047784502,163,120,0.0363829284401499,144,101,"15"
"PHP55",0.0387906201866764,426,124,302,0.0541212876934652,0.011796106811532,417,115,0.0410831872562269,429,127,"15"
"PHP76",0.0652558830843859,432,269,163,0.0705991410561915,0.0206323966251487,425,262,0.0657254210061043,412,249,"15"
"PHP85",0.0140338437310641,302,16,286,0.056155546445947,0.00485104038804687,303,17,0.0168430405593148,305,19,"15"
"PHPR5",0.047367261405934,257,174,83,0.081419065156238,0.0149081964453777,250,167,0.0470009977530768,238,155,"15"
"PHR03",0.050742851619902,360,192,168,0.0699686040789423,0.0183102246106756,394,226,0.0551074616138424,364,196,"15"
"PHR30",0.0710913266695401,390,290,100,0.0795350884407002,0.0249799967740904,409,309,0.0767690286739506,394,294,"15"
"PHR31",0.0291570244875997,229,72,157,0.0718360147141121,0.00984677409802376,229,72,0.0323236450333971,228,71,"15"
"PHR36",0.0405843036121678,193,138,55,0.0864504555503195,0.0144038948560944,213,158,0.0448006209356176,203,148,"15"
"PHR47",0.0675327204104417,371,276,95,0.0799132270393427,0.0224522498375221,377,282,0.0703174831974156,364,269,"15"
"PHR63",0.095769551521043,546,342,204,0.066559351033764,0.0315202331274414,547,343,0.104400295481805,548,344,"15"
"PHT10",0.0890652128707763,421,335,86,0.0809011839173985,0.0312669018627186,426,340,0.094195445290457,420,334,"15"
"PHT47",0.0451968753073755,276,164,112,0.0774715638668831,0.0167719965990758,310,198,0.0504630926429514,282,170,"15"
"PHT55",0.0783944066662551,374,307,67,0.0842994428432277,0.0295839427312755,402,335,0.0920435632825296,399,332,"15"
"PHTM9",0.0543499724994129,558,219,339,0.0475222819298177,0.017692736419495,557,218,0.0600967724453532,559,220,"15"
"PHV37",0.0317899254441857,269,87,182,0.0690039342696758,0.0114629206035874,287,105,0.0347523548556631,270,88,"15"
"PHV57",0.0572281911268357,411,233,178,0.0692186527711071,0.0210403565584474,444,266,0.0632507692639763,416,238,"15"
"PHV63",0.0637279529401804,272,264,8,0.102115330205449,0.0197110190454581,253,245,0.0663128981704453,259,251,"15"
"PHVA9",0.0467386162765638,490,170,320,0.051137857574679,0.0188799774983851,555,235,0.0576380294650932,530,210,"15"
"PHVJ4",0.0548240085441321,449,222,227,0.0632869710342808,0.0194743948710125,469,242,0.061801111361513,461,234,"15"
"PHW03",0.0341500734368545,311,101,210,0.0660966336136837,0.0115226913316095,318,108,0.0378739963340015,322,112,"15"
"PHW17",0.0366348911559914,375,112,263,0.0591913448288254,0.012119031317034,384,121,0.0414609249327744,391,128,"15"
"PHW20",0.0662083137810235,484,273,211,0.0659013925002771,0.0242488559846169,510,299,0.0743677356650341,497,286,"15"
"PHW30",0.0360663466835728,307,109,198,0.0672754749894883,0.0124300452675688,326,128,0.0383285006434903,314,116,"15"
"PHW43",0.0397708861174763,240,130,110,0.0779231196902621,0.0142378923500802,264,154,0.0495799395913744,277,167,"15"
"PHW52",0.0121158634625549,110,13,97,0.0797339667544795,0.00447941512814513,110,13,0.0140139567205529,109,12,"15"
"PHW53",0.0304882236027774,211,80,131,0.074986204340839,0.00918042024894028,195,64,0.0305629742378441,195,64,"15"
"PHW80",0.0934775042650386,607,337,270,0.0581551727719883,0.033425157737471,619,349,0.101458926710663,610,340,"15"
"PHWG5",0.0104455718063268,134,9,125,0.0756478677914601,0.00354238653057913,133,8,0.0115703883872029,133,8,"15"
"PHZ51",0.0178192470509363,103,25,78,0.0822063249050468,0.00600026012259254,101,23,0.0201786472838317,103,25,"15"
"Q381",0.0618470201255801,384,255,129,0.0753135640050722,0.0158464705505365,310,181,0.0550873029471238,324,195,"15"
"R168",0.0615416706019231,560,254,306,0.053336178211409,0.017320168338566,518,212,0.0604613078825102,532,226,"15"
"R177",0.00582020136927491,174,1,173,0.0696049700000287,0.00221202654551136,174,1,0.00690213708574786,174,1,"15"
"R181B",0.0293474584287556,306,74,232,0.0625730941285554,0.00905031277367752,295,63,0.0287297884007049,287,55,"15"
"R226",0.062628566814149,293,257,36,0.0901294115937974,0.0171981235071368,243,207,0.0600989022784353,257,221,"15"
"R229",0.070300487714444,629,286,343,0.046955250925957,0.0253469390925894,655,312,0.0768364781486143,638,295,"15"
"R71",0.047272992629349,278,173,105,0.0783541019671795,0.0149033897443195,271,166,0.0517726234163788,284,179,"15"
"R78",0.032190751194579,170,90,80,0.0819243754168352,0.0102029112114944,157,77,0.0332952789277624,158,78,"15"
"SD101",0.0430885108536589,282,149,133,0.074823935390066,0.0126256075440024,266,133,0.0403398284509956,256,123,"15"
"SD102",0.0252593172182034,337,55,282,0.0569879383044084,0.00898634440812636,344,62,0.0284991340912085,335,53,"15"
"SD107",0.0826087596907398,524,315,209,0.0662051665866032,0.02465370777203,514,305,0.083871538457288,525,316,"15"
"SD40",0.0547770145829348,409,221,188,0.0685038086314495,0.0174937242042848,403,215,0.0577986418126133,399,211,"15"
"SD44",0.075047533675335,495,303,192,0.0678588671961026,0.0246122272854048,496,304,0.0859406998904762,511,319,"15"
"SG 30A",0.0274598795458862,192,64,128,0.0754987563747708,0.00980049694462186,199,71,0.0338709772794863,209,81,"15"
"T242",0.0437658296183874,389,152,237,0.0623108698370624,0.0156812556568419,414,177,0.0547203328537968,428,191,"15"
"Tr",0.00609370854357323,265,3,262,0.0592318487407634,0.00234412653925735,264,2,0.00753638121617934,265,3,"15"
"TZU-CHIAO-HSI-WU 105",0.0941840582873148,408,339,69,0.0839874430736105,0.0297167952538627,405,336,0.0987381399507606,407,338,"15"
"Va26",0.0151941501126821,300,19,281,0.0569938440630547,0.00450863757289963,295,14,0.0143011976927665,294,13,"15"
"Va35",0.0469764240657711,250,171,79,0.0821913943902992,0.0165299000048836,273,194,0.0506896915665853,252,173,"15"
"Va52",0.0346751656564807,274,104,170,0.069884945485702,0.01239257732637,297,127,0.0382703743710477,285,115,"15"
"Va99",0.0221323078524489,252,39,213,0.0656342158503994,0.00667205215582533,242,29,0.022586994681805,244,31,"15"
"W182E",0.110360693743447,682,350,332,0.0492586978471901,0.0379210298845856,687,355,0.129577404119504,690,358,"15"
"W22",0.0284025863779606,123,67,56,0.086103657256985,0.0086145588216959,110,54,0.028669210777961,110,54,"15"
"W23",0.0587417793471754,464,241,223,0.0639002565915685,0.0201129693350949,476,253,0.0616498703666628,454,231,"15"
"W24",0.0814866115847763,343,311,32,0.0911310131496293,0.0236327129496305,325,293,0.0822253493774039,342,310,"15"
"W32",0.0072961825519292,163,5,158,0.0717245932418104,0.00264404156497407,164,6,0.00864648353307637,163,5,"15"
"W37A",0.0858368906782561,474,330,144,0.073110503648062,0.0274339797564495,471,327,0.0876652024469555,466,322,"15"
"W552",0.0776456754416982,609,305,304,0.0538282790033228,0.0209619916927121,569,265,0.0692908587320629,569,265,"15"
"W603S",0.0283398313968906,392,66,326,0.0507387109517731,0.00936841738549725,392,66,0.0320839789286196,395,69,"15"
"W604S",0.0551757105118445,482,226,256,0.0603816417506245,0.0179958814737322,478,222,0.0591667383491317,471,215,"15"
"W605S",0.0202236904703625,191,32,159,0.071337496283322,0.00675661466535021,190,31,0.0234557617868641,195,36,"15"
"W607S",0.0383423592796377,175,122,53,0.0865713192278343,0.0105623109832116,140,87,0.0353586329892851,145,92,"15"
"W610S",0.0743792823962472,406,299,107,0.0782745186230921,0.0268471648203683,430,323,0.081484941065307,414,307,"15"
"W611S",0.131946249392871,381,361,20,0.0946503910189841,0.045079055128727,385,365,0.14624795222352,386,366,"15"
"W612S",0.0671244633043245,363,275,88,0.0806570642478408,0.0227982800272992,373,285,0.0754796465879244,377,289,"15"
"W614S",0.06575512284791,445,270,175,0.0695256825844075,0.0186733242967162,406,231,0.0639849140721555,415,240,"15"
"W64A",0.0736225153920783,569,297,272,0.058066488666428,0.0230584190240658,563,291,0.0704985589193869,542,270,"15"
"W701BC",0.0435590769987612,303,151,152,0.0723755751537759,0.0130018114702045,289,137,0.0451609663547596,301,149,"15"
"W803G",0.0819611110146374,324,313,11,0.100768059336089,0.0276425713043738,340,329,0.0963211671481971,347,336,"15"
"W809G",0.0687517627589088,294,279,15,0.0967524223712511,0.0238770710870748,311,296,0.0742766671298823,300,285,"15"
"W810G",0.06290545592982,295,258,37,0.089931677402923,0.0199026971087283,287,250,0.0681758109669542,296,259,"15"
"W811G",0.0297056054781044,216,78,138,0.0742292028293554,0.0107258798243968,227,89,0.0322731376398281,208,70,"15"
"W813G",0.0308648340860118,410,83,327,0.050611578847901,0.0124322583610653,456,129,0.0379332804917416,440,113,"15"
"W8304",0.0668267030758807,509,274,235,0.0623772553661415,0.020280448044139,489,254,0.0640077387572631,476,241,"15"
"W9",0.0508324616885632,541,193,348,0.0459422220975202,0.0172321669941679,557,209,0.0546555908463032,538,190,"15"
"WIL900",0.0293187510782367,311,73,238,0.0623038024771171,0.00990593093072596,311,73,0.0345263934298584,324,86,"15"
"WU-TAN-TZAO",0.0632008750542376,463,260,203,0.0667305065784001,0.0211387995926854,471,268,0.0731524607450076,484,281,"15"
"YE 4",0.038159609498123,261,120,141,0.0736945187036705,0.0115853360415597,252,111,0.0369474884861656,247,106,"15"
"YING-55",0.0517835903935691,494,198,296,0.055215547195901,0.0157771124402855,475,179,0.0543871957947193,484,188,"15"
"Yu796 NS",0.0302783391140799,235,79,156,0.072226579712456,0.00863460963114225,213,57,0.029754428924593,215,59,"15"
"ZS365",0.0708950537905505,424,289,135,0.0746772997703871,0.0245512167697688,438,303,0.081650065904105,443,308,"15"
"ZS635",0.0399416150437346,356,132,224,0.0638354427743431,0.0143812485110148,379,155,0.0471295634070113,380,156,"15"
"1538",2.35371657601878e-05,172,9,163,0.0583665921492655,0.000729232925660333,193,30,0.00744115438370579,193,30,"16"
"29MIBZ2",4.10241272292334e-05,222,14,208,0.0541134929486584,0.00243692840501229,292,84,0.0248666182694811,292,84,"16"
"2FACC",0.183838319825783,381,345,36,0.0867558411503018,0.0988707929419613,381,345,1.00982157156377,381,345,"16"
"2MA22",0.000810330253580132,371,126,245,0.0484408827021063,0.00566382608761831,386,141,0.057794461331378,386,141,"16"
"3IJI1",0.0965522365886587,557,283,274,0.0428787425707315,0.0519371191580697,556,282,0.530462061047894,556,282,"16"
"4226",0.285123777964566,386,360,26,0.0925540880746733,0.153321743667896,386,360,1.56595937257155,386,360,"16"
"4N506",0.224177218635143,368,353,15,0.099915566181831,0.120578471678402,368,353,1.23153374301038,368,353,"16"
"6M502",0.122458459878948,338,309,29,0.0899180122334755,0.0658622368173133,338,309,0.672687060088139,338,309,"16"
"6M502A",0.174795913625137,357,341,16,0.0991924421989712,0.09401946181371,357,341,0.960272045816034,357,341,"16"
"764",0.0260423611173397,474,181,293,0.039983005410059,0.0140107906838576,474,181,0.14309978889063,474,181,"16"
"78010",0.0612896416596639,530,231,299,0.0396138913929422,0.0330368254768412,530,231,0.337421790296587,530,231,"16"
"793",0.000315858846246581,292,80,212,0.0534540049392883,0.00122264114292279,264,52,0.0124761535535185,264,52,"16"
"87916W",0.0870883166530097,502,268,234,0.0506763472383921,0.0468599075579373,502,268,0.478605478938963,502,268,"16"
"911",0.000782204871593113,446,125,321,0.036336837922519,0.00460599868867903,449,128,0.0470003504972711,449,128,"16"
"912",0.000349234319976972,257,86,171,0.057257695678425,0.00283667124954372,265,94,0.028945742773382,265,94,"16"
"91IFC2",1.89629434668508e-05,238,8,230,0.0511874689531236,1.50546919512162e-05,231,1,0.000153684722160416,231,1,"16"
"A",0.0182780389453081,282,173,109,0.0659880125497648,0.0100978731892553,282,173,0.103130112032677,282,173,"16"
"A208",0.00024463824037409,290,62,228,0.0512956280498713,0.00113946347653356,276,48,0.0116273222071836,276,48,"16"
"A239",0.141451324900124,404,331,73,0.074061406666358,0.0760898882171748,404,331,0.777147420266762,404,331,"16"
"A272",0.000886571366557277,184,131,53,0.0809489504527433,0.00373422273163601,162,109,0.0381048901743589,162,109,"16"
"A305",0.101458847040255,634,290,344,0.0323692534263845,0.0545740066006335,633,289,0.557394074033944,633,289,"16"
"A322",0.00029325453832384,271,75,196,0.0548528444104486,0.00230992293354749,277,81,0.0235707441629117,277,81,"16"
"A334",0.000170009948128194,356,44,312,0.037894446630265,0.000912560555525414,352,40,0.009311929164476,352,40,"16"
"A340",0.000252982993067876,229,65,164,0.0583483690953338,0.0027520908904835,256,92,0.0280826238099563,256,92,"16"
"A374",0.0864851055593063,549,266,283,0.0417530546909723,0.0465821101421217,549,266,0.475767300439578,549,266,"16"
"A385",0.000255557478776242,296,67,229,0.0512877083442705,0.0022715820058313,308,79,0.0231794869796307,308,79,"16"
"A401",0.000656910007542068,153,118,35,0.087412765975615,0.00594918832969956,179,144,0.0607062020623755,179,144,"16"
"A427",0.136966150244817,355,325,30,0.0888064245861018,0.0736589233083721,355,325,0.752318999205215,355,325,"16"
"A548",0.000461892634563132,432,99,333,0.0339986622069061,0.00331573020765976,434,101,0.0338341579660917,434,101,"16"
"A572",0.0694592009041016,533,244,289,0.0405590220342385,0.037356230451397,532,243,0.38153964393663,532,243,"16"
"A619",0.00122657118678947,228,142,86,0.0696811057514684,0.0067360512193624,236,150,0.0687358283369318,236,150,"16"
"A627",1.65408517742508e-05,248,7,241,0.0488546820209519,0.000749584695896268,275,34,0.00764882442736414,275,34,"16"
"A632",0.11967149790886,565,307,258,0.0455059603887025,0.0643684489281364,565,307,0.657430089948919,565,307,"16"
"A635",0.00107144497902268,441,137,304,0.0388601423860522,0.00699452275464078,456,152,0.0713731307639691,456,152,"16"
"A641",0.000372003423757396,344,88,256,0.0464552710574748,0.00180028516565676,327,71,0.0183704673594866,327,71,"16"
"A648",0.040033742539173,367,199,168,0.057683259531363,0.0215301166549839,367,199,0.219898887048391,367,199,"16"
"A663",0.0284726604344076,305,184,121,0.0635218852723712,0.0154150259686147,305,184,0.157440180361133,305,184,"16"
"A672",0.0870583065294333,569,267,302,0.0392806259819437,0.0468203832232748,569,267,0.478202237672431,569,267,"16"
"A674",0.000225618065226495,367,57,310,0.0380040121929709,0.00303486028342997,408,98,0.0309680080219622,408,98,"16"
"A679",0.0725631402404346,510,251,259,0.0454707907769927,0.0391950356745059,510,251,0.40031716907789,510,251,"16"
"A680",0.0005049143823138,369,107,262,0.0449411624938703,0.002986359630204,358,96,0.0304732912982127,358,96,"16"
"A682",0.059380573883287,345,230,115,0.0644481348429772,0.0319966895976693,345,230,0.326798566090877,345,230,"16"
"A71",8.53622039895243e-05,279,26,253,0.0466487060166299,0.00278422336586211,346,93,0.028410449677944,346,93,"16"
"A73",0.0201326475601194,416,174,242,0.04878402366396,0.0108440765092461,416,174,0.110756182728131,416,174,"16"
"A797NW",0.00034499556783737,351,85,266,0.044125522083494,0.00148851270062253,323,57,0.0151891241424913,323,57,"16"
"AQA3",0.141063517515419,690,330,360,0.024396163857355,0.0760237780653769,690,330,0.77646950831813,690,330,"16"
"AS6103",0.0986816278052993,346,286,60,0.0792912966782313,0.0530670762329583,346,286,0.542003220406976,346,286,"16"
"AusTRCF 306238",0.0676451995966268,290,241,49,0.082199600897823,0.036480587098548,288,239,0.372594329827451,288,239,"16"
"B-18 INBR.FR.SUPERGOLD",0.125459054836841,634,314,320,0.036356505982932,0.0674756673185524,634,314,0.689165915927804,634,314,"16"
"B-28",0.000250577935034399,285,64,221,0.0520651421397225,0.000143736839304388,227,6,0.00146789857876211,227,6,"16"
"B103",0.105752684048379,615,292,323,0.0362161962011042,0.0568785023041655,615,292,0.580931241720271,615,292,"16"
"B104",0.198104172970586,359,348,11,0.104515254072333,0.106635248570866,359,348,1.08912246863561,359,348,"16"
"B105",4.35689609185819e-05,140,16,124,0.0629279732786545,0.00117327088763285,173,49,0.0119721563465868,173,49,"16"
"B108",0.0214100851157813,473,178,295,0.0399494662786833,0.0118854743923539,471,176,0.12138595281174,471,176,"16"
"B109",0.000358806259498827,204,87,117,0.0641417566919796,0.000685568598673398,146,29,0.00699611233682453,146,29,"16"
"B110",0.133164607772306,597,324,273,0.0431917013083506,0.0716441294002727,597,324,0.73174024280512,597,324,"16"
"B111",0.177421759235985,708,342,366,0.0120099904923685,0.0954065987848293,708,342,0.974440110192439,708,342,"16"
"B115",0.324951607937592,366,364,2,0.140970102886591,0.174758977449003,366,364,1.78490925794702,366,364,"16"
"B119",0.000859676322117041,178,130,48,0.0823435221373569,0.00211395092303655,122,74,0.0215718854337723,122,74,"16"
"B120",0.112201766978446,653,298,355,0.0280801430587947,0.0603467275064815,653,298,0.616354129091635,653,298,"16"
"B121",0.248154024129487,364,356,8,0.110146152068906,0.133445706103236,364,356,1.36295438362246,364,356,"16"
"B14A",0.130236492516847,443,321,122,0.0634868199727657,0.0700474448003337,443,321,0.715432842700262,443,321,"16"
"B164",4.18991012668213e-05,188,15,173,0.0569816764480456,0.000733592772681136,204,31,0.00748564709289253,204,31,"16"
"B2",0.0158650053339787,255,166,89,0.069387537814723,0.00855259230996385,251,162,0.0873519292362302,251,162,"16"
"B37",0.0388872999101717,333,197,136,0.062153220157931,0.0211877541699817,333,197,0.216396995766262,333,197,"16"
"B47",0.0160559521885984,316,168,148,0.0604530978532732,0.0096063873817324,317,169,0.0980978445083008,317,169,"16"
"B57",4.57991454536039e-05,120,17,103,0.0667519887202142,0.000388939737189823,118,15,0.00396878760157986,118,15,"16"
"B66",0.0693116046339049,581,243,338,0.0336487144804658,0.0373838244838311,582,244,0.381819455482645,582,244,"16"
"B68",0.0983257585061946,316,285,31,0.088490611227273,0.0528966372449304,315,284,0.540262037195914,315,284,"16"
"B73",0.0141898145240447,356,163,193,0.0553805838045973,0.0081464061921987,353,160,0.083194272339797,353,160,"16"
"B75",3.42634864116593e-05,126,12,114,0.0644577746367323,0.000337062043972779,127,13,0.00343941815294799,127,13,"16"
"B76",0.000616747664753189,456,114,342,0.0329894169875282,0.00561487947616262,481,139,0.0572948741050454,481,139,"16"
"B77",0.148842696497819,353,335,18,0.0988730388265948,0.0800406598143896,353,335,0.817499276806623,353,335,"16"
"B79",0.106448520957213,471,293,178,0.0564656268254515,0.057264047802628,471,293,0.584868815021925,471,293,"16"
"B87",2.92833945039344e-05,231,11,220,0.0521814345095741,0.00224700165969651,298,78,0.0229285894096436,298,78,"16"
"B88",0.000122302399255848,146,35,111,0.0647384075317834,0.000216142431676659,121,10,0.00220572457926107,121,10,"16"
"B91",0.108993756741987,654,295,359,0.025675701345123,0.0586099400704054,654,295,0.598615584723381,654,295,"16"
"B97",0.000283649713362048,128,73,55,0.0802744590025546,0.000441354472333545,72,17,0.00450411640130232,72,17,"16"
"BEI 10 = NORTH 10",0.021553429085618,495,179,316,0.0374514640135227,0.0128089048600841,495,179,0.130802421544439,495,179,"16"
"BO9",0.229912115013315,639,354,285,0.0411094515200112,0.123761703334564,639,354,1.26404396067145,639,354,"16"
"CA-4",0.0145940009718666,486,164,322,0.0363154101014788,0.00881683095190601,487,165,0.0900338108136939,487,165,"16"
"CG102",0.0476960173461775,293,217,76,0.0730844095572035,0.0257610632512705,293,217,0.263109783917059,293,217,"16"
"CH701-30",0.069476248529322,494,245,249,0.0479571925785925,0.0374541759469546,494,245,0.382538336950253,494,245,"16"
"CH711-10",0.0415539645109641,455,203,252,0.0468496291904583,0.0226930201177332,457,205,0.231769772178623,457,205,"16"
"CH753-4",0.298491701328722,383,363,20,0.097867644787463,0.160524330072309,383,363,1.63952308469665,383,363,"16"
"CH9",0.063945451487421,542,234,308,0.038413221368116,0.0343906701269161,542,234,0.351250755341328,542,234,"16"
"CI 40H",5.94176025069798e-05,192,22,170,0.0574525032442233,0.000864139667829875,208,38,0.00881776290400092,208,38,"16"
"CM105",0.00029762330724631,364,77,287,0.0407618962607201,0.00272418756165429,377,90,0.0277979213328237,377,90,"16"
"CQ702RC",0.000126022293769117,187,37,150,0.06039494336152,0.000673049104792634,177,27,0.00686791264585426,177,27,"16"
"CR 22 INBRED",0.10876629940073,646,294,352,0.0304261035801842,0.0585668402584013,646,294,0.598173884215183,646,294,"16"
"DE2",0.000504525023035475,193,106,87,0.0696615165888999,0.00487168644786973,217,130,0.0497112293311607,217,130,"16"
"DE3",0.000943256118445105,337,133,204,0.0543439743879701,0.00614722359920972,349,145,0.0627271678986521,349,145,"16"
"DE4",0.000464355611380898,295,100,195,0.0548923358954245,0.00413210692326976,316,121,0.0421644993050646,316,121,"16"
"DE811",0.0077996867897778,318,156,162,0.0584794268132805,0.0056231989683642,302,140,0.0574092090918338,302,140,"16"
"DJ7",0.178418259394168,700,343,357,0.0275096645962023,0.0960136801332199,700,343,0.980639218476234,700,343,"16"
"DK3IIH6",0.00277828655113987,456,149,307,0.0384189498113596,0.00582020793400469,449,142,0.0593935096874265,449,142,"16"
"DK4676A",0.231981292291683,377,355,22,0.096778144562252,0.124758826300836,377,355,1.27423031245063,377,355,"16"
"DK78002A",0.212462508273495,709,351,358,0.0257855152814873,0.114249977551083,709,351,1.16689789853114,709,351,"16"
"DK78010",0.000520404256812681,415,110,305,0.0387409529214715,0.00291922334458105,400,95,0.0297882474402621,400,95,"16"
"DK78371A",0.127152422526643,328,316,12,0.103833903365681,0.0685537054476915,328,316,0.700173347535683,328,316,"16"
"DKFAPW",0.000297010509527782,261,76,185,0.0559935022826397,0.000610341926471587,209,24,0.00622837475202803,209,24,"16"
"DKFBHJ",0.272832100701861,363,357,6,0.11561252231577,0.146713481266647,363,357,1.4984655236521,363,357,"16"
"DKMBNA",0.0812868366734031,625,261,364,0.0200761574461692,0.0438202660795196,625,261,0.447558434663269,625,261,"16"
"DKPB80",0.0463978396868154,413,213,200,0.054562710221052,0.0249782124704142,412,212,0.255115698185564,412,212,"16"
"E8501",0.00560287831716904,405,150,255,0.0464898906196243,0.0037600107249821,366,111,0.0383903199603338,366,111,"16"
"EAST 028",0.0816917795275334,608,262,346,0.032132973225049,0.0439467589094949,608,262,0.44885210052572,608,262,"16"
"Eng-Li Chih",0.216666665864268,717,352,365,0.0150154911743953,0.116511561699529,717,352,1.18999668634553,717,352,"16"
"F118",0.17159027156097,372,340,32,0.0883082938373268,0.0923375737640044,372,340,0.943093204437315,372,340,"16"
"F2834T",3.74570956795681e-05,101,13,88,0.0693959368709092,0.00106720367630269,133,45,0.0108898370329757,133,45,"16"
"FBLA",0.0744326946059061,584,252,332,0.034012851176575,0.0403780260216224,584,252,0.412396359524999,584,252,"16"
"FR19",0.000180122979025499,397,46,351,0.0307048046817683,0.00251183400039077,438,87,0.0256309945700685,438,87,"16"
"H105W",0.000435314611431262,248,96,152,0.0601569613152347,0.00427330387040706,275,123,0.0436052630085279,275,123,"16"
"H110",0.000396211202749478,281,92,189,0.0556047674469915,0.00378530014656856,302,113,0.038625625303494,302,113,"16"
"H113",0.148446911669465,630,334,296,0.0399159080206508,0.0799323838698863,630,334,0.816391417260316,630,334,"16"
"H121",0.0455381136196432,385,210,175,0.056654403428364,0.0249965023273011,388,213,0.25529350295715,388,213,"16"
"H122w",6.51234248566395e-05,136,23,113,0.0645218581546465,0.00118756360554856,163,50,0.0121180057576639,163,50,"16"
"H5",0.00012883529544999,217,38,179,0.0563894293877078,0.000347706753150766,193,14,0.00354815885760504,193,14,"16"
"H71",0.0519026204989887,321,224,97,0.067514856288997,0.0279865608502643,321,224,0.285840705196174,321,224,"16"
"H84",0.292817010795273,363,362,1,0.151516411507361,0.157643076274532,363,362,1.61009203307118,363,362,"16"
"H91",0.0956783232499726,491,280,211,0.0539845792755135,0.051665768093463,491,280,0.527686852709653,491,280,"16"
"H95",0.00684936466206138,275,155,120,0.0638390456962569,0.00368959491398212,227,107,0.0376837423017969,227,107,"16"
"H96",0.0959085207772526,389,282,107,0.0661421793018202,0.0521180037566958,390,283,0.532299612474574,390,283,"16"
"H99",0.00107713126237268,472,138,334,0.0339969536900758,0.00720566246166661,488,154,0.0735276090410091,488,154,"16"
"HP301",0.000189792261484433,197,48,149,0.0604442279302079,0.00053481042507689,171,22,0.00545743373284408,171,22,"16"
"HUOBAI",0.000117854490146529,224,33,191,0.0555454013700616,0.00151016778418479,249,58,0.0154099005434021,249,58,"16"
"Hy",0.000397692834809622,156,93,63,0.0775579462658472,0.00248211389471015,148,85,0.0253278673502916,148,85,"16"
"I29",0.16283921225849,673,338,335,0.0337941656784795,0.087664842971807,673,338,0.895367407663493,673,338,"16"
"Ia 453",0.032756461007739,457,187,270,0.0433925482505923,0.0176143949123079,457,187,0.179905511724945,457,187,"16"
"IA2132",7.0962770747116e-05,153,24,129,0.0625745467750438,0.000668706597995716,155,26,0.00682355734262743,155,26,"16"
"IBB15",9.30239245708176e-06,221,4,217,0.0528515322462828,0.00138149626384376,272,55,0.0140969008230522,272,55,"16"
"IBC2",0.000161275480864757,208,42,166,0.0580605506099692,0.000160274189623684,174,8,0.00163589539681846,174,8,"16"
"ICI 193",0.0419201554109521,504,204,300,0.0394409051986859,0.0225568324483726,503,203,0.230385067526632,503,203,"16"
"ICI 740",0.12105131887866,651,308,343,0.0327143621870685,0.0651234819610728,651,308,0.665141410998566,651,308,"16"
"ICI 893",0.000238778146483783,135,61,74,0.0736973082538252,0.00178020240632964,143,69,0.0181654184090481,143,69,"16"
"ICI 986",0.0419575598350872,269,205,64,0.0773227358469785,0.0225668282695324,268,204,0.230487351790545,268,204,"16"
"IDS28",0.0788876426068681,519,258,261,0.0453141519467867,0.0424573511692155,519,258,0.433639609732164,519,258,"16"
"IDS69",0.274818568586196,365,358,7,0.114885440765839,0.147808334391931,365,358,1.50964735684444,365,358,"16"
"IDS91",0.00054148165926323,171,112,59,0.0795537561012419,0.00391985597401275,175,116,0.0399987352445658,175,116,"16"
"INB 101LFY/LFY (A632 X M16 S5)",0.0939700884666596,617,276,341,0.0330970549012907,0.050567584872982,617,276,0.516473894310738,617,276,"16"
"INBRED 141",0.00045421556991797,245,98,147,0.0606936587837019,0.0021854860263525,223,76,0.0223011364111916,223,76,"16"
"INBRED 2-687",0.0278922965886789,418,183,235,0.0506409306767763,0.0151012532130286,418,183,0.154235478372292,418,183,"16"
"INBRED 305",0.0655325985157186,352,236,116,0.0643924540936492,0.0358736595246714,353,237,0.366385532229528,353,237,"16"
"INBRED 321",0.00037402657403964,155,89,66,0.0762177068737907,0.0017081935882814,133,67,0.0174307711585235,133,67,"16"
"K150",0.00624510527537925,314,153,161,0.058564231755043,0.00370606367399639,269,108,0.0378457927890757,269,108,"16"
"K41",0.127083912740503,328,315,13,0.102047431473337,0.0684273413670416,328,315,0.698884412896881,328,315,"16"
"K47",0.000723430813441972,219,123,96,0.06824177251441,0.00559497480130332,234,138,0.057091835838259,234,138,"16"
"KUNG-70",0.000108276513066942,128,30,98,0.0673432013919465,0.000994367386768387,139,41,0.0101466382843693,139,41,"16"
"L 127",0.0393219162852994,452,198,254,0.0465847677019795,0.0212513368247921,452,198,0.217049591675451,452,198,"16"
"L 139",0.0335666456605904,517,189,328,0.0349950773889443,0.0184552377919515,517,189,0.188485917421686,517,189,"16"
"L 289",0.113332579988274,428,301,127,0.0627413472421452,0.0609898182043401,428,301,0.622921706023692,428,301,"16"
"LH1",0.000246715989896314,169,63,106,0.0663760292135579,0.00158421395936374,168,62,0.016165553814358,168,62,"16"
"LH119",5.73872392788109e-05,308,20,288,0.0407541392454173,0.00159427465608126,351,63,0.0162681143941078,351,63,"16"
"LH128",0.000191288223727429,233,49,184,0.0560068564413469,0.00355441721235991,288,104,0.0362695915913732,288,104,"16"
"LH143 (Maintainer)",0.130784905707282,684,322,362,0.0231793954555613,0.0703736010082939,684,322,0.718763464251206,684,322,"16"
"LH146Ht",0.180719083945062,405,344,61,0.0792356202798812,0.0972115224724626,405,344,0.992874187052804,405,344,"16"
"LH149",0.0151207842175167,322,165,157,0.059303268983397,0.00846085139369705,318,161,0.0864092110028633,318,161,"16"
"LH165",0.000194762895760303,218,51,167,0.0576863060860839,0.00068145670785025,195,28,0.00695379235493596,195,28,"16"
"LH166",0.131978750801944,379,323,56,0.080251538641171,0.0710809370882034,379,323,0.725986641173187,379,323,"16"
"LH181",0.0471414137480498,283,216,67,0.0759409691452354,0.0254141039794888,283,216,0.259567017092916,283,216,"16"
"LH184",0.0942246146739956,638,277,361,0.0241936157835665,0.0508157651203754,638,277,0.519006592587934,638,277,"16"
"LH190",0.0488049270312658,407,219,188,0.055609374289294,0.026353732680557,407,219,0.26916311143741,407,219,"16"
"LH192",0.00110792583815842,223,139,84,0.0702878463005905,0.00752291724936145,239,155,0.0767649086938875,239,155,"16"
"LH194",0.00842778456896433,256,157,99,0.067312965665155,0.00790438557606042,258,159,0.0806816068777237,258,159,"16"
"LH195",0.0906758495230495,586,273,313,0.0378886830336588,0.0489398840735508,586,273,0.499846575246111,586,273,"16"
"LH197",0.00022024871209977,157,56,101,0.0672508162912972,0.000263891802504842,112,11,0.00269327699628457,112,11,"16"
"LH198",0.000812003521200721,227,127,100,0.0672828359674269,0.00404382699516733,219,119,0.041263987410784,219,119,"16"
"LH202",0.0162486375841089,495,169,326,0.0354526987457283,0.00873749868283267,490,164,0.0892408841443785,490,164,"16"
"LH204",0.000269769132081181,226,70,156,0.0598335970037653,0.00266240781692205,245,89,0.027167501580505,245,89,"16"
"LH205",0.0955497663177854,522,279,243,0.0485578681620558,0.0513812651682195,522,279,0.524785135976279,522,279,"16"
"LH206",0.076586695103047,587,256,331,0.0344878225771058,0.0412476167308111,587,256,0.421283404694909,587,256,"16"
"LH208",0.0453545565134121,424,209,215,0.0531418726934708,0.0243887250609245,424,209,0.249095477453388,424,209,"16"
"LH209",0.000256983059948768,382,68,314,0.0378788712803972,0.00301801828397433,411,97,0.0307961648799404,411,97,"16"
"LH214",0.014070940365749,315,162,153,0.0598698918297318,0.00776822973541732,310,157,0.0793374371838626,310,157,"16"
"LH215",0.0592428800534459,506,229,277,0.0424955831655633,0.0318992176353081,506,229,0.325803474021037,506,229,"16"
"LH222",7.33184379104352e-05,349,25,324,0.0361281844429375,0.00223546627719551,401,77,0.0228108869667118,401,77,"16"
"LH223",0.000211940056350369,159,55,104,0.0665920155364749,0.00213298757302111,179,75,0.02176523700349,179,75,"16"
"LH224",1.12537875365691e-06,78,1,77,0.0725768499009656,0.00177125089950984,145,68,0.0180739887724673,145,68,"16"
"LH295",0.0261351437002994,418,182,236,0.050017958309264,0.0144116695477513,418,182,0.147187625509078,418,182,"16"
"LH60",0.00134049933310762,178,144,34,0.0879812548832322,0.00555391731757576,170,136,0.0566735119691877,170,136,"16"
"LH74",0.000323254787902703,359,81,278,0.042386927136597,0.00236241707832344,360,82,0.0241064178813179,360,82,"16"
"LH82",0.163840584755733,384,339,45,0.0835449177174315,0.0881111448555901,384,339,0.899927478173316,384,339,"16"
"LH93",0.000770880443248546,421,124,297,0.0398494160477323,0.00376682110057265,409,112,0.0384373821583075,409,112,"16"
"LIBC 4",0.000288625631590124,296,74,222,0.0520025792949849,0.00154829541545511,283,61,0.0157990801961148,283,61,"16"
"LP1 NR HT",0.129525389553623,667,320,347,0.0319216097650348,0.0698745923763205,667,320,0.713663446221536,667,320,"16"
"LP5",0.112364041586736,342,300,42,0.0842658826342317,0.0604359647585801,342,300,0.617265520874934,342,300,"16"
"M14",0.0123204475291379,305,159,146,0.0607064848821808,0.00663985653669029,295,149,0.0678162323275047,295,149,"16"
"MBPM",0.112284069267881,351,299,52,0.08103044984566,0.0603822730466307,351,299,0.616717340140792,351,299,"16"
"MBWZ",0.209715104783121,686,350,336,0.0336751438183233,0.112772523202447,686,350,1.15180784529388,686,350,"16"
"MM501D",0.050517023693703,502,221,281,0.0418393520791477,0.0272370393637195,501,220,0.278185513397757,501,220,"16"
"Mo17",0.000282239496341333,286,72,214,0.0532502767856084,0.000802636134337115,251,37,0.00819043649904917,251,37,"16"
"Mo1W",9.82773748012525e-05,194,29,165,0.0583130893256772,0.00154191197314124,225,60,0.0157338128031275,225,60,"16"
"Mo46",0.147845286995778,358,333,25,0.094796585995913,0.0795102667638527,358,333,0.812081967950267,358,333,"16"
"Mo47",0.000486837223207356,413,102,311,0.0379344644077493,0.00433965385416886,436,125,0.0442823317924616,436,125,"16"
"Mo5",0.0748686919034703,291,253,38,0.0858138323293832,0.0409702797103305,293,255,0.418438686983126,293,255,"16"
"MQ305",0.0905000266806156,573,272,301,0.0393469689338886,0.0486665614667065,573,272,0.497058358783716,573,272,"16"
"MS116",0.00044621389324593,231,97,134,0.0622220853227993,0.00413677243635689,256,122,0.0422120954814697,256,122,"16"
"MS132",0.0159592165570279,347,167,180,0.056176910645148,0.00861624514791397,343,163,0.0880018055781643,343,163,"16"
"MS200",0.000199672550452775,304,53,251,0.0479132846380196,0.00105155440535658,295,44,0.0107302508522237,295,44,"16"
"MS211",0.140395761223739,406,328,78,0.072530944419999,0.0754962499463947,406,328,0.771084758292497,406,328,"16"
"MS221",0.000122528156540784,223,36,187,0.0557199794793078,0.000117422033427483,192,5,0.00119853420083743,192,5,"16"
"MS224",0.0918855555236675,425,274,151,0.0602883201847757,0.0494697031309765,425,274,0.50526018780818,425,274,"16"
"MS225",0.0559470200456077,265,228,37,0.0864067402114817,0.0306444474207805,265,228,0.312978114644423,265,228,"16"
"MS226",0.0980138196338941,632,284,348,0.0317842923775892,0.0529032434668998,633,285,0.540326216832543,633,285,"16"
"MS24A",0.138530115821036,422,327,95,0.0682853408726359,0.0745038801124761,422,327,0.760948933365085,422,327,"16"
"MS67",0.00025407929887208,136,66,70,0.0748889747162722,0.00451492647155208,197,127,0.0460707174488439,197,127,"16"
"MS71",0.143473638332899,378,332,46,0.0831778031621398,0.0772740641903659,378,332,0.789240232664763,378,332,"16"
"MS72",0.000388084122862582,327,90,237,0.0499768579799942,0.00202582215158744,310,73,0.0206718582600304,310,73,"16"
"N192",0.0846421357436818,525,265,260,0.0453972010033512,0.0455422664861926,524,264,0.46514772764431,524,264,"16"
"N193",0.140461747003261,411,329,82,0.070538654499967,0.0756250008783026,411,329,0.772397998064042,411,329,"16"
"N200",0.000232221975044922,133,58,75,0.0731127130495689,0.00351271062330518,177,102,0.0358440280058093,177,102,"16"
"N201",0.000196403329085347,261,52,209,0.054011968895626,0.00104078527271122,252,43,0.0106203594102411,252,43,"16"
"N209",0.00049585542448533,176,104,72,0.0742648597821649,0.00384052058719273,186,114,0.0391891609552709,186,114,"16"
"N211",0.00162693083759626,165,146,19,0.0979854077974741,0.00984571721854709,189,170,0.100467238656908,189,170,"16"
"N217",0.000644283610990614,208,116,92,0.0685225258369393,0.000434497149282008,108,16,0.00443626063194286,108,16,"16"
"N218",0.000237837625559977,141,60,81,0.0711365739725029,0.000159188791162716,88,7,0.00162534852332522,88,7,"16"
"N28Ht",0.128152264184931,341,317,24,0.095254865458528,0.0689266343045463,341,317,0.703985388904523,341,317,"16"
"N501",0.00051068174720887,162,108,54,0.0809095012202875,0.00274291150082444,145,91,0.0279891533172748,145,91,"16"
"N523",0.000399016043998982,297,94,203,0.0544010238930836,0.00230307757619347,283,80,0.0235009809636343,283,80,"16"
"N527",0.0671641934521034,556,238,318,0.037344396414165,0.0368972156031893,560,242,0.376836956795449,560,242,"16"
"N534",0.000138938893770783,148,40,108,0.0660082410077158,0.000486544615954746,128,20,0.00496484966188094,128,20,"16"
"N542",0.124290579251946,515,310,205,0.0542956769111552,0.0669448954572291,515,310,0.683743005644769,515,310,"16"
"N6",0.0384967957557897,414,196,218,0.0528249248007123,0.0207013911282303,414,196,0.211434699643854,414,196,"16"
"NC250",0.01760829803021,284,172,112,0.0646310222451128,0.0100806193606969,284,172,0.102947681880824,284,172,"16"
"NC262",0.000952576030557243,289,134,155,0.0598571147180989,0.00556388689231198,292,137,0.0567748027889691,292,137,"16"
"NC294",0.0104788073609787,263,158,105,0.066474432977958,0.00638870286165679,253,148,0.0652379101578324,253,148,"16"
"NC310",0.0674932136405753,516,240,276,0.0425922290036188,0.0366237036773205,516,240,0.374051827382625,516,240,"16"
"NC326",1.29481130005612e-05,251,5,246,0.0484390592339919,0.0017843432366629,316,70,0.0182075843049607,316,70,"16"
"NC328",0.0676577779744804,510,242,268,0.0439329247119135,0.0367012842459584,509,241,0.374844405105619,509,241,"16"
"NC342",0.000668107746657568,158,119,39,0.0850690471562082,0.00361755731621676,144,105,0.036914188164916,144,105,"16"
"NC412",0.0375449574780654,375,194,181,0.056131379182092,0.0201898401126015,375,194,0.20620994205602,375,194,"16"
"ND259",0.282398996419202,368,359,9,0.108413676619815,0.151870166989819,368,359,1.55113336266812,368,359,"16"
"ND265",0.0807781679615113,565,259,306,0.0385781938195318,0.0434704745792864,565,259,0.443987262718367,565,259,"16"
"NK740",0.00138372833271839,319,145,174,0.0567884041833396,0.00488028039652014,305,131,0.0497998542695183,305,131,"16"
"NK778",0.0376548785769467,330,195,135,0.0621748253134253,0.0202493733296972,330,195,0.206817979540122,330,195,"16"
"NK807",0.000237114804711673,334,59,275,0.0427742940966706,0.000484647886226322,294,19,0.00494570436747201,294,19,"16"
"NKS8326",0.0462885758695559,371,212,159,0.0586317738678895,0.0248985940236798,370,211,0.254302905794641,370,211,"16"
"NORTH 7",2.18838558866547e-06,144,2,142,0.0615690933292166,0.00122037516652732,193,51,0.012452807832457,193,51,"16"
"NQ508",0.0124553890014389,361,160,201,0.054549911130598,0.00695398316409715,352,151,0.0710200968590322,352,151,"16"
"NS501",0.00127839055416424,276,143,133,0.0622923043211759,0.0053787353814247,267,134,0.05488588722038,267,134,"16"
"NS701",8.08818061131599e-06,227,3,224,0.0517430360393726,0.00127669078890069,278,54,0.0130274571699631,278,54,"16"
"NY6371",0.0400767227027166,269,200,69,0.0750238567155275,0.021624031766513,269,200,0.220856755897331,269,200,"16"
"Ny821",0.0213684254506273,403,177,226,0.0515648969013383,0.0121002208074586,403,177,0.12357496708875,403,177,"16"
"OH33",0.050673267676326,262,222,40,0.0850258670951785,0.0274889621966942,262,222,0.280755379713276,262,222,"16"
"Oh40B",0.0453256875016425,288,208,80,0.0713981562748205,0.024386841896268,288,208,0.249075985520888,288,208,"16"
"Oh43",0.111841676087645,591,297,294,0.0399733130507637,0.0601433258871191,591,297,0.614276861242643,591,297,"16"
"Oh7",0.000192178630523677,100,50,50,0.0811193343296002,0.000105028611808269,54,4,0.00107268335484999,54,4,"16"
"OQ403",0.0463996097236366,567,214,353,0.029528969768227,0.0253227987689498,568,215,0.258628694423219,568,215,"16"
"OQ603",0.000270339036625271,302,71,231,0.050970519393707,0.00375035396630133,341,110,0.0382689714043146,341,110,"16"
"Os420",0.101430653241308,652,289,363,0.0222438894353914,0.0545461256915857,651,288,0.557109551697098,651,288,"16"
"OS602",0.188865365329601,364,347,17,0.0989056926621167,0.101587802379229,364,347,1.03757162391371,364,347,"16"
"Pa392",0.129199720486441,644,319,325,0.0356035871349178,0.0695381085056864,644,319,0.710229799333547,644,319,"16"
"Pa405",0.000165604135403653,325,43,282,0.0417677074477452,0.00103867057028912,324,42,0.0105987516161589,324,42,"16"
"Pa875",0.117471245724746,662,306,356,0.0277147807769497,0.063227810295664,662,306,0.645779315299954,662,306,"16"
"Pa880",0.000338984123270322,215,83,132,0.0625059141823486,0.000785663336833963,168,36,0.0080173734624781,168,36,"16"
"Pa91",0.000695319824399814,189,121,68,0.0751656543121829,0.00391433992384674,183,115,0.0399425824576718,183,115,"16"
"PH207",0.0634060372987891,335,233,102,0.0671513698615601,0.0340968375747813,335,233,0.34824975307322,335,233,"16"
"PHB09",0.04668031424266,555,215,340,0.0334713158509522,0.0251199442492076,554,214,0.256563475107006,554,214,"16"
"PHB47",0.000260415911694715,208,69,139,0.0621183575535669,0.00054279182303202,162,23,0.00553903431012054,162,23,"16"
"PHBA6",5.17973046420399e-05,258,19,239,0.0497562520128349,6.8618275178875e-05,241,2,0.000700293579497248,241,2,"16"
"PHBB3",0.0445404004894441,390,207,183,0.0560349132053022,0.0239513861870348,389,206,0.24462868600631,389,206,"16"
"PHEG9",0.070602006174236,454,247,207,0.0541303579704212,0.0379710157245373,454,247,0.387818779528016,454,247,"16"
"PHG29",0.0832757968241694,286,263,23,0.0967616806664643,0.0458154667388073,288,265,0.467919213829967,288,265,"16"
"PHG47",0.114330800350786,412,302,110,0.0656874868541562,0.061483744338476,412,302,0.627967256395072,412,302,"16"
"PHG71",0.000395928800873206,214,91,123,0.0632736487023447,0.000621743002068146,148,25,0.0063450069690152,148,25,"16"
"PHG80",0.062045243259706,499,232,267,0.0440693935693263,0.0334419449415272,499,232,0.341559520971321,499,232,"16"
"PHG83",0.0482714704076207,545,218,327,0.0351964510293712,0.0260509790738224,545,218,0.266071221920301,545,218,"16"
"PHG86",0.0166155350805078,369,170,199,0.0546729974509143,0.00957208390076246,367,168,0.0977533000391765,367,168,"16"
"PHH93",0.128564126156905,602,318,284,0.041621967936572,0.069135948856508,602,318,0.706123463783598,602,318,"16"
"PHHH9",0.000518081794912825,200,109,91,0.0687493061217563,0.0035501561886945,194,103,0.0362262906620349,194,103,"16"
"PHHV4",0.0250746917716058,460,180,280,0.0420916456352608,0.0136223233199029,460,180,0.139129674721557,460,180,"16"
"PHJ70",0.356575600594589,369,365,4,0.124611609566538,0.191753031884056,369,365,1.95847910607689,369,365,"16"
"PHJ89",0.0498585067056374,489,220,269,0.0438367386208655,0.0276659249368595,492,223,0.28255138448457,492,223,"16"
"PHJ90",0.102669259467533,338,291,47,0.082521896328292,0.0555770694338934,338,291,0.567632263534094,338,291,"16"
"PHJR5",0.114509499440673,567,303,264,0.0443475915264719,0.061732960557139,568,304,0.630509744136071,568,304,"16"
"PHK35",0.0212261100733059,447,176,271,0.0432760683281975,0.0126791505698481,449,178,0.129476390789475,449,178,"16"
"PHK42",2.44047457698857e-05,267,10,257,0.0456577741505116,0.00167563593090795,323,66,0.0170983267992557,323,66,"16"
"PHK56",0.0673310897483184,297,239,58,0.0796417143486613,0.036206278731703,296,238,0.369794659709149,296,238,"16"
"PHK74",0.423385773149009,369,366,3,0.12519643269749,0.227669451586795,369,366,2.32531346036244,369,366,"16"
"PHKE6",0.0775205744557018,285,257,28,0.0910044881361732,0.0416945104131274,285,257,0.425848821516533,285,257,"16"
"PHM10",0.000111673137075024,158,32,126,0.0628500295521973,0.000529738603683891,147,21,0.00540556044316887,147,21,"16"
"PHN11",8.9516795273813e-05,253,28,225,0.0516045919408512,7.11375646840988e-05,228,3,0.000726202019306182,228,3,"16"
"PHN29",0.0368768590190841,330,193,137,0.0621384457823592,0.0198522439544823,329,192,0.202761476774229,329,192,"16"
"PHN66",0.0646138093599073,498,235,263,0.0448863277620713,0.0349747674856497,498,235,0.357212224166925,498,235,"16"
"PHN82",0.000543479154007549,267,113,154,0.0598590371065182,0.00448417568273758,280,126,0.0457570751575996,280,126,"16"
"PHP02",0.000618435627156484,198,115,83,0.0703020073911994,0.00393789919466453,200,117,0.0401829108935643,200,117,"16"
"PHP55",0.0903612099626738,619,270,349,0.0314224264017424,0.0485957794997201,619,270,0.49633535043368,619,270,"16"
"PHP76",0.0359774136709806,335,191,144,0.0612193524473783,0.01953253767064,335,191,0.199493053441682,335,191,"16"
"PHP85",0.0324760662316545,503,186,317,0.0373951164535019,0.0174640135474282,503,186,0.178369576537029,503,186,"16"
"PHPR5",0.0351192672073354,280,190,90,0.0689183605742383,0.0189094219450766,280,190,0.193131873073155,280,190,"16"
"PHR03",0.000719164113368633,252,122,130,0.0625422743241482,0.00529229545303096,263,133,0.0540032825286094,263,133,"16"
"PHR30",0.153057947250931,346,336,10,0.104723266265171,0.0824884602808617,346,336,0.842496586276735,346,336,"16"
"PHR31",0.000171991222553381,231,45,186,0.0558510300154829,0.000198586819423694,195,9,0.00202680411528948,195,9,"16"
"PHR36",0.071473725918431,292,249,43,0.083878502014597,0.0386943122035659,292,249,0.395201402988957,292,249,"16"
"PHR47",0.101387075567184,504,288,216,0.0530601003418718,0.0549176285897243,506,290,0.560896466821914,506,290,"16"
"PHR63",0.000891366220900996,380,132,248,0.0481696881900782,0.00582835246791177,391,143,0.0594733577933012,391,143,"16"
"PHT10",0.137739323544725,340,326,14,0.100288941477618,0.074485428744796,340,326,0.760752801453097,340,326,"16"
"PHT47",0.000406580029042751,271,95,176,0.0565932727059376,0.00242842585129667,259,83,0.0247800420941909,259,83,"16"
"PHT55",0.00116976742306147,192,141,51,0.0810504510510606,0.00777875641132858,209,158,0.0793755472895447,209,158,"16"
"PHTM9",0.0529557882104577,579,225,354,0.0293134952718253,0.0287287144220387,579,225,0.293417418953159,579,225,"16"
"PHV37",0.000308656936872552,250,78,172,0.0571587599645902,0.00260457022807617,260,88,0.0265773474224628,260,88,"16"
"PHV57",0.00069108236530264,360,120,240,0.049530572066617,0.00428289256473878,364,124,0.0437032908193657,364,124,"16"
"PHV63",0.08408980245399,392,264,128,0.0627130107788922,0.0452429550449364,391,263,0.462090738656203,391,263,"16"
"PHVA9",0.00083522839787595,438,129,309,0.038357655384193,0.00461560725932043,438,129,0.0470984472772276,438,129,"16"
"PHVJ4",0.000492991546931438,301,103,198,0.0546813035862552,0.00249781173304727,284,86,0.0254881413639158,284,86,"16"
"PHW03",0.000332135291037037,315,82,233,0.0509311482852633,0.00108621505966554,279,46,0.0110841053343364,279,46,"16"
"PHW17",0.000130338235217707,286,39,247,0.0482859542412162,0.00164603077650827,311,64,0.0167962606846465,311,64,"16"
"PHW20",0.00217555017365589,242,148,94,0.0682960310645749,0.0100278347944428,265,171,0.102326137752361,265,171,"16"
"PHW30",0.040130546561078,346,201,145,0.0609356772928118,0.0216610699273139,346,201,0.221234894334252,346,201,"16"
"PHW43",0.109818869426232,329,296,33,0.0880938979693817,0.0591998155836089,329,296,0.604637544410709,329,296,"16"
"PHW52",5.75780016707465e-05,161,21,140,0.0616587894837445,0.000734010009902259,172,32,0.00748991043254896,172,32,"16"
"PHW53",0.0318846949721528,278,185,93,0.0683211889675457,0.0172803285428127,278,185,0.176490967897873,278,185,"16"
"PHW80",0.0956936090756021,579,281,298,0.0397469005280509,0.0517417938640692,579,281,0.528462068433529,579,281,"16"
"PHWG5",0.000146229737285867,199,41,158,0.0591658548157273,0.000907545355736129,197,39,0.00926073143719261,197,39,"16"
"PHZ51",8.81210399279371e-05,146,27,119,0.063852617135884,0.00126118624280632,172,53,0.0128692642418852,172,53,"16"
"Q381",0.0507830081276524,415,223,192,0.0554097092472174,0.0274096953670621,413,221,0.279948385179003,413,221,"16"
"R168",0.0709579414257572,587,248,339,0.0334803216958,0.0381593145000708,587,248,0.38974203727354,587,248,"16"
"R177",1.51452792911165e-05,188,6,182,0.0561208840441939,0.000296179826278517,194,12,0.00302224524677284,194,12,"16"
"R181B",0.0722433302904239,473,250,223,0.0518993696868622,0.0388478071168663,473,250,0.396774042667948,473,250,"16"
"R226",0.0904542464774714,490,271,219,0.0523391840178628,0.0486551472643425,490,271,0.496941529362755,490,271,"16"
"R229",0.00103480380706447,473,136,337,0.0336507926997692,0.00708054495966804,490,153,0.0722508730468876,490,153,"16"
"R71",0.0536046759101631,297,226,71,0.0743352915945587,0.0288275089054022,297,226,0.294431175281711,297,226,"16"
"R78",0.0898181487758365,446,269,177,0.056505726999303,0.0483210038709624,446,269,0.493528589264066,446,269,"16"
"SD101",0.0751929670668554,558,255,303,0.039234455129475,0.0404533968905107,556,253,0.413172446651244,556,253,"16"
"SD102",0.000185827411842542,285,47,238,0.0498619572238153,0.00111838199455304,285,47,0.0114121457490007,285,47,"16"
"SD107",0.156996546479451,602,337,265,0.044264283253196,0.0844319795144275,602,337,0.862350115743975,602,337,"16"
"SD40",0.0137112213686576,330,161,169,0.0575555771141575,0.00754334111264575,325,156,0.0770411080919774,325,156,"16"
"SD44",0.0661748886911218,523,237,286,0.0408751221799808,0.035604339602904,522,236,0.363646349447031,522,236,"16"
"SG 30A",0.00033948257105856,225,84,141,0.0616080506914689,0.00153505842929721,200,59,0.0156640671823734,200,59,"16"
"T242",0.000121041816287644,261,34,227,0.051534791461836,0.000477942783177948,245,18,0.00487705114672312,245,18,"16"
"Tr",0.000203095208701485,139,54,85,0.0697382266437986,0.00307448852490771,184,99,0.0313723686375966,184,99,"16"
"TZU-CHIAO-HSI-WU 105",0.0698348193292998,496,246,250,0.047930473506442,0.0375754535822786,496,246,0.3837783642606,496,246,"16"
"Va26",0.0173603450749875,384,171,213,0.053341597990664,0.00934961296451853,380,167,0.0954924736563674,380,167,"16"
"Va35",0.0749000036918671,456,254,202,0.054521768174479,0.0405982666015087,456,254,0.414646380505926,456,254,"16"
"Va52",0.203538554118147,376,349,27,0.0919562962442672,0.109465942641117,376,349,1.11803563793759,376,349,"16"
"Va99",0.114722984835006,654,304,350,0.031376602658847,0.0616914177117368,653,303,0.63008839981034,653,303,"16"
"W182E",0.000978038485480406,407,135,272,0.0432490599660529,0.00413065806401234,392,120,0.0421502064329339,392,120,"16"
"W22",0.0412189613292785,392,202,190,0.0555768399436687,0.0221834497821017,392,202,0.226571435283572,392,202,"16"
"W23",0.0949482208799613,568,278,290,0.0402321965797477,0.0511846506202621,568,278,0.522774605048125,568,278,"16"
"W24",0.00672112294391814,279,154,125,0.062860750407403,0.00397532860549935,243,118,0.04059569365873,243,118,"16"
"W32",0.000111303904509677,237,31,206,0.0541976373336963,0.000744009733342558,239,33,0.00759198166674015,239,33,"16"
"W37A",0.287479985470809,366,361,5,0.116003394610718,0.154711796446419,366,361,1.58015441889223,366,361,"16"
"W552",0.101284782041276,602,287,315,0.0377173939683903,0.0544725279490063,602,287,0.55635776577863,602,287,"16"
"W603S",0.000814567131863194,338,128,210,0.0539908842497532,0.00180095216133433,282,72,0.0183780720772519,282,72,"16"
"W604S",0.036297122091119,483,192,291,0.0401520770316497,0.0199491426643559,484,193,0.203743509076932,484,193,"16"
"W605S",0.125150708769416,657,312,345,0.0322637754192878,0.0673016516608907,657,312,0.687388753541231,657,312,"16"
"W607S",0.0456343090218751,405,211,194,0.0553490996777465,0.0245595074926051,404,210,0.25083938741628,404,210,"16"
"W610S",0.00114808511723238,197,140,57,0.0798772414252499,0.00622869712631511,204,147,0.0635587136233752,204,147,"16"
"W611S",0.00184854514156638,188,147,41,0.0845460556402462,0.00930856766217199,207,166,0.0949863898848877,207,166,"16"
"W612S",0.186966055752702,367,346,21,0.097138951492113,0.100561496256735,367,346,1.02708948866804,367,346,"16"
"W614S",0.115686080203561,624,305,319,0.0364938557734612,0.0622178755645319,624,305,0.635465241557978,624,305,"16"
"W64A",0.00564429424949577,430,151,279,0.0421208250910955,0.00622612920120217,425,146,0.0635459456418083,425,146,"16"
"W701BC",0.0335463155644263,385,188,197,0.0547162153903543,0.0180399243635765,385,188,0.184251663218053,385,188,"16"
"W803G",0.000647817408179503,182,117,65,0.0773081742759702,0.00148357161955616,121,56,0.0151392607787064,121,56,"16"
"W809G",0.0209861495278362,335,175,160,0.0586144285760435,0.0114610392074287,335,175,0.117054596829231,335,175,"16"
"W810G",0.00585660776964632,231,152,79,0.0723292195921583,0.00314951133082516,179,100,0.0321676893774721,179,100,"16"
"W811G",0.000496347882781729,236,105,131,0.0625353229271559,0.00364211002669722,237,106,0.0371645733203366,237,106,"16"
"W813G",0.000540552164527404,355,111,244,0.0484412887762979,0.00502753183167461,376,132,0.0513015044274119,376,132,"16"
"W8304",0.0440709656615853,498,206,292,0.0400579600421164,0.024215539225813,499,207,0.247316952224241,499,207,"16"
"W9",0.0554550465129205,459,227,232,0.0509622526499075,0.0298310100641156,459,227,0.304680324423649,459,227,"16"
"WIL900",4.99986835105643e-05,161,18,143,0.0614315777934612,0.000771549907918384,178,35,0.00787296711957363,178,35,"16"
"WU-TAN-TZAO",0.0812568466301161,589,260,329,0.034718750502258,0.043817633653695,589,260,0.447531293490468,589,260,"16"
"YE 4",0.125166607238003,375,313,62,0.0792126229384557,0.0673133451482868,375,313,0.687508126051683,375,313,"16"
"YING-55",0.0934921624484133,605,275,330,0.03462453830551,0.050274472413441,605,275,0.513480858750098,605,275,"16"
"Yu796 NS",0.125103699621315,355,311,44,0.083851326018866,0.0672734672170666,355,311,0.687100945304133,355,311,"16"
"ZS365",0.00048257993567195,219,101,118,0.0639771060916975,0.00550811302889506,253,135,0.0562053508066035,253,135,"16"
"ZS635",0.000309116064132297,217,79,138,0.0621366720837686,0.00166003646022257,203,65,0.0169393052286676,203,65,"16"
"1538",0.0931275623701102,408,287,121,0.0380679070629584,0.0249663645268026,388,267,0.0754263693910991,388,267,"17"
"29MIBZ2",0.00767227851589748,168,28,140,0.0347131002852558,0.00223823358337836,169,29,0.00676155277413022,169,29,"17"
"2FACC",0.134508727096884,424,335,89,0.0426486465550678,0.0363977434638461,416,327,0.10995510365176,416,327,"17"
"2MA22",0.0367426223892584,406,124,282,0.0166950234682472,0.0100081130680452,400,118,0.0302355327415115,400,118,"17"
"3IJI1",0.0876593415591333,488,277,211,0.0249863532058218,0.0287196370826854,502,291,0.0867557946553124,502,291,"17"
"4226",0.148762347128192,385,347,38,0.0549732704608273,0.0476477745971262,388,350,0.143934001629323,388,350,"17"
"4N506",0.155919148888129,466,351,115,0.0387065413746517,0.0493691869977068,468,353,0.149135569443168,468,353,"17"
"6M502",0.080465969650632,336,260,76,0.0445316543169985,0.0275116022513498,363,287,0.0831082519426967,363,287,"17"
"6M502A",0.192430794689692,379,362,17,0.0640266924618865,0.0434078345904414,363,346,0.131140588083451,363,346,"17"
"764",0.0199566580586789,296,69,227,0.0232699211091593,0.00528462251376933,292,65,0.0159645492039321,292,65,"17"
"78010",0.0223108453693839,388,76,312,0.0117086250293705,0.00608083161728382,386,74,0.0183708208830428,386,74,"17"
"793",0.042641503722133,158,145,13,0.0656340314623452,0.0115240814969783,151,138,0.0348149660920131,151,138,"17"
"87916W",0.0906378765445479,610,281,329,0.00887361219095303,0.0220192645222955,570,241,0.0665203282670974,570,241,"17"
"911",0.0730659833355876,496,237,259,0.0200190131814976,0.0199372290614117,481,222,0.0602324700834739,481,222,"17"
"912",0.0588720756869127,483,194,289,0.0152553045541841,0.0160136958469966,477,188,0.048378967543166,477,188,"17"
"91IFC2",0.0369953607107358,483,125,358,3.93396923304024e-05,0.0100503947710977,478,120,0.0303632130179083,478,120,"17"
"A",0.0633089341626777,265,206,59,0.0479675705727515,0.0143393865988789,230,171,0.0433206442295839,230,171,"17"
"A208",0.00577546983991566,276,19,257,0.0201984670196031,0.00157800448275321,278,21,0.004767321164253,278,21,"17"
"A239",0.0994075555180597,431,296,135,0.0354771598990408,0.0265306086278394,417,282,0.0801473650942838,417,282,"17"
"A272",0.0746190040682871,272,244,28,0.0578622206297945,0.0203114424055916,254,226,0.0613631984494922,254,226,"17"
"A305",0.0875350842198948,404,276,128,0.037186882617719,0.0317793096262291,437,309,0.0959992751832619,437,309,"17"
"A322",0.0146956785547287,253,49,204,0.0262168079437916,0.00398492628774018,255,51,0.0120388266545561,255,51,"17"
"A334",0.00456641506407179,315,15,300,0.0130670457633701,0.00116072648053713,315,15,0.00350671108395584,315,15,"17"
"A340",0.0672141685976158,570,221,349,0.00292771209299892,0.0182439199746549,557,208,0.0551166027244889,557,208,"17"
"A374",0.0735991267805699,541,240,301,0.0129829900733715,0.0203963638048154,529,228,0.0616172487894127,529,228,"17"
"A385",0.0404638004271684,407,141,266,0.0188900019969878,0.0110169762575026,395,129,0.0332834024050963,395,129,"17"
"A401",0.0232297764928146,123,78,45,0.0533728107126892,0.00632586323251683,122,77,0.0191106042357919,122,77,"17"
"A427",0.104000216443369,465,303,162,0.0318293948686389,0.0329207690318631,474,312,0.099447663554867,474,312,"17"
"A548",0.0584050876207362,498,189,309,0.0117669955915807,0.0159574746048302,494,185,0.048209245652819,494,185,"17"
"A572",0.048670816212195,206,162,44,0.0535972819141888,0.0158087310977994,225,181,0.0477547773843837,225,181,"17"
"A619",0.0192001839929108,77,67,10,0.0673010116371674,0.00501889729584535,68,58,0.0151627260012214,68,58,"17"
"A627",0.0256616313410869,302,87,215,0.0247744198808551,0.00678854917178356,298,83,0.0205090451703703,298,83,"17"
"A632",0.081224711319423,567,264,303,0.0126928706682265,0.0296270460044118,598,295,0.0894972869698467,598,295,"17"
"A635",0.0300642458389979,435,99,336,0.0071688692177496,0.00812414501221758,436,100,0.0245436160517233,436,100,"17"
"A641",0.0742910570906287,392,243,149,0.0339687669202325,0.0203290075178657,376,227,0.0614161621206699,376,227,"17"
"A648",0.04601482939845,298,159,139,0.035126745782725,0.0106514824009764,264,125,0.0321796919826298,264,125,"17"
"A663",0.0395056292246236,436,139,297,0.0138659977976125,0.0127511286281706,452,155,0.038518446527828,452,155,"17"
"A672",0.0642370852676582,560,208,352,0.00219628039652072,0.0193205352759067,570,218,0.05836556724386,570,218,"17"
"A674",0.0219023616848805,422,74,348,0.00340182698812425,0.00598581743037153,421,73,0.0180838002223404,421,73,"17"
"A679",0.0176558367755518,313,59,254,0.0204155273082077,0.00499349449968372,311,57,0.0150848965882389,311,57,"17"
"A680",0.0770191597393589,381,252,129,0.0369770954114833,0.0209892668269207,360,231,0.0634107404409134,360,231,"17"
"A682",0.0199808664968709,165,70,95,0.0416229192301682,0.00554965166676199,162,67,0.0167654331090334,162,67,"17"
"A71",0.0248414018573096,264,81,183,0.0289345940723861,0.00593934163977756,255,72,0.0179436245303581,255,72,"17"
"A73",0.082768426955045,506,266,240,0.0222021123484207,0.0237028210323344,499,259,0.0716050451725178,499,259,"17"
"A797NW",0.113603304617256,521,321,200,0.0266729157553879,0.030152819285719,499,299,0.091095359808049,499,299,"17"
"AQA3",0.155102996794012,688,350,338,0.00703245108065529,0.0392249346150011,676,338,0.11849750694993,676,338,"17"
"AS6103",0.0907228208579206,532,282,250,0.020739848309206,0.0329747459964881,563,313,0.099610402222232,563,313,"17"
"AusTRCF 306238",0.0495302506110217,266,164,102,0.040274329803381,0.0157282904648255,281,179,0.047513206747702,281,179,"17"
"B-18 INBR.FR.SUPERGOLD",0.132519982982953,639,333,306,0.0122477072147892,0.0304129591783496,608,302,0.0918796715178466,608,302,"17"
"B-28",0.027616822983902,328,92,236,0.0225068009666604,0.00729410091712085,329,93,0.022036382877857,329,93,"17"
"B103",0.104474172160535,530,305,225,0.0234743226907583,0.0240368505843804,487,262,0.0726169112332734,487,262,"17"
"B104",0.144839055648043,369,343,26,0.0599376897216258,0.0357899750413036,350,324,0.10812121315875,350,324,"17"
"B105",0.00217532415566493,183,5,178,0.0295264523583919,0.000705886725329591,186,8,0.00213233221599095,186,8,"17"
"B108",0.0738711377611806,507,242,265,0.0189786377767942,0.0204094666522026,494,229,0.0616569343143963,494,229,"17"
"B109",0.0268748899377591,223,91,132,0.0360898422143224,0.0071183558827464,222,90,0.0215054293220829,222,90,"17"
"B110",0.117924834545443,515,325,190,0.0282497813690642,0.0378751205344778,524,334,0.114415518841108,524,334,"17"
"B111",0.16191335330508,628,356,272,0.0179256669598619,0.0592230271108798,633,361,0.178900997444773,633,361,"17"
"B115",0.211186180553709,376,364,12,0.0663834090170208,0.0714243321156546,377,365,0.21575738195813,377,365,"17"
"B119",0.0723461461560291,269,236,33,0.0565410994017359,0.0195408762025799,253,220,0.0590352762976118,253,220,"17"
"B120",0.0981701671738039,509,292,217,0.0243176820752418,0.0356810745111547,540,323,0.107785703957514,540,323,"17"
"B121",0.142780637017125,374,340,34,0.0559417748421425,0.0487034763661123,386,352,0.147122657632336,386,352,"17"
"B14A",0.0661741429376398,255,214,41,0.0540839935417563,0.0228474441425236,289,248,0.0690172204284297,289,248,"17"
"B164",0.0325606752320197,390,109,281,0.0167727031303031,0.00886531008835677,390,109,0.0267831184681376,390,109,"17"
"B2",0.044009604696899,209,152,57,0.0487998018276773,0.0150255874735734,231,174,0.0453899597457713,231,174,"17"
"B37",0.025623918222655,164,86,78,0.0439313621026462,0.00588913423376873,148,70,0.017791928570455,148,70,"17"
"B47",0.0163730896982598,107,54,53,0.0495475369854662,0.00524296042758739,117,64,0.0158382318458793,117,64,"17"
"B57",0.10328297860323,342,302,40,0.0544670503995613,0.0278455274086877,329,289,0.0841246163202857,329,289,"17"
"B66",0.0276519952569942,398,93,305,0.0125407186744255,0.0100256597071039,424,119,0.0302856426298397,424,119,"17"
"B68",0.0535297115816905,256,177,79,0.04391665623661,0.0169519644882163,275,196,0.0512086865012265,275,196,"17"
"B73",0.0066746563255282,208,22,186,0.0286779690478477,0.00218180574457554,214,28,0.00659076278543527,214,28,"17"
"B75",0.0245882102346417,190,79,111,0.0392476375633668,0.0065048013881798,190,79,0.0196518080199579,190,79,"17"
"B76",0.0393663696295595,497,138,359,-0.000355991869805732,0.0131144204155522,516,157,0.039615804601239,516,157,"17"
"B77",0.0829728588467588,297,267,30,0.0569640294037137,0.0231423278949857,281,251,0.0699110376459988,281,251,"17"
"B79",0.0698913607685851,351,227,124,0.0376092739120285,0.0231853660325428,376,252,0.0700379369110296,376,252,"17"
"B87",0.00223658564247746,346,6,340,0.00696345426029354,0.000528103057391568,344,4,0.00159541710704449,344,4,"17"
"B88",0.00102737478420646,158,1,157,0.0324204553722263,0.000326532205501537,158,1,0.000986388645104859,158,1,"17"
"B91",0.0993435656337603,511,295,216,0.0244577617276967,0.0338652226907973,534,318,0.102299503295472,534,318,"17"
"B97",0.0431134103583274,190,147,43,0.0537891088232348,0.0114856843688039,177,134,0.0346996463197033,177,134,"17"
"BEI 10 = NORTH 10",0.0500075706866368,456,166,290,0.0151475673144505,0.0140377563487754,457,167,0.0424076892660309,457,167,"17"
"BO9",0.1433862851527,654,341,313,0.0112165546278667,0.0458733570201248,660,347,0.138577155877427,660,347,"17"
"CA-4",0.0681407817388693,554,224,330,0.00887070179527421,0.0220410001004836,572,242,0.0665829161343552,572,242,"17"
"CG102",0.0176241661189076,144,58,86,0.04291045294357,0.00476237474692695,142,56,0.0143874460842386,142,56,"17"
"CH701-30",0.0509880139923462,401,170,231,0.0229975335535535,0.0114882699489884,366,135,0.0347074193130673,366,135,"17"
"CH711-10",0.0614727428956339,496,201,295,0.0141620553701355,0.0185144419167662,507,212,0.0559304150709806,507,212,"17"
"CH753-4",0.195451614798951,468,363,105,0.0397829495538615,0.0622772165611333,467,362,0.188126813566614,467,362,"17"
"CH9",0.0908989732043501,517,284,233,0.02278068694501,0.0320465327261555,543,310,0.0968058128912332,543,310,"17"
"CI 40H",0.0138573790773716,287,45,242,0.0218907356591826,0.00374469839379885,291,49,0.0113130003658139,291,49,"17"
"CM105",0.0167830727409253,411,56,355,0.00116847386891462,0.00460085001537764,410,55,0.0138996838173497,410,55,"17"
"CQ702RC",0.0709088210456318,581,234,347,0.00363297727870803,0.0193215020016167,566,219,0.0583722461045769,566,219,"17"
"CR 22 INBRED",0.0667928190616598,490,220,270,0.0182430270756213,0.0228849260868211,519,249,0.0691304198268563,519,249,"17"
"DE2",0.0156966229042415,120,51,69,0.0454606368616713,0.00424699379563104,121,52,0.0128303871430256,121,52,"17"
"DE3",0.00590775917362688,88,21,67,0.0462766807141337,0.00134774386348384,85,18,0.00407164162041521,85,18,"17"
"DE4",0.0308806168456961,325,102,223,0.0237442836725541,0.00836986884138379,325,102,0.0252861265091786,325,102,"17"
"DE811",0.0187708988101846,256,63,193,0.0279594692001533,0.00588527439997958,262,69,0.0177787211757789,262,69,"17"
"DJ7",0.116057259257077,666,324,342,0.00600429357244976,0.0370338861753997,673,331,0.111873793432474,673,331,"17"
"DK3IIH6",0.0343837406415152,463,118,345,0.00572568185482916,0.00943420072733662,460,115,0.0285008106022854,460,115,"17"
"DK4676A",0.136345944607272,402,337,65,0.0465073679835185,0.0472245513969926,414,349,0.142655248607697,414,349,"17"
"DK78002A",0.164170850371135,644,357,287,0.015541325698576,0.0521475360311022,642,355,0.157529233772007,642,355,"17"
"DK78010",0.0389898566733249,389,136,253,0.0204569911041494,0.0106045735104944,377,124,0.0320374689407131,377,124,"17"
"DK78371A",0.11160270620906,474,319,155,0.0325678795566765,0.0359074035789977,480,325,0.108468681946566,480,325,"17"
"DKFAPW",0.055440391634613,255,178,77,0.0439713750227028,0.0140926404293071,245,168,0.0425757653589607,245,168,"17"
"DKFBHJ",0.185329554014817,416,361,55,0.04929490059003,0.0587214428161074,415,360,0.177386238313142,415,360,"17"
"DKMBNA",0.0660986712971861,527,213,314,0.0110656627004527,0.021486345021026,551,237,0.0649056234873686,551,237,"17"
"DKPB80",0.0803634074565447,505,259,246,0.0216195634238163,0.0183793178302012,457,211,0.0555253041280769,457,211,"17"
"E8501",0.00514410677041807,251,17,234,0.0227176960953225,0.00149205237526206,254,20,0.00450739745063051,254,20,"17"
"EAST 028",0.0579188995889884,519,188,331,0.00877645483793603,0.0211889088855744,566,235,0.0640074798381535,566,235,"17"
"Eng-Li Chih",0.177571967168655,664,360,304,0.012555274482307,0.0644342411289612,668,364,0.194643693601437,668,364,"17"
"F118",0.121882510200119,400,327,73,0.0447321662919805,0.0323870134805655,384,311,0.0978392917133078,384,311,"17"
"F2834T",0.078908009167194,557,255,302,0.0127246574839455,0.0215085158644039,540,238,0.064979453535312,540,238,"17"
"FBLA",0.0367017809710811,476,123,353,0.00219037370129924,0.00998185652996237,470,117,0.0301554953212294,470,117,"17"
"FR19",0.00270325010106414,213,8,205,0.0261045993157914,0.000615337931343374,211,6,0.00185898745857188,211,6,"17"
"H105W",0.0327686210542549,312,110,202,0.0262539828178272,0.0089315363901163,313,111,0.0269830954607768,313,111,"17"
"H110",0.0434574967788885,237,149,88,0.0426857003041091,0.0117580514643846,228,140,0.035522043484908,228,140,"17"
"H113",0.139763551434402,663,339,324,0.00925626395732498,0.0342431882970526,643,319,0.103448623256609,643,319,"17"
"H121",0.00677419454974205,138,24,114,0.0387499638836635,0.0017510699165367,139,25,0.00529021014718327,139,25,"17"
"H122w",0.0417341036503855,240,143,97,0.0410164527395181,0.0107139946567493,224,127,0.0323683928733728,224,127,"17"
"H5",0.0422577394522693,461,144,317,0.0106187013861765,0.0115070586550368,454,137,0.0347639942651294,454,137,"17"
"H71",0.0435149700429921,256,150,106,0.039773699327532,0.0139588459762855,271,165,0.0421677187492623,271,165,"17"
"H84",0.150570143405896,349,348,1,0.0890166245549458,0.0478922144257897,352,351,0.144675933865385,352,351,"17"
"H91",0.127286257958657,623,330,293,0.0144846635370295,0.0286800515088146,583,290,0.0866458683332879,583,290,"17"
"H95",0.0832110940852863,449,268,181,0.0290081569837956,0.0299585765832624,479,298,0.0904996954416273,479,298,"17"
"H96",0.143772460632079,391,342,49,0.050580204662942,0.0382238451582768,385,336,0.115472010409859,385,336,"17"
"H99",0.0453406003238388,419,155,264,0.0191693597119385,0.0122531974351806,412,148,0.0370177972699732,412,148,"17"
"HP301",0.0750551772881792,451,245,206,0.0260606411521268,0.0202910911232683,431,225,0.0613017577643171,431,225,"17"
"HUOBAI",0.010327237135048,137,34,103,0.0402429277217111,0.00282837337953225,139,36,0.00854482962345053,139,36,"17"
"Hy",0.0861087932803554,434,271,163,0.0317301783063014,0.0235031082804348,418,255,0.0710053784813698,418,255,"17"
"I29",0.147644660356557,604,346,258,0.0200473779287357,0.0540411260563725,614,356,0.163247310527552,614,356,"17"
"Ia 453",0.0181191927387218,304,61,243,0.0217763722080314,0.00573550970714379,311,68,0.017325930354855,311,68,"17"
"IA2132",0.0803368432296206,305,258,47,0.0513752011800628,0.0220078191807519,287,240,0.0664880696207313,287,240,"17"
"IBB15",0.00225373032997782,348,7,341,0.00685509049660728,0.000743230539573783,350,9,0.00224519374004725,350,9,"17"
"IBC2",0.0184760192293317,77,62,15,0.0648944143736157,0.00510107277953669,74,59,0.0154103308390857,74,59,"17"
"ICI 193",0.0160412910220963,331,53,278,0.0169035447449487,0.00372195523599294,326,48,0.0112445745673996,326,48,"17"
"ICI 740",0.122061520696337,602,328,274,0.01751330841484,0.0423630840876599,618,344,0.12797204175814,618,344,"17"
"ICI 893",0.0434485421646697,399,148,251,0.0206378062571675,0.0117760867045428,392,141,0.0355766163699441,392,141,"17"
"ICI 986",0.0994487273277009,377,297,80,0.0438629485516538,0.0266602095216608,363,283,0.0805436776834922,363,283,"17"
"IDS28",0.0381132964097994,375,131,244,0.0217432000460693,0.013023728658444,400,156,0.0393426520288287,400,156,"17"
"IDS69",0.119501460091225,328,326,2,0.0804211956857465,0.0380799250559485,337,335,0.115033596844182,337,335,"17"
"IDS91",0.0120854123916373,122,41,81,0.043638059492879,0.00338214758517477,125,44,0.01021739181761,125,44,"17"
"INB 101LFY/LFY (A632 X M16 S5)",0.0700038961404783,419,228,191,0.0280859374184831,0.0252809655865751,461,270,0.0763693305311671,461,270,"17"
"INBRED 141",0.133406909322974,352,334,18,0.0638773039919781,0.0365085449806245,347,329,0.110296324244509,347,329,"17"
"INBRED 2-687",0.147178741894592,358,344,14,0.0656093961065305,0.0410548764407329,355,341,0.124026043914116,355,341,"17"
"INBRED 305",0.0705559008390757,331,232,99,0.0408495746369865,0.0223384154340834,343,244,0.0674803761582899,343,244,"17"
"INBRED 321",0.00719311521930455,95,25,70,0.0453509832994364,0.00162306375318375,93,23,0.00490348352203847,93,23,"17"
"K150",0.0383011774959817,406,133,273,0.0177799533769015,0.0137011840016318,434,161,0.041388939586719,434,161,"17"
"K41",0.105747905206991,442,308,134,0.0356592461186918,0.0374159139188832,466,332,0.113025608434756,466,332,"17"
"K47",0.111082624562402,502,318,184,0.0288158846425625,0.0303604127412157,485,301,0.0917220853070293,485,301,"17"
"KUNG-70",0.0109893725632657,144,35,109,0.0392786789779965,0.00299573163272414,147,38,0.00905041596096491,147,38,"17"
"L 127",0.0383839891350609,202,134,68,0.0458539279995673,0.0122203905669107,214,146,0.036915893362969,214,146,"17"
"L 139",0.0333972627696719,476,115,361,-0.0015339093109283,0.0122167980852555,506,145,0.0369045185360391,506,145,"17"
"L 289",0.107213180732321,496,311,185,0.028804224865479,0.0250020671453089,453,268,0.0755324434686973,453,268,"17"
"LH1",0.0622457120931524,513,203,310,0.0117502071961628,0.0169179259302901,505,195,0.051110706517646,505,195,"17"
"LH119",0.0118984037763313,161,38,123,0.0379391859048381,0.00276728785331628,158,35,0.00836011846602542,158,35,"17"
"LH128",0.0801492250143311,492,257,235,0.0225194981313694,0.0208667638209652,465,230,0.063041167246387,465,230,"17"
"LH143 (Maintainer)",0.109131591099353,649,315,334,0.00768008960739846,0.0346018117136782,655,321,0.104526222671634,655,321,"17"
"LH146Ht",0.112262033053782,464,320,144,0.0344726892027413,0.0374967041189495,477,333,0.11326936819165,477,333,"17"
"LH149",0.086599877683434,522,274,248,0.021391113892993,0.0234491240433634,502,254,0.070841825963904,502,254,"17"
"LH165",0.0605447870728722,387,198,189,0.0284691394114211,0.0159769496755407,376,187,0.048268349257336,376,187,"17"
"LH166",0.0983422965927061,488,293,195,0.027769766671817,0.0308625481031687,499,304,0.0932317346616624,499,304,"17"
"LH181",0.0502030525387522,331,167,164,0.0316350127732381,0.018146606883322,371,207,0.054817636432064,371,207,"17"
"LH184",0.0534590115910494,539,176,363,-0.00232171112927129,0.0149012677042811,536,173,0.045015488307505,536,173,"17"
"LH190",0.0440561761212053,366,153,213,0.0248341816751539,0.0142623634475587,383,170,0.0430835484913369,383,170,"17"
"LH192",0.0499555179160462,326,165,161,0.0319267898973971,0.0135047200654831,321,160,0.040798792853098,321,160,"17"
"LH194",0.13614552883915,458,336,122,0.0379734590674025,0.036960760790684,452,330,0.111659809208461,452,330,"17"
"LH195",0.0646909647230745,439,209,230,0.0230451052061334,0.0235219300449864,486,256,0.0710549533401041,486,256,"17"
"LH197",0.025283982059454,119,83,36,0.0557225045605094,0.00683693952789647,120,84,0.0206549327971331,120,84,"17"
"LH198",0.0655339614268758,506,210,296,0.0139306113034844,0.0177760232270459,501,205,0.0537030087203177,501,205,"17"
"LH202",0.0461384764864144,471,160,311,0.011710851353102,0.0121178732437877,454,143,0.0366096169660076,454,143,"17"
"LH204",0.0571100298307171,521,184,337,0.00714987972864128,0.015488785001982,514,177,0.0467930438602665,514,177,"17"
"LH205",0.110171532482218,496,317,179,0.0294902840154535,0.0349088749011332,501,322,0.105453023869431,501,322,"17"
"LH206",0.0675770162473443,587,222,365,-0.00788768339571256,0.0155717353478221,543,178,0.0470432047103271,543,178,"17"
"LH208",0.073277441799608,498,238,260,0.0200077195052027,0.0166272345950248,454,194,0.0502323785412414,454,194,"17"
"LH209",0.00201703265630186,337,4,333,0.00782392117103973,0.000658168297543219,340,7,0.00198818415806294,340,7,"17"
"LH214",0.0736637320839973,415,241,174,0.029837545258746,0.024876995708282,440,266,0.0751496292079961,440,266,"17"
"LH215",0.0602833318674662,482,197,285,0.016172669310948,0.0161371678831294,475,190,0.0487523190267219,475,190,"17"
"LH222",0.00363730746427911,287,12,275,0.0173217159669611,0.000985147642664037,287,12,0.00297617630530766,287,12,"17"
"LH223",0.0404476130511015,161,140,21,0.0634551225978068,0.00961233043960934,137,116,0.0290402691272433,137,116,"17"
"LH224",0.048671032568813,238,163,75,0.0445491088850595,0.0126161353244651,226,151,0.0381149770980924,226,151,"17"
"LH295",0.0246561496210936,232,80,152,0.0331829377269873,0.00876524950775853,258,106,0.0264779846057678,258,106,"17"
"LH60",0.0861532423825581,301,272,29,0.0576364141879218,0.0235709600545714,286,257,0.07121045076649,286,257,"17"
"LH74",0.0863531705217672,491,273,218,0.0241563322459109,0.0236684361770204,476,258,0.0715049945255008,476,258,"17"
"LH82",0.0584369768863522,226,191,35,0.0559007449447595,0.0187365466837838,250,215,0.0566004668853157,250,215,"17"
"LH93",0.0124648294679535,319,42,277,0.0170970935707198,0.00341103136407626,323,46,0.0103047773980032,323,46,"17"
"LIBC 4",0.0255046226138042,413,85,328,0.00898669116600781,0.00689339053819205,414,86,0.0208254448352164,414,86,"17"
"LP1 NR HT",0.0621401845692714,566,202,364,-0.00570789306226802,0.0196700985035718,585,221,0.0594197893535012,585,221,"17"
"LP5",0.0684917503525613,247,225,22,0.0611222810363,0.0200421877563612,246,224,0.0605460446249905,246,224,"17"
"M14",0.0519268489283096,237,174,63,0.047013815484746,0.0164707795826312,256,193,0.0497554674487671,256,193,"17"
"MBPM",0.0705319847329549,379,231,148,0.034095834652293,0.0226571356441213,395,247,0.0684424419479599,395,247,"17"
"MBWZ",0.12912271482368,675,331,344,0.00583629321884146,0.0411382855332366,686,342,0.124270404897883,686,342,"17"
"MM501D",0.0375555777260514,485,128,357,0.000785551173072433,0.0119471836042559,499,142,0.0360905528903612,499,142,"17"
"Mo17",0.0456325400957223,321,156,165,0.0315766036441725,0.0122482651839179,312,147,0.037003467641512,312,147,"17"
"Mo1W",0.0130373541843668,199,43,156,0.0325480077459289,0.00321721373026134,196,40,0.00971965896030062,196,40,"17"
"Mo46",0.0666753901958275,219,216,3,0.079623818185679,0.0158363253773717,186,183,0.0478438772097033,186,183,"17"
"Mo47",0.00728563229485349,378,27,351,0.00233923448670809,0.00170682502074842,375,24,0.00515657096971326,375,24,"17"
"Mo5",0.077900346394659,290,253,37,0.0552036445889858,0.0275391801620667,325,288,0.0831900675754201,325,288,"17"
"MQ305",0.0891637874591693,430,279,151,0.0332712377945207,0.0244325607510984,414,263,0.0738110657379795,414,263,"17"
"MS116",0.0839941014947086,353,269,84,0.0432033028722932,0.0224755403533492,329,245,0.0679013048857718,329,245,"17"
"MS132",0.107049190424722,423,310,113,0.0391154314730145,0.0292360700358185,407,294,0.0883227431569683,407,294,"17"
"MS200",0.00587571319718407,341,20,321,0.0101740650836102,0.001380162185123,340,19,0.00416967427111297,340,19,"17"
"MS211",0.0763056344684289,375,249,126,0.0373999013161462,0.0237368681037445,386,260,0.0717060526362119,386,260,"17"
"MS221",0.0120302995102259,319,40,279,0.0168331783311756,0.00325202258771596,320,41,0.0098246072524762,320,41,"17"
"MS224",0.0715010288915227,515,235,280,0.0168268516337455,0.0258706251159637,556,276,0.0781504354203791,556,276,"17"
"MS225",0.0416949694732874,196,142,54,0.0493557088309887,0.0115013133097639,190,136,0.0347454627776915,190,136,"17"
"MS226",0.0707186735177502,560,233,327,0.00899574297744881,0.0257260381566635,601,274,0.0777131175104684,601,274,"17"
"MS24A",0.0900833008229414,487,280,207,0.0256273343966255,0.0296289399231603,503,296,0.0895025862610592,503,296,"17"
"MS67",0.0277230313126359,105,94,11,0.0670270280080529,0.0072915337501988,103,92,0.022028636178065,103,92,"17"
"MS71",0.108457459289622,405,313,92,0.042328163500864,0.0270303209883141,378,286,0.081658190072487,378,286,"17"
"MS72",0.00148326242792338,302,3,299,0.0132418536316498,0.000348132664795821,301,2,0.0010517603126515,301,2,"17"
"N192",0.102658468250832,348,300,48,0.051056276682274,0.033505051544076,364,316,0.10121151684034,364,316,"17"
"N193",0.0517527134334369,244,172,72,0.0450171960752982,0.018683546937617,285,213,0.056439720450938,285,213,"17"
"N200",0.00402831413075798,37,14,23,0.0606291000446161,0.00108965982797303,37,14,0.00329192028544805,37,14,"17"
"N201",0.0263115132614309,326,89,237,0.0224307340158542,0.00663086494091736,318,81,0.020032750987242,318,81,"17"
"N209",0.0115951040633969,111,37,74,0.0447247403824227,0.00321056488482452,113,39,0.00969909477070465,113,39,"17"
"N211",0.115074263093151,330,323,7,0.0747150590274153,0.0315032097894892,314,307,0.0951746729570012,314,307,"17"
"N217",0.0757263696387361,339,248,91,0.0424318966922341,0.0199519056992901,314,223,0.0602771943214336,314,223,"17"
"N218",0.0323325965203224,173,107,66,0.0463474521902305,0.00858834694951107,171,105,0.0259464459601975,171,105,"17"
"N28Ht",0.10922524296183,462,316,146,0.0343366541056552,0.0394299701974974,485,339,0.11911103796653,485,339,"17"
"N501",0.0319372957400082,124,105,19,0.0635368783238767,0.00847865310571387,122,103,0.0256150488563355,122,103,"17"
"N523",0.00508632615148387,304,16,288,0.0154743790989154,0.00127023126568265,305,17,0.00383754540201323,305,17,"17"
"N527",0.0659242293537088,529,211,318,0.010573156919475,0.016371591862262,509,191,0.0494583761746972,509,191,"17"
"N534",0.0254674866685453,214,84,130,0.0364895704397868,0.00675927368527022,212,82,0.0204205937031336,212,82,"17"
"N542",0.104803157563435,573,306,267,0.018691697630192,0.0267194619367095,551,284,0.0807186472343899,551,284,"17"
"N6",0.0763265928837689,576,250,326,0.0092061816879853,0.0179187193011472,532,206,0.0541331686666735,532,206,"17"
"NC250",0.0251969424266351,192,82,110,0.039276820752964,0.00626043068292958,186,76,0.0189126811520102,186,76,"17"
"NC262",0.106256390391943,475,309,166,0.0311673421671327,0.0290780433829046,459,293,0.0878480577288867,459,293,"17"
"NC294",0.0138379548334476,186,44,142,0.0346353543915553,0.00458614223587842,196,54,0.0138540738194898,196,54,"17"
"NC310",0.066480227810102,561,215,346,0.00485979580152321,0.0170824578034758,543,197,0.0516054723673467,543,197,"17"
"NC326",0.0343945754113397,387,119,268,0.0184900533451132,0.00941128825332554,382,114,0.0284325665562244,382,114,"17"
"NC328",0.00301125705756036,93,10,83,0.0432464768509242,0.000965260969856802,94,11,0.00291585174769906,94,11,"17"
"NC342",0.0100628841338526,137,33,104,0.0399842695879656,0.00236712584984646,134,30,0.00715117665214424,134,30,"17"
"NC412",0.078064984894609,310,254,56,0.04898512060754,0.0211473188772152,290,234,0.0638870044185564,290,234,"17"
"ND259",0.164892853392169,366,358,8,0.0692726241516021,0.0470126688558099,356,348,0.142020861506829,356,348,"17"
"ND265",0.0810485756652741,461,263,198,0.027064944568489,0.0229269492606896,448,250,0.0692602441927752,448,250,"17"
"NK740",0.0567422749739319,232,182,50,0.0505307084131092,0.0153653513489191,226,176,0.0464200554514979,226,176,"17"
"NK778",0.0385465195937581,307,135,172,0.0302645652458789,0.0140222425165256,338,166,0.0423584962941193,338,166,"17"
"NK807",0.0336097449030265,287,116,171,0.0303027104790542,0.00915473247486468,284,113,0.0276573826607464,284,113,"17"
"NKS8326",0.0612270899121877,445,200,245,0.0216292556942646,0.0212705103262817,481,236,0.0642536638486193,481,236,"17"
"NORTH 7",0.032287956948379,158,106,52,0.0504740248077182,0.00783988286361332,147,95,0.0236854222284824,147,95,"17"
"NQ508",0.0331033416084037,451,112,339,0.00698697038859152,0.0111056131868506,469,130,0.0335476376971749,469,130,"17"
"NS501",0.10569658492142,448,307,141,0.0346861092984868,0.0289330797384929,433,292,0.0874101035943364,433,292,"17"
"NS701",0.0172337379312104,269,57,212,0.0249716018792755,0.00450165566640201,265,53,0.0136000742932319,265,53,"17"
"NY6371",0.0588331441762266,220,193,27,0.0589508031656229,0.015869645335333,211,184,0.0479440643052026,211,184,"17"
"Ny821",0.0223101692571658,383,75,308,0.0118229972907237,0.00706325791159127,397,89,0.021336786552571,397,89,"17"
"OH33",0.0513577257231476,346,171,175,0.029654060214143,0.0175196261849894,377,202,0.0529229977809362,377,202,"17"
"Oh40B",0.0571513971422484,441,185,256,0.0202109488848708,0.0187763502428365,472,216,0.0567192745767791,472,216,"17"
"Oh43",0.102750967353492,585,301,284,0.0164242461904033,0.0307629409231044,587,303,0.0929313399734337,587,303,"17"
"Oh7",0.0257089954489937,93,88,5,0.0764950625837732,0.00695645557615425,92,87,0.0210160289831523,92,87,"17"
"OQ403",0.0560697292557785,436,181,255,0.0203494728604235,0.0163744052017607,447,192,0.0494659591420972,447,192,"17"
"OQ603",0.0667651761508752,446,218,228,0.0232652887064279,0.0182839737954503,437,209,0.0552379105756084,437,209,"17"
"Os420",0.152885573267105,541,349,192,0.0280820469721466,0.052095654758087,546,354,0.157372896359917,546,354,"17"
"OS602",0.157695154083217,549,353,196,0.0274942618551058,0.0568974521296219,554,358,0.171875490979581,554,358,"17"
"Pa392",0.109105674209649,508,314,194,0.0278562883564605,0.036403606250263,522,328,0.10996735731395,522,328,"17"
"Pa405",0.0189526952364618,421,65,356,0.000931059895322318,0.00514903388067543,418,62,0.0155557290658413,418,62,"17"
"Pa875",0.160219383971925,482,355,127,0.037259732429659,0.0568770375129589,484,357,0.171815953421748,484,357,"17"
"Pa880",0.0224971954555259,235,77,158,0.0323583318796698,0.0061519278167934,233,75,0.0185856711515961,233,75,"17"
"Pa91",0.099908872114119,315,299,16,0.0643072276106044,0.0263487413706555,295,279,0.0796028248067447,295,279,"17"
"PH207",0.0591897468950854,392,195,197,0.0273169475466681,0.0190661208611326,414,217,0.0575947124060648,414,217,"17"
"PHB09",0.0215754049353946,298,72,226,0.0232721416377955,0.00698730834851678,314,88,0.0211071626131855,314,88,"17"
"PHB47",0.0879278504669539,576,278,298,0.0134625555540725,0.0239712532483619,559,261,0.0724198954640015,559,261,"17"
"PHBA6",0.0217943609352456,380,73,307,0.0118498223601091,0.00592272447573348,378,71,0.0178931271530048,378,71,"17"
"PHBB3",0.0522660927273684,422,175,247,0.0215316584683895,0.0160476706661627,436,189,0.0484783220295936,436,189,"17"
"PHEG9",0.0360957104415743,245,120,125,0.0375240137305915,0.0115830049296617,264,139,0.0349906431844206,264,139,"17"
"PHG29",0.0858639606048923,330,270,60,0.0478481480574982,0.0259866625588413,337,277,0.078503214088303,337,277,"17"
"PHG47",0.0953694218821783,582,291,291,0.0151132022990441,0.0317661895190471,599,308,0.095958732225598,599,308,"17"
"PHG71",0.0329561005048664,198,111,87,0.0428397475796652,0.00890268388723255,197,110,0.0268960506508467,197,110,"17"
"PHG80",0.0667753833412813,422,219,203,0.0262172033967571,0.0150505488561304,378,175,0.0454695631774762,378,175,"17"
"PHG83",0.0438178934750756,470,151,319,0.0103826122470841,0.013884118260203,482,163,0.0419415304287602,482,163,"17"
"PHG86",0.0179235415402604,161,60,101,0.04032248323153,0.00646111257957248,179,78,0.0195179050876004,179,78,"17"
"PHH93",0.107915383468413,573,312,261,0.0197122041997467,0.0299037254817606,558,297,0.0903367497880416,558,297,"17"
"PHHH9",0.0382637313307671,308,132,176,0.0295441138977836,0.0103569848108019,299,123,0.0312893268381938,299,123,"17"
"PHHV4",0.0378340166738476,423,129,294,0.0142232363125275,0.0126719639220116,447,153,0.0382792411889741,447,153,"17"
"PHJ70",0.212877515440602,369,365,4,0.0772634109406587,0.0630102846848591,367,363,0.190347168832421,367,363,"17"
"PHJ89",0.0463774547893166,292,161,131,0.036091516515924,0.0146335641675051,303,172,0.0442060644470529,303,172,"17"
"PHJ90",0.159033146122401,462,354,108,0.0395501482284331,0.0360214381593856,434,326,0.108825641806798,434,326,"17"
"PHJR5",0.0944733988427891,462,289,173,0.0298529061670708,0.031337598881215,478,305,0.0946640554256515,478,305,"17"
"PHK35",0.0509109548855682,328,169,159,0.0321301133983842,0.0138544747564176,321,162,0.0418547701945345,321,162,"17"
"PHK42",0.0509034969881342,382,168,214,0.0248136076014978,0.0139319293576105,378,164,0.0420898908989428,378,164,"17"
"PHK56",0.055925561620687,237,179,58,0.0482785173538253,0.013223836483978,216,158,0.0399511659253209,216,158,"17"
"PHK74",0.272350901674495,397,366,31,0.0568605849905378,0.0875319582156975,397,366,0.264415611241378,397,366,"17"
"PHKE6",0.0264506000346154,115,90,25,0.060100037330441,0.0074105398036999,119,94,0.0223870630573441,119,94,"17"
"PHM10",0.0431089904499109,284,146,138,0.0351699324692938,0.0114762977879477,271,133,0.034671290793802,271,133,"17"
"PHN11",0.0189372082366649,407,64,343,0.00596513562114593,0.00511979643992581,404,61,0.0154673006335703,404,61,"17"
"PHN29",0.0801114110699708,317,256,61,0.047332718514428,0.0257267791100968,336,275,0.077715193975428,336,275,"17"
"PHN66",0.076743710020633,475,251,224,0.0236766765662542,0.0187069492961167,438,214,0.0565137490238151,438,214,"17"
"PHN82",0.014975895889898,167,50,117,0.038302905652384,0.00338877864927916,162,45,0.0102379545012526,162,45,"17"
"PHP02",0.0306844637993124,281,101,180,0.0290400006761181,0.00829431557041511,281,101,0.0250577543010626,281,101,"17"
"PHP55",0.0660593489440954,537,212,325,0.00923120081369206,0.0210752982953272,558,233,0.0636641615133697,558,233,"17"
"PHP76",0.0362138823280677,350,121,229,0.0231160589870565,0.00848187337169467,333,104,0.0256241020228008,333,104,"17"
"PHP85",0.0205643803281376,394,71,323,0.00978958504166147,0.00652648455563351,403,80,0.0197156359035571,403,80,"17"
"PHPR5",0.0315489320520491,237,104,133,0.035732533347617,0.00718226444535834,224,91,0.0216982212191174,224,91,"17"
"PHR03",0.037936484872606,249,130,119,0.0381963538447672,0.0102812401845324,241,122,0.0310605476201632,241,122,"17"
"PHR30",0.0935705952610012,327,288,39,0.0546173318651127,0.0338015408365469,356,317,0.102108446248775,356,317,"17"
"PHR31",0.0372407327829131,376,127,249,0.0207874943313181,0.0101983901749883,370,121,0.030810466403917,370,121,"17"
"PHR36",0.0339152044027536,202,117,85,0.0430339216907805,0.0123088292610812,234,149,0.0371826485003217,234,149,"17"
"PHR47",0.0996864831373389,391,298,93,0.04225410908437,0.0269466855123584,378,285,0.0814041166804797,378,285,"17"
"PHR63",0.0917277622301204,468,286,182,0.028987157998228,0.0264245187059883,463,281,0.0798270004763548,463,281,"17"
"PHT10",0.0752476134049645,289,247,42,0.0539775811642385,0.0245908444636176,306,264,0.0742836182347214,306,264,"17"
"PHT47",0.00301197578551969,230,11,219,0.0240897650362958,0.000817806208363126,229,10,0.00247062204602912,229,10,"17"
"PHT55",0.0449637561344604,174,154,20,0.0634852853732119,0.0122027369144287,164,144,0.0368656141429041,164,144,"17"
"PHTM9",0.0870271043573309,607,275,332,0.00854982784666597,0.0254022190219274,605,273,0.0767383790808273,605,273,"17"
"PHV37",0.0140600933186087,287,46,241,0.0221036858886528,0.00327886889777837,283,42,0.0099059473519189,283,42,"17"
"PHV57",0.0824471237010441,452,265,187,0.0286341473116598,0.0225502605424768,433,246,0.0681267961870521,433,246,"17"
"PHV63",0.0559603336308648,325,180,145,0.03444940536285,0.0126785609926468,299,154,0.0383031238491366,299,154,"17"
"PHVA9",0.0305645644399435,462,100,362,-0.00166493943378753,0.00805733436140736,461,99,0.0243422102394617,461,99,"17"
"PHVJ4",0.00727738318414021,186,26,160,0.0320060583463921,0.00175230166896968,186,26,0.00529395951763127,186,26,"17"
"PHW03",0.0290035072316672,450,96,354,0.00154530955262342,0.00789086794865364,451,97,0.0238391002957127,451,97,"17"
"PHW17",0.0198212571820687,307,68,239,0.0222206980269068,0.0054159537337347,305,66,0.0163622113547405,305,66,"17"
"PHW20",0.157595644154764,505,352,153,0.0328937076030011,0.0431977233835385,498,345,0.130505160018037,498,345,"17"
"PHW30",0.0584274098609904,306,190,116,0.038550260281309,0.0175233061978321,319,203,0.0529359002421946,319,203,"17"
"PHW43",0.0912610872655336,455,285,170,0.0304037919197017,0.0329915766243582,484,314,0.0996616087106106,484,314,"17"
"PHW52",0.0628939595533706,520,205,315,0.0107836764406065,0.0171622464659581,514,199,0.0518489562520291,514,199,"17"
"PHW53",0.0908684658596541,535,283,252,0.0204629455318885,0.0253814654380053,524,272,0.0766769029188654,524,272,"17"
"PHW80",0.0160304905919486,273,52,221,0.0239674159851075,0.00511032590097755,281,60,0.0154376479417744,281,60,"17"
"PHWG5",0.00676338309595002,211,23,188,0.0285206733379565,0.00161826577093453,210,22,0.00488901874489086,210,22,"17"
"PHZ51",0.0141345426530266,159,47,112,0.0392373902416191,0.00365568216416018,159,47,0.0110442910932208,159,47,"17"
"Q381",0.0146236211458331,225,48,177,0.0295371219976843,0.00335035683963652,220,43,0.0101219099356902,220,43,"17"
"R168",0.0372029911578908,269,126,143,0.0344745976625845,0.0114333469022078,275,132,0.0345389295460533,275,132,"17"
"R177",0.057862785389635,251,187,64,0.0469315430549821,0.0158301376599571,246,182,0.0478246376469554,246,182,"17"
"R181B",0.104218505455173,514,304,210,0.025108659115675,0.0250335880484721,479,269,0.0756268772353892,479,269,"17"
"R226",0.039140478511452,336,137,199,0.027055186470652,0.0126702355960706,351,152,0.0382740711677263,351,152,"17"
"R229",0.012020521833137,389,39,350,0.00242767544024448,0.00271480645860898,383,33,0.00820178460395064,383,33,"17"
"R71",0.0608003780983788,470,199,271,0.018176971827053,0.0219090432090207,510,239,0.0661827029942964,510,239,"17"
"R78",0.0751223809893051,308,246,62,0.0472257394199855,0.0245997742638701,327,265,0.0743105845766497,327,265,"17"
"SD101",0.080664014224813,548,262,286,0.0157059926358792,0.0261921023409302,564,278,0.0791207116501012,564,278,"17"
"SD102",0.00372051444478477,333,13,320,0.0102953208348058,0.00103236774865185,333,13,0.00311869925206518,333,13,"17"
"SD107",0.13834560307871,601,338,263,0.0195927836387145,0.0390075593296691,600,337,0.117838374552745,600,337,"17"
"SD40",0.0095593570887181,270,32,238,0.0223477450520732,0.00275465443882985,272,34,0.00832165693827307,272,34,"17"
"SD44",0.056947694976645,445,183,262,0.0195954725663367,0.0157416011767323,442,180,0.0475553142894495,442,180,"17"
"SG 30A",0.00271810823612205,129,9,120,0.0380857149482589,0.000613173146465724,125,5,0.00185247415890852,125,5,"17"
"T242",0.00562670618201867,353,18,335,0.00722412071914681,0.00126848604764528,351,16,0.00383225439196623,351,16,"17"
"Tr",0.0457737229007381,167,158,9,0.0680402624805491,0.0108934392192065,137,128,0.0329106866468393,137,128,"17"
"TZU-CHIAO-HSI-WU 105",0.0633335512454852,529,207,322,0.0100805799755475,0.0171175217664366,520,198,0.0517133010513725,520,198,"17"
"Va26",0.0627984204613128,275,204,71,0.045222384828044,0.0171711079883245,271,200,0.0518742080997681,271,200,"17"
"Va35",0.0588038079454881,424,192,232,0.022873271426746,0.0133744692796206,391,159,0.0404061385977824,391,159,"17"
"Va52",0.114632109839938,354,322,32,0.0566315286814057,0.0314410639846339,338,306,0.0949810884387137,338,306,"17"
"Va99",0.0734146533548675,515,239,276,0.0173205204678215,0.0264051634431486,556,280,0.0797645436411426,556,280,"17"
"W182E",0.03665430850144,291,122,169,0.0305743280623359,0.00877564958557507,276,107,0.026512526629095,276,107,"17"
"W22",0.00781600093715893,123,29,94,0.0416485536006388,0.0026955091718231,125,31,0.00814255365595942,125,31,"17"
"W23",0.0702245510627717,431,230,201,0.0264282329582567,0.0253565119863819,472,271,0.0765975595888684,472,271,"17"
"W24",0.0951514542353517,458,290,168,0.0307351801050757,0.0342706737087123,488,320,0.103525793892784,488,320,"17"
"W32",0.0113875921346382,352,36,316,0.0106848238346077,0.00270732776271097,348,32,0.00817923671620704,348,32,"17"
"W37A",0.171288866632073,383,359,24,0.0603576982799785,0.0574224628604079,383,359,0.173460747116079,383,359,"17"
"W552",0.0578044632641591,336,186,150,0.0335952663029877,0.0183680149363783,360,210,0.0554861158218114,360,210,"17"
"W603S",0.0457384009990669,311,157,154,0.0326069314678695,0.0125153240078798,304,150,0.0378101662045821,304,150,"17"
"W604S",0.00938737292828517,240,31,209,0.0252208678536,0.00217540464281668,236,27,0.00657201909109847,236,27,"17"
"W605S",0.124156779695081,689,329,360,-0.00106298652250923,0.0302897957217215,660,300,0.0915055401817246,660,300,"17"
"W607S",0.0284715664514746,193,95,98,0.0409486949389828,0.007976317108303,196,98,0.024096263298634,196,98,"17"
"W610S",0.001334581603513,8,2,6,0.0758314913437298,0.000374281564770767,9,3,0.00113069513145239,9,3,"17"
"W611S",0.00918989054704696,81,30,51,0.0504900809264775,0.00290977233099513,88,37,0.00878990630538199,88,37,"17"
"W612S",0.131704187293171,422,332,90,0.042595216560083,0.0395093500548362,430,340,0.119353216179483,430,340,"17"
"W614S",0.0676820271062826,589,223,366,-0.00825018552785793,0.0175809465802427,570,204,0.0531143037551175,570,204,"17"
"W64A",0.1475075424368,452,345,107,0.0395771072198395,0.0422070258287045,450,343,0.127505365884365,450,343,"17"
"W701BC",0.0701724451993222,376,229,147,0.0341590495919427,0.0233841443380276,400,253,0.0706400729910243,400,253,"17"
"W803G",0.0190466298384993,288,66,222,0.0238079674604292,0.00520934132001203,285,63,0.0157375052572904,285,63,"17"
"W809G",0.0333879510783028,250,114,136,0.0353781984315301,0.0106564141398455,262,126,0.032191581601457,262,126,"17"
"W810G",0.051756167898685,291,173,118,0.038248682467524,0.0141089904937132,287,169,0.0426236027293671,287,169,"17"
"W811G",0.0291553257173758,380,97,283,0.0166303564609275,0.00788087266060489,379,96,0.0238085847384719,379,96,"17"
"W813G",0.0292726390372915,265,98,167,0.0310689566872444,0.00684632280573386,252,85,0.0206837538938346,252,85,"17"
"W8304",0.032520498532451,400,108,292,0.0149820137304608,0.00881555375218929,400,108,0.0266321595625705,400,108,"17"
"W9",0.0309158009855478,372,103,269,0.0184608737298903,0.0112919716189898,400,131,0.0341107560708136,400,131,"17"
"WIL900",0.0667586829577123,317,217,100,0.0407472813385594,0.0173800709683286,301,201,0.0525074215119994,301,201,"17"
"WU-TAN-TZAO",0.0167157835170963,275,55,220,0.0240363861230105,0.00378304309640236,270,50,0.0114289392314624,270,50,"17"
"YE 4",0.0806091492114565,343,261,82,0.0432768746737627,0.0210300607709608,314,232,0.0635308282135692,314,232,"17"
"YING-55",0.0984235496572599,502,294,208,0.0254865749213418,0.0332904502001458,523,315,0.10056321403234,523,315,"17"
"Yu796 NS",0.0687459981829424,322,226,96,0.0412535045257463,0.0220515764141061,339,243,0.0666147222840962,339,243,"17"
"ZS365",0.0333797216965151,159,113,46,0.0514110607231818,0.00912304169627991,158,112,0.0275616939549981,158,112,"17"
"ZS635",0.0598214948630509,333,196,137,0.0352328809687145,0.0159733010444987,323,186,0.0482572698527637,323,186,"17"
"1538",0.115607533013503,575,327,248,0.0174023733736105,0.0484537405565436,587,339,0.229746406754737,587,339,"18"
"29MIBZ2",0.00837881168194391,217,12,205,0.0225330687566788,0.00170661092953338,211,6,0.0080883432110877,211,6,"18"
"2FACC",0.0751534200334892,515,237,278,0.0124733149682325,0.0321970215947756,542,264,0.152665761242238,542,264,"18"
"2MA22",0.0221536918409435,330,58,272,0.0134257957841627,0.00905578146715252,344,72,0.0429384572875603,344,72,"18"
"3IJI1",0.0734569808110694,418,233,185,0.0253129925210467,0.0199108567850925,366,181,0.0943910364000784,366,181,"18"
"4226",0.0509687086285449,322,159,163,0.0271096956464805,0.0222492857519428,363,200,0.105497258196185,363,200,"18"
"4N506",0.103215594917842,621,306,315,0.00487904304657975,0.0441362378280223,638,323,0.209276676225232,638,323,"18"
"6M502",0.0548845203255754,464,178,286,0.010423723020204,0.0157824365457171,436,150,0.0748215902053273,436,150,"18"
"6M502A",0.121700896572881,541,339,202,0.0230495612472075,0.0409261801996849,499,297,0.194048358618255,499,297,"18"
"764",0.0422260843982239,292,131,161,0.027346303544585,0.00945883788326763,239,78,0.0448356993130731,239,78,"18"
"78010",0.102031892436891,611,303,308,0.00579929403939992,0.0434997027765681,628,320,0.206257510276457,628,320,"18"
"793",0.0415017053629542,175,129,46,0.045856158412109,0.0178100667899439,214,168,0.0844484545295353,214,168,"18"
"87916W",0.0201814316330646,301,52,249,0.0173350846736874,0.00674220446252689,291,42,0.0319660341789706,291,42,"18"
"911",0.0354034862912875,378,104,274,0.012832413221338,0.0120128010059962,384,110,0.0569578786131516,384,110,"18"
"912",0.0201162925528921,332,51,281,0.012114866955927,0.00836704396833927,344,63,0.0396720709831061,344,63,"18"
"91IFC2",0.0707126963165432,590,227,363,-0.00911290137697257,0.031101288721682,622,259,0.147469526580114,622,259,"18"
"A",0.0798883278095444,323,250,73,0.0415789558043863,0.0317327796361129,335,262,0.150458649488399,335,262,"18"
"A208",0.00375271195129926,248,2,246,0.0175489419371812,0.000958695480486464,249,3,0.00454514959281617,249,3,"18"
"A239",0.0517795714862398,469,166,303,0.00646674179438972,0.0106064495347226,395,92,0.0502738441154928,395,92,"18"
"A272",0.0523359506763477,192,169,23,0.0540133964678848,0.018999650285464,195,172,0.0900865794334821,195,172,"18"
"A305",0.0306941265415264,200,87,113,0.0342194754969717,0.0105317104702926,203,90,0.049935493519762,203,90,"18"
"A322",0.0135416698794384,219,30,189,0.0242658222259465,0.00472966744680031,218,29,0.0224255144655508,218,29,"18"
"A334",0.0252286474372932,387,70,317,0.00433190326344643,0.0111393817888634,417,100,0.0528182843457071,417,100,"18"
"A340",0.0820737434650035,618,257,361,-0.00833675220726082,0.0356445947656727,638,277,0.169012733936295,638,277,"18"
"A374",0.0956826761537156,521,285,236,0.0179894124832585,0.0286578643778367,480,244,0.135864708499916,480,244,"18"
"A385",0.010234828414235,244,19,225,0.0186556364563008,0.00209782402118081,233,8,0.00994237821884184,233,8,"18"
"A401",0.0261276125412962,111,73,38,0.0476434944495382,0.0111411166625314,139,101,0.0528265796908455,139,101,"18"
"A427",0.143306043684586,709,358,351,-0.00515752380525801,0.0620461562440329,709,358,0.294198816403417,709,358,"18"
"A548",0.0635007100071766,527,195,332,0.000770710266176436,0.0239970775183534,547,215,0.113782434641872,547,215,"18"
"A572",0.408372714631139,368,366,2,0.078385840388411,0.174220615549416,368,366,0.82608333425932,368,366,"18"
"A619",0.0173990097079413,90,40,50,0.0450506248989891,0.00638798398584346,88,38,0.0302885871594308,88,38,"18"
"A627",0.0315033245881901,360,89,271,0.0134494624317133,0.0136994472805704,401,130,0.0649569503502193,401,130,"18"
"A632",0.141409033122263,526,356,170,0.0265758104154675,0.0551949783943964,524,354,0.261701964139818,524,354,"18"
"A635",0.0303037757257697,375,86,289,0.00988034348838974,0.0129667573576146,407,118,0.0614832878756632,407,118,"18"
"A641",0.0244234229554696,245,67,178,0.0259513610963581,0.00686589526453255,225,47,0.0325524691480474,225,47,"18"
"A648",0.0698619773665397,341,224,117,0.03378051667093,0.0297916269453774,367,250,0.14125833188558,367,250,"18"
"A663",0.0975483388943205,630,292,338,-0.00109493958401974,0.0417124161077036,642,304,0.197783865707774,642,304,"18"
"A672",0.132729380588535,682,348,334,0.000261563035216262,0.0479936041050282,670,336,0.22755280725144,670,336,"18"
"A674",0.0628797574167762,550,193,357,-0.00784840676022489,0.0262168105210258,580,223,0.124308575795761,580,223,"18"
"A679",0.126403631496062,496,343,153,0.028586643626188,0.0508347556412547,497,344,0.24102987145509,497,344,"18"
"A680",0.0354840493424417,203,105,98,0.0366787820763648,0.0151576364652637,239,141,0.0718714841140323,239,141,"18"
"A682",0.0652763954925653,284,209,75,0.0408340789070108,0.0278447589650336,314,239,0.132028490990543,314,239,"18"
"A71",0.0488421941711274,323,151,172,0.0262848304635683,0.0214783829560915,366,194,0.101841670041931,366,194,"18"
"A73",0.11205286217871,648,323,325,0.00170665166767831,0.0421913348288466,639,314,0.200050634769493,639,314,"18"
"A797NW",0.248836895552093,372,365,7,0.0693579746692882,0.107067100908777,372,365,0.507666272692868,372,365,"18"
"AQA3",0.100391712965292,462,298,164,0.0270447268532205,0.0348745770269898,439,275,0.165356149309626,439,275,"18"
"AS6103",0.0101520291759091,346,18,328,0.00147184614924821,0.00432816956345378,354,26,0.0205223813135672,354,26,"18"
"AusTRCF 306238",0.0549622084121413,322,179,143,0.0302827736559288,0.0165270340005612,301,158,0.0783535769396856,301,158,"18"
"B-18 INBR.FR.SUPERGOLD",0.0299642766672809,341,84,257,0.016189200004271,0.0131768782788763,377,120,0.062479195516175,377,120,"18"
"B-28",0.0511144115386305,451,160,291,0.00934819509550207,0.021746622887741,486,195,0.103113075382988,486,195,"18"
"B103",0.0974058410693109,393,291,102,0.0359718454886812,0.0420867597038767,414,312,0.19955742180806,414,312,"18"
"B104",0.108392832755879,507,317,190,0.0235648986630127,0.0282156538914168,430,240,0.133758549765597,430,240,"18"
"B105",0.0241111061889103,262,66,196,0.0232403683921753,0.0105014372749562,285,89,0.0497936712328912,285,89,"18"
"B108",0.170600243530246,414,362,52,0.0448074266290916,0.0691882198806199,415,363,0.328059296193809,415,363,"18"
"B109",0.0193507491447292,191,47,144,0.0299566672289406,0.00647466972791408,183,39,0.0306991210890024,183,39,"18"
"B110",0.011278775946037,106,21,85,0.0384055393907159,0.00292960917225121,103,18,0.0138880281467833,103,18,"18"
"B111",0.0200782993425326,154,50,104,0.0358515781408683,0.00859813023507928,170,66,0.0407689841627093,170,66,"18"
"B115",0.0879842475811466,477,269,208,0.022327260122049,0.0264320869756742,436,228,0.125312707091519,436,228,"18"
"B119",0.0119728609591204,56,24,32,0.049884296800102,0.00301693911482347,51,19,0.0143031160010887,51,19,"18"
"B120",0.0639859628223177,345,197,148,0.0292644266373172,0.0132544958608849,269,121,0.0628268011210945,269,121,"18"
"B121",0.0752259316117931,536,239,297,0.00822643095393708,0.0197260694574017,477,180,0.0935133815444446,477,180,"18"
"B14A",0.0237505583915764,89,65,24,0.054007958458837,0.00971923352489992,105,81,0.0460833012798961,105,81,"18"
"B164",0.0298580543670374,302,82,220,0.0201641940020907,0.0119500593502771,328,108,0.0566617139003819,328,108,"18"
"B2",0.116875274336626,365,329,36,0.0481195003317727,0.0471942778076701,370,334,0.223768947100261,370,334,"18"
"B37",0.0591182800821617,265,186,79,0.040130242355005,0.0235491661996974,288,209,0.111656711028187,288,209,"18"
"B47",0.04658891089303,156,143,13,0.0597786069652658,0.0136877283712071,142,129,0.0648970514910708,142,129,"18"
"B57",0.0647367389600403,306,203,103,0.0358630352221616,0.0253057425625154,321,218,0.119987960568482,321,218,"18"
"B66",0.00910981086136234,267,15,252,0.0168832171304657,0.00374330454952626,275,23,0.0177487206330545,275,23,"18"
"B68",0.0378320722490128,255,113,142,0.03031957981365,0.0164912888160375,299,157,0.0781951636360268,299,157,"18"
"B73",0.0235404504719892,269,62,207,0.0224011601040056,0.0102558235415671,295,88,0.048629063690536,295,88,"18"
"B75",0.00211783723448655,98,1,97,0.0366942687350322,0.000431118518698533,98,1,0.00204344172159853,98,1,"18"
"B76",0.0325404441163504,434,95,339,-0.00146307687057354,0.0102380111965527,426,87,0.048538970081838,426,87,"18"
"B77",0.0683460498055682,372,222,150,0.0288022991582632,0.0151695742211907,293,143,0.0719045017150663,293,143,"18"
"B79",0.0377604138147187,188,112,76,0.0408091008809452,0.0151397992039311,216,140,0.0717843848383264,216,140,"18"
"B87",0.0704489088131689,581,226,355,-0.00740899998279402,0.030949280248789,612,257,0.146748832447611,612,257,"18"
"B88",0.0114267368481998,159,22,137,0.0307069450327333,0.00461004304922682,165,28,0.0218587317495027,165,28,"18"
"B91",0.100724761385856,393,300,93,0.0374667543188725,0.0429675006523257,408,315,0.203732015116419,408,315,"18"
"B97",0.0210042547589825,118,55,63,0.0431799655138661,0.00713197773178309,111,48,0.0338157917056392,111,48,"18"
"BEI 10 = NORTH 10",0.0623833346716114,419,192,227,0.0185437142301045,0.0265877714134021,457,230,0.12606762373056,457,230,"18"
"BO9",0.0520494596726625,419,168,251,0.0171553352411568,0.0142879945792373,386,135,0.0677413535853513,386,135,"18"
"CA-4",0.049808574128794,451,155,296,0.00828653819647529,0.0102065496270942,382,86,0.0483726771115254,382,86,"18"
"CG102",0.101517107700729,371,302,69,0.0419046839230313,0.0433676656412016,387,318,0.205632237726678,387,318,"18"
"CH701-30",0.0339638106454496,317,96,221,0.0201604433850022,0.0068356463481098,265,44,0.0323985090216776,265,44,"18"
"CH711-10",0.105994277597872,596,313,283,0.011389109507963,0.0434481423927451,602,319,0.206007443594592,602,319,"18"
"CH753-4",0.0554969762920287,525,181,344,-0.0024174454257078,0.0112340486285066,447,103,0.0532433446266202,447,103,"18"
"CH9",0.0714857157205559,377,228,149,0.0289740787090995,0.0204322645836674,334,185,0.096865300647895,334,185,"18"
"CI 40H",0.0264872288075043,310,75,235,0.018054237255649,0.0115214243005181,341,106,0.0546300674397867,341,106,"18"
"CM105",0.0667824211198703,581,215,366,-0.0138635660391786,0.0277547540533005,602,236,0.131600792445145,602,236,"18"
"CQ702RC",0.036538084491637,440,109,331,0.000940724870713042,0.015663175717461,478,147,0.0742687064955537,478,147,"18"
"CR 22 INBRED",0.0480680704003774,404,149,255,0.016230354729209,0.0200133206429724,437,182,0.0948943465252403,437,182,"18"
"DE2",0.0315645636849147,156,90,66,0.0423462896600652,0.011057586321363,163,97,0.0524290961245925,163,97,"18"
"DE3",0.00675802876600076,56,9,47,0.0455506108170642,0.00134270562011548,51,4,0.00636354221871404,51,4,"18"
"DE4",0.00969065220204383,261,16,245,0.0176656774927052,0.00314577931673428,265,20,0.014914536168206,265,20,"18"
"DE811",0.066425997616934,332,212,120,0.0334041899200155,0.0285577823463775,363,243,0.135410002184479,363,243,"18"
"DJ7",0.0315861098427585,304,91,213,0.0212054468239085,0.0134645364116732,338,125,0.0638431962619137,338,125,"18"
"DK3IIH6",0.0511371412554157,436,161,275,0.0127908870498743,0.0193940158891437,451,176,0.0919543393879137,451,176,"18"
"DK4676A",0.0367503270651204,336,110,226,0.018626849302792,0.0161631638053024,378,152,0.0766390798313464,378,152,"18"
"DK78002A",0.0249579956699378,210,69,141,0.0303678958045489,0.0109636540313189,237,96,0.0519851660507674,237,96,"18"
"DK78010",0.00804234909294294,227,11,216,0.021036995231618,0.00249617750545884,229,13,0.0118344292396664,229,13,"18"
"DK78371A",0.0673460233645436,569,219,350,-0.00470369470622369,0.0287561831478822,596,246,0.136350319663631,596,246,"18"
"DKFAPW",0.0757724284791544,350,240,110,0.0344923790666554,0.033311326474256,378,268,0.157948248230013,378,268,"18"
"DKFBHJ",0.138235123470562,707,351,356,-0.00741830691558919,0.0511692522402254,702,346,0.242618973431183,702,346,"18"
"DKMBNA",0.101084607857441,463,301,162,0.0272258189600986,0.0431330206750747,478,316,0.20451932412865,478,316,"18"
"DKPB80",0.11016588235663,666,319,347,-0.00380591206399955,0.0474486602644988,682,335,0.224983279295491,682,335,"18"
"E8501",0.0133623990103018,238,28,210,0.021960872902121,0.00558122436077584,241,31,0.0264632154387531,241,31,"18"
"EAST 028",0.0652017544847234,487,208,279,0.012405362300317,0.0277960411308049,516,237,0.13179723760025,516,237,"18"
"Eng-Li Chih",0.142160172206819,627,357,270,0.0138192419644332,0.0623752907359735,629,359,0.295758267152744,629,359,"18"
"F118",0.0372396614769271,343,111,232,0.0182020805670662,0.00766386626977232,285,53,0.0363265582359167,285,53,"18"
"F2834T",0.0129376185064152,292,26,266,0.0144589930534468,0.0040828137561501,291,25,0.019356872731481,291,25,"18"
"FBLA",0.123004815325854,682,340,342,-0.00211778924943902,0.0527742038710143,691,349,0.250234869328719,691,349,"18"
"FR19",0.060011615551899,295,189,106,0.0353447729663537,0.0264057084543992,333,227,0.125204994062973,333,227,"18"
"H105W",0.0058342397075178,200,5,195,0.0232914605753557,0.00188365551304408,202,7,0.00893062598195041,202,7,"18"
"H110",0.125218063992664,366,341,25,0.0534806698399679,0.0547270680213906,377,352,0.259493871844617,377,352,"18"
"H113",0.0649917740345263,444,204,240,0.0178299193535778,0.0278038723512029,478,238,0.13183198115333,478,238,"18"
"H121",0.0644163056685561,322,199,123,0.0327010695859772,0.0263198278877568,348,225,0.124794224771333,348,225,"18"
"H122w",0.0642666129693374,286,198,88,0.0379921414593259,0.0276284973035234,323,235,0.131002476873483,323,235,"18"
"H5",0.0203106895624844,374,53,321,0.00374795597317383,0.00866273533450536,390,69,0.0410751450979985,390,69,"18"
"H71",0.0602320558600212,273,190,83,0.0389682582586002,0.0263352783447598,309,226,0.124871341472642,309,226,"18"
"H84",0.111140772940511,543,320,223,0.0196927193851336,0.0409785897673133,522,299,0.194293502321508,522,299,"18"
"H91",0.049493497835021,407,153,254,0.016332150216643,0.0168171506138637,416,162,0.0797337401137669,416,162,"18"
"H95",0.0957657474766087,387,286,101,0.0360018942508777,0.0191857782686001,275,174,0.0909278810125274,275,174,"18"
"H96",0.217918405726531,365,364,1,0.0800040691678797,0.0933889495509082,365,364,0.44281414732808,365,364,"18"
"H99",0.0913884909203491,411,276,135,0.0310768318870277,0.0397904653665066,426,291,0.188670702114193,426,291,"18"
"HP301",0.127819454424547,386,344,42,0.0466206529228859,0.0535652249650983,392,350,0.253982823558283,392,350,"18"
"HUOBAI",0.0507268127949012,207,158,49,0.0452284952674494,0.0223530286806818,250,201,0.105988792105842,250,201,"18"
"Hy",0.0661943344748051,256,211,45,0.0464398797088654,0.0238486919564992,257,212,0.113078114564411,257,212,"18"
"I29",0.105737936437222,499,311,188,0.024898457033734,0.0267682441314927,419,231,0.126894928188699,419,231,"18"
"Ia 453",0.0488623066416546,349,152,197,0.0231634557527493,0.0139858907567334,331,134,0.0663043668714428,331,134,"18"
"IA2132",0.0168621792800988,81,37,44,0.0464515038624814,0.00634313116973445,81,37,0.0300751138931619,81,37,"18"
"IBB15",0.0791194537068062,600,248,352,-0.00526115850601077,0.0346015618401646,626,274,0.164065945271025,626,274,"18"
"IBC2",0.14031409577353,363,355,8,0.0691454953023034,0.0614443822216087,365,357,0.291344490168912,365,357,"18"
"ICI 193",0.0632004209194014,288,194,94,0.0369928374349984,0.0129549899811312,211,117,0.0613987570868067,211,117,"18"
"ICI 740",0.118902776498163,494,335,159,0.027757846999305,0.050687215918379,502,343,0.240337596681278,502,343,"18"
"ICI 893",0.0347358882575158,386,101,285,0.0110042315953244,0.0150034768817227,423,138,0.0711406965273003,423,138,"18"
"ICI 986",0.043548189716992,301,136,165,0.026838232400644,0.0190855598372633,338,173,0.0904960037281651,338,173,"18"
"IDS28",0.0300393791689853,302,85,217,0.020726936215285,0.0128535807084542,333,116,0.0609466483883207,333,116,"18"
"IDS69",0.134065089530376,367,349,18,0.0561952075899122,0.0544031100660321,369,351,0.257949453578409,369,351,"18"
"IDS91",0.0358507012059112,199,108,91,0.0375843473156279,0.0155310704102183,236,145,0.073642305907837,236,145,"18"
"INB 101LFY/LFY (A632 X M16 S5)",0.0324269759474279,205,94,111,0.0344830550909509,0.0138265013237268,243,132,0.0655581788695258,243,132,"18"
"INBRED 141",0.023514895328963,75,61,14,0.0573354213672824,0.00913646190986727,89,75,0.0433196578374707,89,75,"18"
"INBRED 2-687",0.0424168936554553,150,133,17,0.0564433844996303,0.0138597162132934,150,133,0.0657143888145878,150,133,"18"
"INBRED 305",0.0673213698045438,332,218,114,0.0339537957370438,0.0134163508888607,238,124,0.0635846121871216,238,124,"18"
"INBRED 321",0.00646490514045287,78,7,71,0.0417831407955539,0.0023331607289099,80,9,0.0110622441901396,80,9,"18"
"K150",0.0119390926079947,310,23,287,0.010166185262698,0.0023774574462361,297,10,0.0112678388947894,297,10,"18"
"K41",0.12599642641042,685,342,343,-0.00234724970872523,0.0445203434306804,668,325,0.211091702954837,668,325,"18"
"K47",0.0990571509876275,336,295,41,0.0466395049928143,0.0385139297931211,330,289,0.182614880497347,330,289,"18"
"KUNG-70",0.0581655888495258,244,185,59,0.0433690517980811,0.0248614279993918,275,216,0.117882173239557,275,216,"18"
"L 127",0.0561801289113905,255,183,72,0.0416561632143155,0.0221368179433061,271,199,0.104962496046172,271,199,"18"
"L 139",0.0723018559521748,577,231,346,-0.00378691565107868,0.0310344820514582,604,258,0.147153527825095,604,258,"18"
"L 289",0.108161158513115,657,316,341,-0.00208131213712401,0.0297969508273875,592,251,0.14127166528202,592,251,"18"
"LH1",0.0384909445755155,438,116,322,0.00328866861982963,0.0164863817024294,478,156,0.0781720065834324,478,156,"18"
"LH119",0.0700896008569721,396,225,171,0.0265176792312145,0.0306559528598405,426,255,0.145358231847997,426,255,"18"
"LH128",0.0816397986833274,439,255,184,0.0253447963309212,0.0344275584266282,457,273,0.163240475266248,457,273,"18"
"LH143 (Maintainer)",0.0572306274793036,478,184,294,0.00848780982296976,0.0191975042445547,469,175,0.0910190550652908,469,175,"18"
"LH146Ht",0.0386416782812785,415,117,298,0.00803883681965371,0.00792960800922577,356,58,0.0375836704737475,356,58,"18"
"LH149",0.0255063569844375,363,71,292,0.00873611235332834,0.00898779831848114,363,71,0.0426153224157977,363,71,"18"
"LH165",0.103171101310828,624,305,319,0.00424355852144876,0.0438191369633365,641,322,0.207771359400542,641,322,"18"
"LH166",0.0984168291831757,603,294,309,0.00571265049321603,0.0420113998123703,620,311,0.199201180420763,620,311,"18"
"LH181",0.0413250674474423,254,127,127,0.0321231359572854,0.0182278606435899,297,170,0.0864288383495031,297,170,"18"
"LH184",0.0405733586008163,422,123,299,0.00795800109185475,0.0174543030164555,465,166,0.0827615838429462,465,166,"18"
"LH190",0.0535829102383822,431,173,258,0.0155460370284125,0.0229600055933013,464,206,0.108867429094964,464,206,"18"
"LH192",0.053255996540164,394,172,222,0.0197649312262534,0.0229379829473329,427,205,0.108763083998912,427,205,"18"
"LH194",0.089255791986729,454,273,181,0.025635649477722,0.0307702576555688,437,256,0.145895515403459,437,256,"18"
"LH195",0.0339753311254095,327,97,230,0.0183313745788778,0.010892798234215,324,94,0.0516468335747363,324,94,"18"
"LH197",0.0216325016380154,145,56,89,0.0379310417653665,0.00927458296132188,165,76,0.0439764781898203,165,76,"18"
"LH198",0.0614014176121134,515,191,324,0.00227413389954439,0.026544170279764,553,229,0.125862195642806,553,229,"18"
"LH202",0.0517388762582825,369,165,204,0.0227082817208892,0.0226058218823394,408,204,0.107187222573984,408,204,"18"
"LH204",0.0677534286651437,580,221,359,-0.00792173658910841,0.0292884394217351,607,248,0.138874460404471,607,248,"18"
"LH205",0.0234360239302634,140,60,80,0.0398711725867605,0.00676041754994962,123,43,0.0320526842605619,123,43,"18"
"LH206",0.0316462148567911,440,92,348,-0.00416915452504501,0.0135082530350976,475,127,0.0640497414351276,475,127,"18"
"LH208",0.0976799035666183,425,293,132,0.0316522682916865,0.0421019191316363,445,313,0.199631086666377,445,313,"18"
"LH209",0.0178566704645292,353,43,310,0.00560938541117652,0.00786014257493511,367,57,0.0372695529928204,367,57,"18"
"LH214",0.0814447655159962,349,253,96,0.036760984461643,0.0165745488585068,255,159,0.0785569310714764,255,159,"18"
"LH215",0.0446648111027427,304,137,167,0.0268211542205097,0.0106971978669724,260,93,0.0507130666411356,260,93,"18"
"LH222",0.0155764863626003,293,33,260,0.0153643392692505,0.00683842748808798,305,45,0.0324250354626675,305,45,"18"
"LH223",0.095239694148127,302,282,20,0.0547277773103786,0.0418875727798854,327,307,0.198613654285478,327,307,"18"
"LH224",0.0501939555905548,247,157,90,0.0377532682087242,0.0207900856271503,277,187,0.0985773812603626,277,187,"18"
"LH295",0.100116810792078,534,297,237,0.017879355062017,0.0402728248145619,532,295,0.190951134176282,532,295,"18"
"LH60",0.0169693492997171,103,38,65,0.0424059511064597,0.00343393602788269,87,22,0.0162760892089781,87,22,"18"
"LH74",0.0760085026565876,552,241,311,0.00556866004337185,0.0287215585825883,556,245,0.136183617679141,556,245,"18"
"LH82",0.0839008113384649,429,261,168,0.0266944334195038,0.0262444260333188,392,224,0.124425882557974,392,224,"18"
"LH93",0.065190285722991,394,207,187,0.0249007320067802,0.0284404104832198,428,241,0.134853133717703,428,241,"18"
"LIBC 4",0.0834466612564609,604,259,345,-0.00254340844359283,0.036521487511529,624,279,0.173170205271665,624,279,"18"
"LP1 NR HT",0.0184038897142031,380,44,336,-0.000722980878707009,0.00798637319470121,395,59,0.0378679784906721,395,59,"18"
"LP5",0.112908631167265,432,324,108,0.0349323698505972,0.0481799954891403,446,338,0.228450049675219,446,338,"18"
"M14",0.0886834906800437,293,272,21,0.0545680231160892,0.0194384390172361,198,177,0.0921461222024388,198,177,"18"
"MBPM",0.0379017026605471,379,114,265,0.0146202904363725,0.00758891404774924,317,52,0.035966423205339,317,52,"18"
"MBWZ",0.0775140325130073,449,243,206,0.0224814241758685,0.033078212096854,473,267,0.156843515495852,473,267,"18"
"MM501D",0.0555415527377629,424,182,242,0.0177148641193408,0.0114829108143157,347,105,0.0544256240152938,347,105,"18"
"Mo17",0.0410783968092564,367,126,241,0.0177940826278365,0.0163156550023128,395,154,0.0773613121107592,395,154,"18"
"Mo1W",0.0840888810906156,316,263,53,0.0446334556075764,0.0371531761771267,334,281,0.176164754570635,334,281,"18"
"Mo46",0.140259948013586,384,354,30,0.0505133579963868,0.0450973177599216,359,329,0.213811122457436,359,329,"18"
"Mo47",0.00996059197927657,335,17,318,0.00427527504514057,0.00438952581027128,345,27,0.0208133103671613,345,27,"18"
"Mo5",0.13726734857417,475,350,125,0.0325251041458742,0.0382206515079488,412,287,0.181210439522011,412,287,"18"
"MQ305",0.0945319932103142,419,280,139,0.0306962292051765,0.0402887361913951,435,296,0.191031717497729,435,296,"18"
"MS116",0.114094291733595,352,325,27,0.051023134289703,0.0481489869045935,364,337,0.228301520913881,364,337,"18"
"MS132",0.120250218177498,589,336,253,0.0166716963042322,0.0257785163517072,472,219,0.122197433163581,472,219,"18"
"MS200",0.0644851021787848,535,200,335,-0.00039154728586807,0.0284465552102053,577,242,0.134881706579219,577,242,"18"
"MS211",0.0340415584806372,281,99,182,0.0256269274924047,0.0119771937667969,291,109,0.056787162852575,291,109,"18"
"MS221",0.0263046099495725,369,74,295,0.00828760961496825,0.0114026561021815,399,104,0.0540669611804031,399,104,"18"
"MS224",0.0635352502282268,458,196,262,0.0149586396164818,0.0276000066409916,496,234,0.130868433918422,496,234,"18"
"MS225",0.0392654349682876,246,118,128,0.0321147087617125,0.0167723289405149,288,160,0.0795277107014683,288,160,"18"
"MS226",0.0236069454001608,254,63,191,0.0235534485324947,0.00991334584348202,274,83,0.0470038875661916,274,83,"18"
"MS24A",0.0134646361074885,355,29,326,0.00167093390543027,0.00273547107721797,341,15,0.0129656813387464,341,15,"18"
"MS67",0.0742904203456154,241,235,6,0.0712551818596543,0.0327178676418696,272,266,0.155134596490909,272,266,"18"
"MS71",0.0399108787297412,337,119,218,0.0206782829454559,0.00985882744508926,300,82,0.0467350800441874,300,82,"18"
"MS72",0.00668828283513205,301,8,293,0.00851907990497184,0.00250224507786202,307,14,0.0118644101639512,307,14,"18"
"N192",0.0877031603075406,324,268,56,0.0437571835564575,0.0373944734283896,339,283,0.177309116971649,339,283,"18"
"N193",0.0964624658414754,442,287,155,0.0281706508302375,0.0412009502481578,456,301,0.19535849694878,456,301,"18"
"N200",0.0966900141137642,292,288,4,0.0744954251081759,0.0418635244450427,310,306,0.198498963454422,310,306,"18"
"N201",0.0866013499493247,573,267,306,0.00625153008510564,0.0381799505819796,592,286,0.181033455464654,592,286,"18"
"N209",0.0168475426510462,110,36,74,0.0414549765027022,0.00718033553324027,123,49,0.0340460826693884,123,49,"18"
"N211",0.117987725884475,334,331,3,0.0747224373356371,0.0443822254159441,327,324,0.210438737855704,327,324,"18"
"N217",0.0727373106829597,302,232,70,0.0418005691284457,0.0300162549373545,322,252,0.142323746705078,322,252,"18"
"N218",0.00909624185710507,72,14,58,0.0434961295334383,0.00397125824265037,82,24,0.0188301253310875,82,24,"18"
"N28Ht",0.0236832217511588,283,64,219,0.020323995725,0.0101532378903252,304,85,0.0481427185709685,304,85,"18"
"N501",0.0475172000775262,167,145,22,0.0543181676045158,0.0201188269201904,205,183,0.0953947368745466,205,183,"18"
"N523",0.0148928672053945,320,32,288,0.0101109214536956,0.00656655434556404,329,41,0.0311358697413319,329,41,"18"
"N527",0.121536581988538,620,338,282,0.0115764713072175,0.043358641204714,599,317,0.205576138728448,599,317,"18"
"N534",0.0919960165889204,310,277,33,0.0493648330624702,0.0400445637446033,326,293,0.189874296023704,326,293,"18"
"N542",0.0423058251788544,254,132,122,0.0330339645576478,0.0180593959740806,291,169,0.0856290901799659,291,169,"18"
"N6",0.0399576572014496,381,120,261,0.0149709339543452,0.00865692003542936,329,68,0.0410332988133516,329,68,"18"
"NC250",0.0645989146190653,236,202,34,0.0492566497433397,0.0257985617749781,254,220,0.122324950207015,254,220,"18"
"NC262",0.0999496241080738,573,296,277,0.0125379078244706,0.0388656297895017,567,290,0.184282478395282,567,290,"18"
"NC294",0.0781136089669834,518,245,273,0.0130765271567858,0.0158385522931013,424,151,0.0750645088056078,424,151,"18"
"NC310",0.0883765408359322,610,270,340,-0.00183367713750774,0.0383127758858796,628,288,0.181664281975784,628,288,"18"
"NC326",0.0401097002947202,435,121,314,0.00512278704439323,0.0162280539985565,467,153,0.0769460871008672,467,153,"18"
"NC328",0.114542165578514,354,326,28,0.0506453600080705,0.0306241340144714,282,254,0.145191549356814,282,254,"18"
"NC342",0.092082935664166,493,278,215,0.021083193259186,0.0402353622564398,509,294,0.190780014042449,509,294,"18"
"NC412",0.0170094319619187,74,39,35,0.0482039372751783,0.0061143617010625,69,34,0.0289900649018681,69,34,"18"
"ND259",0.0717490044944581,374,229,145,0.0298293050611088,0.0156754855952643,293,148,0.0743079184779935,293,148,"18"
"ND265",0.040780489522763,264,124,140,0.0304835432321512,0.00848563606585497,204,64,0.0402225467258361,204,64,"18"
"NK740",0.146392731603642,364,359,5,0.0713766059459651,0.0638942134107819,365,360,0.302960947172484,365,360,"18"
"NK778",0.0413765369657099,223,128,95,0.0369155339033965,0.0126656496124213,209,114,0.0600476441058912,209,114,"18"
"NK807",0.028366727367884,211,80,131,0.031989666491388,0.0122495352982043,243,112,0.0580825700874214,243,112,"18"
"NKS8326",0.081589455034148,448,254,194,0.0232932141607017,0.034938288001368,470,276,0.165663749854406,470,276,"18"
"NORTH 7",0.0458992447146875,226,142,84,0.0384486300646799,0.0201238744241017,268,184,0.0954192574641757,268,184,"18"
"NQ508",0.118196321655353,682,333,349,-0.0042836041668245,0.0504724642495493,690,341,0.239320260783547,690,341,"18"
"NS501",0.0832325241844308,508,258,250,0.0172072993993062,0.0315224996431272,511,261,0.149464355835137,511,261,"18"
"NS701",0.0469636006899968,249,144,105,0.0354264809075859,0.0196640348873864,284,179,0.093238229904944,284,179,"18"
"NY6371",0.0593325061335,206,187,19,0.0547399069324246,0.0253008774298779,236,217,0.119965256364375,236,217,"18"
"Ny821",0.0209374247738719,366,54,312,0.00549294929837601,0.00892944888595677,382,70,0.042339359334719,382,70,"18"
"OH33",0.151015213659091,630,361,269,0.0139930114926778,0.0644134900544671,630,361,0.305422448644179,630,361,"18"
"Oh40B",0.109252918817249,647,318,329,0.00145357075829198,0.0467399560279078,662,333,0.221622552484301,662,333,"18"
"Oh43",0.0676416858682709,354,220,134,0.0314752125405303,0.013404004678684,257,123,0.0635265204928887,257,123,"18"
"Oh7",0.0299148526694997,92,83,9,0.0668076063491307,0.013018081190462,128,119,0.06172661881541,128,119,"18"
"OQ403",0.0781908859904988,393,246,147,0.0293527302282162,0.0340079968269616,418,271,0.161252564307004,418,271,"18"
"OQ603",0.0793452366668679,358,249,109,0.0345209377596802,0.0318825197501886,372,263,0.151172379705653,372,263,"18"
"Os420",0.084354625856049,438,264,174,0.0261164219426767,0.0171315882187137,339,165,0.0811940641279557,339,165,"18"
"OS602",0.102141181918061,627,304,323,0.00229848831542041,0.0435313352156724,644,321,0.206406831314497,644,321,"18"
"Pa392",0.0658590243893091,326,210,116,0.0338920226990905,0.0217953818526214,312,196,0.103335520732302,312,196,"18"
"Pa405",0.054718519141247,540,176,364,-0.00971648628986609,0.0238524158714254,577,213,0.113098714009695,577,213,"18"
"Pa875",0.129000275314476,385,346,39,0.047560736321699,0.046152532375732,370,331,0.218822997692436,370,331,"18"
"Pa880",0.0546962171886745,257,175,82,0.0390545765095453,0.0236312882399547,292,210,0.112049465574644,292,210,"18"
"Pa91",0.097312511197016,357,290,67,0.0422529332161859,0.0415340564756939,370,303,0.196936569006284,370,303,"18"
"PH207",0.0415403900662871,406,130,276,0.0126996751369036,0.0177171714223206,443,167,0.0840075715955889,443,167,"18"
"PHB09",0.0477743756245066,270,146,124,0.0325575333656503,0.0210344499176782,313,189,0.0997364915021585,314,190,"18"
"PHB47",0.0160320886634861,367,34,333,0.000538481928291897,0.0068508575267163,379,46,0.0324834163340993,379,46,"18"
"PHBA6",0.0339770343694122,388,98,290,0.0097068467838333,0.0148544755614795,427,137,0.0704339753876895,427,137,"18"
"PHBB3",0.0720650451731208,433,230,203,0.022990556371725,0.0169925307704939,367,164,0.0805493216093038,367,164,"18"
"PHEG9",0.0177746483237568,168,42,126,0.032208648940528,0.00590904563669738,159,33,0.0280158183580828,159,33,"18"
"PHG29",0.0245041764872165,186,68,118,0.0337246789669625,0.00615299198341162,154,36,0.0291708826945008,154,36,"18"
"PHG47",0.117029237965126,657,330,327,0.00155328070132999,0.0447270285689629,653,326,0.212068100487642,653,326,"18"
"PHG71",0.0231922443724174,140,59,81,0.0398689750691412,0.0100601883967756,165,84,0.0477014943661175,165,84,"18"
"PHG80",0.0323495464472294,286,93,193,0.0234984675354501,0.00651394243831048,233,40,0.0308738953883377,233,40,"18"
"PHG83",0.0670734893458558,392,217,175,0.0261117573932465,0.0238319943965805,386,211,0.112998697551391,386,211,"18"
"PHG86",0.083906021095702,326,262,64,0.0424278710233253,0.0213931087813365,257,193,0.101424044984569,256,192,"18"
"PHH93",0.0267343104871568,314,76,238,0.0178514105403735,0.0111341807042589,337,99,0.0527923729560558,337,99,"18"
"PHHH9",0.0260784206171085,252,72,180,0.0257690694681735,0.0111592167856038,282,102,0.0529126392264034,282,102,"18"
"PHHV4",0.0665216510486406,469,213,256,0.016198025382637,0.0157753373767121,405,149,0.0747797975970777,405,149,"18"
"PHJ70",0.106289124034555,481,315,166,0.0268270662147313,0.0314596935924064,426,260,0.149158881407068,426,260,"18"
"PHJ89",0.118017710266906,419,332,87,0.0380441235465685,0.0258153099297724,308,221,0.122364180116007,308,221,"18"
"PHJ90",0.115772887643397,629,328,301,0.00749843548020691,0.0508409399140325,646,345,0.241066258751773,646,345,"18"
"PHJR5",0.0551503945419335,357,180,177,0.0259886458443426,0.0235441190164433,385,208,0.111635019735724,385,208,"18"
"PHK35",0.0645470550431306,256,201,55,0.0437583477326478,0.0167928445610422,216,161,0.079615200156537,216,161,"18"
"PHK42",0.0312722818398516,351,88,263,0.0149233380849926,0.0110585280078326,361,98,0.0524336433041196,361,98,"18"
"PHK56",0.0743262397000774,372,236,136,0.0310368427134639,0.0151651471128402,278,142,0.071877160465985,278,142,"18"
"PHK74",0.0667895305438613,536,216,320,0.00394325037533746,0.0169447741473363,483,163,0.0803268487769579,483,163,"18"
"PHKE6",0.0835465427849083,381,260,121,0.0331023960032077,0.0224744582699185,324,203,0.106543841775469,324,203,"18"
"PHM10",0.0455718469528983,319,140,179,0.0258408598821033,0.0187978001137102,350,171,0.089130814224562,350,171,"18"
"PHN11",0.0741200006762656,587,234,353,-0.00540020605881076,0.0326108222184893,618,265,0.154627093100434,618,265,"18"
"PHN29",0.132460286431882,358,347,11,0.0614676512267783,0.0334367328503204,280,269,0.158521581882332,280,269,"18"
"PHN66",0.048692097833493,302,150,152,0.028613576086816,0.0204475012998593,338,186,0.0969531065172016,338,186,"18"
"PHN82",0.0547992917604448,277,177,100,0.0364023804099893,0.02398163091761,314,214,0.113711252011049,314,214,"18"
"PHP02",0.0348943369839446,314,102,212,0.0218639093689089,0.0150622330029457,351,139,0.0714193004668524,351,139,"18"
"PHP55",0.0175829558161838,300,41,259,0.015368877553056,0.00750576081703772,310,51,0.0355887578871512,310,51,"18"
"PHP76",0.0269200806155955,358,78,280,0.0123735268492932,0.00960070380502852,359,79,0.0455214806133735,359,79,"18"
"PHP85",0.100417089665366,429,299,130,0.032057172773576,0.0336326560289867,400,270,0.159458785118308,400,270,"18"
"PHPR5",0.0383260846805843,298,115,183,0.0255253741986037,0.00964814266027674,263,80,0.0457368879390164,263,80,"18"
"PHR03",0.0268792526799638,154,77,77,0.0406187417079915,0.00768820080358797,131,54,0.0364514064564961,131,54,"18"
"PHR30",0.0294795765117752,295,81,214,0.0211741025661433,0.00912172051108443,288,74,0.0432491004368306,288,74,"18"
"PHR31",0.0345715719501798,254,100,154,0.0281875248296636,0.0128243947200035,269,115,0.0608068761833273,269,115,"18"
"PHR36",0.0651171173616004,404,206,198,0.0231336140215455,0.0163509657866489,353,155,0.0775114080786089,353,155,"18"
"PHR47",0.118584974378554,346,334,12,0.059892981907705,0.0505719832290126,354,342,0.239791570141485,354,342,"18"
"PHR63",0.176631047565513,431,363,68,0.0421703806579447,0.0571961930048182,423,355,0.271189190554493,423,355,"18"
"PHT10",0.0801520175059555,462,251,211,0.0218961655627063,0.0267839714696737,443,232,0.126993993918255,443,232,"18"
"PHT47",0.0195704969636276,217,48,169,0.0266297410322916,0.00862182904141209,236,67,0.04088114175113,236,67,"18"
"PHT55",0.011118701759987,46,20,26,0.0516271692117183,0.00317758923395817,47,21,0.0150643174377345,47,21,"18"
"PHTM9",0.0970932628419769,602,289,313,0.00522893196309351,0.0419029353688129,621,308,0.198687564059094,621,308,"18"
"PHV37",0.0817210701764668,572,256,316,0.00434181071930126,0.0359662669591843,594,278,0.170537209177961,594,278,"18"
"PHV57",0.0457423400100778,374,141,233,0.0181510296652862,0.0155508176012011,379,146,0.0737331707907668,379,146,"18"
"PHV63",0.0515082726371582,224,163,61,0.0433466743935053,0.0210598240712336,252,191,0.0998562496044395,252,191,"18"
"PHVA9",0.0064430549357744,308,6,302,0.00651412605739091,0.00274999955725567,318,16,0.0130391998128039,318,16,"18"
"PHVJ4",0.00390882692259359,160,3,157,0.0279678624610193,0.00161031508883974,162,5,0.00763524460414727,162,5,"18"
"PHW03",0.0496890978011595,512,154,358,-0.00786481359948887,0.0217970660042122,555,197,0.103352833226906,555,197,"18"
"PHW17",0.0184490207474725,292,45,247,0.0175320022169645,0.00804964482445841,308,61,0.0381682180793975,308,61,"18"
"PHW20",0.138387048242593,656,352,304,0.00639030759599091,0.0525008368886056,652,348,0.24893347669468,652,348,"18"
"PHW30",0.0593884646201917,397,188,209,0.022100175511835,0.0118199223816279,316,107,0.0560186168301252,316,107,"18"
"PHW43",0.0806204074861641,519,252,267,0.0143200802666861,0.0343608711813259,539,272,0.162924237397667,539,272,"18"
"PHW52",0.012295572000419,325,25,300,0.00778326535766093,0.00249178658916482,312,12,0.011810569265835,312,12,"18"
"PHW53",0.0519394300956574,406,167,239,0.017848586095318,0.0195440801963653,417,178,0.0926684434372559,417,178,"18"
"PHW80",0.128793566573587,588,345,243,0.0176769067428762,0.0549363447091033,596,353,0.260482832485083,596,353,"18"
"PHWG5",0.0132251908513436,227,27,200,0.0230757625020526,0.00573885102034694,232,32,0.0272113936256121,232,32,"18"
"PHZ51",0.0168216995924521,134,35,99,0.0366072001890596,0.00741124273209275,149,50,0.0351410421636492,149,50,"18"
"Q381",0.0447293646173635,268,139,129,0.0321107572727545,0.00939368060769299,206,77,0.0445274101204656,206,77,"18"
"R168",0.0780331654003182,275,244,31,0.0503308284082112,0.0304526022805892,284,253,0.144391928770623,284,253,"18"
"R177",0.00790360715242521,47,10,37,0.047645830662201,0.00237806711397757,48,11,0.0112742634472844,48,11,"18"
"R181B",0.0278835441077499,265,79,186,0.025000228544402,0.00912101909746869,259,73,0.0432463646980406,259,73,"18"
"R226",0.00394686684242481,162,4,158,0.0277907347170315,0.000889398322254794,160,2,0.00421584530844213,160,2,"18"
"R229",0.047824846841055,375,147,228,0.0185019538427828,0.0209983403583205,416,188,0.0995655660516393,416,188,"18"
"R71",0.104567878949089,644,307,337,-0.00079356743471747,0.04476430735395,664,327,0.212254874976925,664,327,"18"
"R78",0.0355944159666521,157,106,51,0.0448344376201873,0.0151713125644365,195,144,0.0719345799092436,195,144,"18"
"SD101",0.0536991173041184,312,174,138,0.0307001385653676,0.0231839275369664,345,207,0.109929241742496,345,207,"18"
"SD102",0.095295001636711,643,283,360,-0.00812612034287819,0.0419211480839156,669,309,0.198772836967586,669,309,"18"
"SD107",0.0407873068097421,389,125,264,0.0147738521177277,0.00833505986596673,326,62,0.0395051660328154,326,62,"18"
"SD40",0.0650838711321321,320,205,115,0.033936607803268,0.0135021526477988,241,126,0.0640008753052706,241,126,"18"
"SD44",0.10500188988946,594,310,284,0.0110892970072363,0.0449771892689609,612,328,0.213264334905699,612,328,"18"
"SG 30A",0.0187715635692534,124,46,78,0.0405579726732875,0.00781328765689604,134,56,0.0370471658138784,134,56,"18"
"T242",0.0846344385746675,630,265,365,-0.0122044305444191,0.0373354219694811,647,282,0.177029006710034,647,282,"18"
"Tr",0.112050182290021,338,322,16,0.0570932027832896,0.0492774445336449,356,340,0.233653395700605,356,340,"18"
"TZU-CHIAO-HSI-WU 105",0.040509105302071,353,122,231,0.018264128859982,0.00802806010902011,291,60,0.038047901904459,291,60,"18"
"Va26",0.0687145103719616,285,223,62,0.043278283241567,0.0273830019214774,295,233,0.12983458370085,295,233,"18"
"Va35",0.0751920544827128,414,238,176,0.0260157900819678,0.0261923065077577,398,222,0.124184493827851,398,222,"18"
"Va52",0.111934942784887,481,321,160,0.027624986587159,0.0409697049059787,458,298,0.194250975798242,458,298,"18"
"Va99",0.0430970058550912,358,134,224,0.018748558031617,0.0136247452474181,352,128,0.0645997953704071,352,128,"18"
"W182E",0.147007776609211,414,360,54,0.0439312364983588,0.0647877200578174,416,362,0.307196485020417,416,362,"18"
"W22",0.0770074269520411,271,242,29,0.0505376057014405,0.0292264499880546,276,247,0.138577641710117,276,247,"18"
"W23",0.104966067058488,538,309,229,0.0184518930700023,0.0457492310275657,559,330,0.216923421284785,559,330,"18"
"W24",0.105879103368291,404,312,92,0.0375831138899548,0.0210399967230979,282,190,0.0997157456200838,281,189,"18"
"W32",0.0910663955369175,629,275,354,-0.00567928231820804,0.0400270438784987,646,292,0.189791838204747,646,292,"18"
"W37A",0.0788533873540625,446,247,199,0.0231226633553258,0.0293252762730641,448,249,0.139041485437636,448,249,"18"
"W552",0.0357848649092215,193,107,86,0.0380632232968352,0.0121026704460812,197,111,0.0573839522250879,197,111,"18"
"W603S",0.00893375808294697,159,13,146,0.0294546635660885,0.00283226638786335,163,17,0.013427981174073,163,17,"18"
"W604S",0.04805177805814,299,148,151,0.0286616134543625,0.0132623644495475,273,122,0.062878841926475,273,122,"18"
"W605S",0.0349795689240897,347,103,244,0.0176699778017837,0.0126226471065528,357,113,0.0598500531465477,357,113,"18"
"W607S",0.0219858441580988,105,57,48,0.045379787208029,0.00496431716228822,78,30,0.0235335997853915,78,30,"18"
"W610S",0.0196777963066144,64,49,15,0.0571220725476063,0.00779833226295578,70,55,0.0369760870309722,70,55,"18"
"W611S",0.138955300457226,526,353,173,0.0261204997461723,0.0607546668214672,529,356,0.288074296454728,529,356,"18"
"W612S",0.094389358271442,586,279,307,0.00586153024153472,0.0411900604544505,607,300,0.195306894603271,607,300,"18"
"W614S",0.0906104183528904,636,274,362,-0.0090967044408428,0.0380110342505766,647,285,0.180228361118865,647,285,"18"
"W64A",0.0857874896554024,306,266,40,0.0469361197438224,0.0365619683023556,320,280,0.173360990173277,320,280,"18"
"W701BC",0.0446670082967696,294,138,156,0.0280931828846524,0.0137223260512249,287,131,0.0650574637201245,287,131,"18"
"W803G",0.106043981351308,619,314,305,0.00627579609292362,0.0462792748888973,637,332,0.219437921531307,637,332,"18"
"W809G",0.043265710968575,195,135,60,0.0433584961718553,0.00859011531008154,125,65,0.040711524707833,125,65,"18"
"W810G",0.06664629973905,406,214,192,0.0235064066242585,0.0223715900035799,394,202,0.106073147515912,394,202,"18"
"W811G",0.0946988862338545,611,281,330,0.00105520225771399,0.0414603401690627,632,302,0.19658823417153,632,302,"18"
"W813G",0.0955301848669149,403,284,119,0.0336658228862947,0.0419844045590089,429,310,0.199072849078455,429,310,"18"
"W8304",0.051598814478782,432,164,268,0.0140592161055873,0.0105597970561758,359,91,0.0500468190514314,359,91,"18"
"W9",0.0530819337027321,405,171,234,0.0181322154987603,0.0144413859493057,370,136,0.0684683403533726,370,136,"18"
"WIL900",0.0884241453032384,328,271,57,0.043581066617122,0.0374922203063568,341,284,0.17777183972974,341,284,"18"
"WU-TAN-TZAO",0.0529390020383245,213,170,43,0.0464998235050097,0.0109321227007671,138,95,0.0518183681210457,138,95,"18"
"YE 4",0.0501391682581083,263,156,107,0.035003453143,0.0213914766583357,299,192,0.101429696036307,300,193,"18"
"YING-55",0.104699852855581,420,308,112,0.0343418617919088,0.0417490732384741,417,305,0.197950328534996,417,305,"18"
"Yu796 NS",0.0142514204561074,232,31,201,0.0230751513657892,0.00613908250938902,236,35,0.0291091656307419,236,35,"18"
"ZS365",0.121232497570308,347,337,10,0.0637162693132286,0.0514747310503639,357,347,0.244070863698352,357,347,"18"
"ZS635",0.0515008766583983,295,162,133,0.0315940348658815,0.0219205789277325,331,198,0.103937902985792,331,198,"18"
"1538",0.0135269830994288,225,25,200,0.0411880521652163,0.00392897921459305,222,22,0.0152211488061217,222,22,"19"
"29MIBZ2",0.101403887368504,283,266,17,0.0759835859606048,0.0421035199156694,300,283,0.163095908786152,300,283,"19"
"2FACC",0.140142730689024,643,324,319,0.021566046712406,0.0582458542385096,654,335,0.22563225685432,654,335,"19"
"2MA22",0.0081049093629548,158,13,145,0.0489681543185013,0.0018835413156362,154,9,0.00729819577811534,154,9,"19"
"3IJI1",0.072988793216461,487,194,293,0.0275971173573465,0.0151639032522359,402,109,0.0587721729532694,402,109,"19"
"4226",0.0483452895259417,294,119,175,0.044672043723139,0.0180971538029464,310,135,0.070109529037329,310,135,"19"
"4N506",0.0561789018587066,334,150,184,0.0438385859339088,0.0120897856958413,274,90,0.0468596128233516,274,90,"19"
"6M502",0.128617780276987,623,310,313,0.0234555714419845,0.0273811221761836,520,207,0.106108950555233,520,207,"19"
"6M502A",0.146152740214724,677,330,347,0.0132144422223332,0.0596519066175024,685,338,0.231071267534716,685,338,"19"
"764",0.0432995345776651,251,103,148,0.048351036058101,0.0170553860595662,275,127,0.0660681750133618,275,127,"19"
"78010",0.0531963471280174,439,136,303,0.0256184786947618,0.0217130090894993,470,167,0.0841088706553134,470,167,"19"
"793",0.0846947547524172,450,230,220,0.0373481201929101,0.033472998550105,463,243,0.129665717063777,463,243,"19"
"87916W",0.0706931633251828,310,191,119,0.0519292645467657,0.0225001605553881,291,172,0.0871640699176566,291,172,"19"
"911",0.0805642125767125,545,218,327,0.0195902375897345,0.0335518697746113,571,244,0.12996980260959,571,244,"19"
"912",0.101793421682796,577,267,310,0.0244536386326063,0.0423079689797698,595,285,0.163888014464978,595,285,"19"
"91IFC2",0.229737678218612,369,356,13,0.0792250310758562,0.0959963401708542,370,357,0.371861846665296,370,357,"19"
"A",0.0780681352641365,323,212,111,0.0543530731542397,0.0217048509193863,277,166,0.0840880330815792,277,166,"19"
"A208",0.0239216187355641,234,56,178,0.0444619001431322,0.00996267699467542,248,70,0.0385924003081198,248,70,"19"
"A239",0.0588522109989105,505,162,343,0.0140985564150335,0.0143267705899013,446,103,0.0555095240991138,446,103,"19"
"A272",0.0292910025645316,78,72,6,0.0877819064072582,0.0121373612931196,97,91,0.0470162783297207,97,91,"19"
"A305",0.0733456702709616,455,198,257,0.0329448618044935,0.029959160538192,481,224,0.116052002645614,481,224,"19"
"A322",0.037708092266873,336,89,247,0.0334349014178343,0.015734975676795,360,113,0.0609526402881087,360,113,"19"
"A334",0.0628008320639434,497,167,330,0.0184508011691107,0.0262740778294875,530,200,0.101778228359544,530,200,"19"
"A340",0.109773290818708,373,281,92,0.057863141804243,0.0454215498092982,389,297,0.175950268564304,389,297,"19"
"A374",0.0521754999051301,325,130,195,0.04244659944152,0.015388140118617,306,111,0.0596208172140186,306,111,"19"
"A385",0.0668472065897139,459,183,276,0.030765885843,0.0277844674531766,489,213,0.107628455181372,489,213,"19"
"A401",0.0284713989899864,198,68,130,0.0503588978342573,0.0117039597910939,214,84,0.0453371602238731,214,84,"19"
"A427",0.0566872764543033,374,153,221,0.0364106451461957,0.0236832320881294,410,189,0.0917420588301598,410,189,"19"
"A548",0.0583792561853104,363,158,205,0.0406372370487739,0.0244191598684635,400,195,0.0945927924239693,400,195,"19"
"A572",0.169037925682347,585,339,246,0.0335240083467553,0.0395133947597878,519,273,0.153102320846626,519,273,"19"
"A619",0.148955035462927,657,333,324,0.0207571894620097,0.062297880004965,667,343,0.241324019245196,667,343,"19"
"A627",0.0873304066776091,589,238,351,0.0113027577434659,0.0364197570576998,614,263,0.141079292567179,614,263,"19"
"A632",0.24582662460954,414,358,56,0.064817558870941,0.0577213304344224,389,333,0.223681455958353,389,333,"19"
"A635",0.046296490335683,304,114,190,0.0433135608042543,0.019224584430039,335,145,0.0744700523051349,335,145,"19"
"A641",0.0381836584649411,379,92,287,0.0285875382592864,0.0159652847263344,405,118,0.0618448939113874,405,118,"19"
"A648",0.0849432889653309,312,231,81,0.0609129698993958,0.0352551216077772,335,254,0.136567305975006,335,254,"19"
"A663",0.0563972336529811,339,151,188,0.0434043802155688,0.0162451766549576,310,122,0.0629352354210393,310,122,"19"
"A672",0.109916815074297,610,282,328,0.0193310476371878,0.0457424953118965,626,298,0.177197196778077,626,298,"19"
"A674",0.0363273053632959,315,87,228,0.0353574137566694,0.0149456183192429,335,107,0.0578951474045312,335,107,"19"
"A679",0.200270910042607,359,352,7,0.0872512119847435,0.0493526025815876,319,312,0.19121607324768,319,312,"19"
"A680",0.013681156183393,257,27,230,0.0353311177767724,0.00509813575691044,260,30,0.0197490433371713,260,30,"19"
"A682",0.068988142306967,256,186,70,0.0622491845417495,0.0283720502241396,287,217,0.109903704687019,287,217,"19"
"A71",0.0465130045840864,259,115,144,0.0489753198640261,0.0182673915363936,282,138,0.0707632023713566,282,138,"19"
"A73",0.0404267949175075,452,99,353,0.0111719770176537,0.016825088807833,478,125,0.0651756037088183,478,125,"19"
"A797NW",0.0166283682675869,73,34,39,0.0701814312254092,0.00516425916839693,70,31,0.0200061555230235,70,31,"19"
"AQA3",0.0447445618692134,130,107,23,0.0741401736459095,0.00941121452268561,90,67,0.0364720436309203,90,67,"19"
"AS6103",0.0689857571491446,452,185,267,0.0319179592252086,0.0282687229919847,483,216,0.109504585944532,483,216,"19"
"AusTRCF 306238",0.124116290529406,360,302,58,0.0647145696483248,0.0516061040234078,375,317,0.199911374278243,375,317,"19"
"B-18 INBR.FR.SUPERGOLD",0.0605725372080138,366,165,201,0.0409610087532346,0.0144483663517403,306,105,0.0559817739238189,306,105,"19"
"B-28",0.0156372761198056,332,31,301,0.02629816959561,0.00648944541150776,347,46,0.02513807811761,347,46,"19"
"B103",0.0173268446656981,131,37,94,0.0575942241291585,0.00361260959595644,113,19,0.014001887986191,113,19,"19"
"B104",0.143236197085709,684,327,357,0.00726144928057401,0.0357971630202882,613,256,0.1386939957308,613,256,"19"
"B105",0.00536236991232396,205,7,198,0.0417396490293376,0.0015290688957223,202,4,0.00592377624899977,202,4,"19"
"B108",0.0575813821637615,234,155,79,0.0614898295991365,0.0235010668459096,265,186,0.0910351089621836,265,186,"19"
"B109",0.116669640805173,356,295,61,0.0639996585679215,0.0486844766318776,372,311,0.188589258680733,372,311,"19"
"B110",0.0187636763356109,85,39,46,0.0681992372274384,0.00396509373897505,69,23,0.0153684037378028,69,23,"19"
"B111",0.17279222876816,620,342,278,0.030523195040027,0.0724289398603485,626,348,0.28057798449361,626,348,"19"
"B115",0.231435287078321,421,357,64,0.063323245783821,0.0967003261312802,422,358,0.374599718822056,422,358,"19"
"B119",0.076844370576841,247,206,41,0.0694625777917184,0.0319605142341318,277,236,0.123805941761039,277,236,"19"
"B120",0.256586918632185,375,359,16,0.0765632877717338,0.10472328575694,375,359,0.405662407828555,375,359,"19"
"B121",0.157215299919591,579,337,242,0.0340325363733667,0.0349721836652907,494,252,0.135533638359913,494,252,"19"
"B14A",0.0289747629497536,97,71,26,0.0735202515551402,0.00601957964069237,67,41,0.0233292849905589,68,42,"19"
"B164",0.0218573775534246,209,51,158,0.0469347147175694,0.00903182093556749,219,61,0.0349867315346088,219,61,"19"
"B2",0.0581012258130586,275,157,118,0.051937971420471,0.0214621062465205,279,161,0.0831459213477071,279,161,"19"
"B37",0.0379549567294693,284,91,193,0.0426307340887745,0.0101780679704303,264,71,0.0394370854199166,264,71,"19"
"B47",0.0316404255460207,213,78,135,0.0501329203639952,0.00669472771521172,185,50,0.0259483777751898,185,50,"19"
"B57",0.116480702841729,643,293,350,0.0124062914972218,0.0485625549531102,659,309,0.188116830428242,659,309,"19"
"B66",0.0643310952111222,358,173,185,0.043580768989099,0.0262760432661376,386,201,0.101784798249155,386,201,"19"
"B68",0.103605905806528,306,271,35,0.0712429209215623,0.0373909010929761,301,266,0.144844929202376,301,266,"19"
"B73",0.00649610603711859,178,11,167,0.0457395862047802,0.00243428296907944,180,13,0.00943056447670676,180,13,"19"
"B75",0.0168358836602937,155,35,120,0.0519102641363719,0.0067728964554892,171,51,0.0262363811336634,171,51,"19"
"B76",0.0326645480041326,328,83,245,0.0335735480949473,0.0129046803930908,339,94,0.0499926647255563,339,94,"19"
"B77",0.0459636927886269,374,112,262,0.0324023097589103,0.00990322420975956,331,69,0.0383844596738627,331,69,"19"
"B79",0.0528552102374544,403,134,269,0.0313388680761973,0.0201713831353258,422,153,0.0781391265116675,422,153,"19"
"B87",0.0139544945366172,326,28,298,0.0268087453058124,0.00571708882086483,334,36,0.0221460188956113,334,36,"19"
"B88",0.0102448884004681,223,17,206,0.0403406281189524,0.0042555565020719,230,24,0.0164847047235594,230,24,"19"
"B91",0.0648752879295776,450,175,275,0.0308439617165153,0.0187282458160406,418,143,0.072554785928825,418,143,"19"
"B97",0.00637480416184095,34,10,24,0.0740398102338761,0.00169248991299807,31,7,0.00655715687564839,31,7,"19"
"BEI 10 = NORTH 10",0.0775725401746247,517,209,308,0.0247001064153375,0.0321154997239135,545,237,0.124405148821159,545,237,"19"
"BO9",0.0656552547408238,347,179,168,0.0454612444723223,0.0233734326240267,353,185,0.0905516903816737,353,185,"19"
"CA-4",0.0635107246742679,507,172,335,0.0177184523628281,0.0136456514005542,435,100,0.0528793751801039,435,100,"19"
"CG102",0.0967888606543499,484,253,231,0.0353238816471587,0.0395325565755369,505,274,0.153135366497749,505,274,"19"
"CH701-30",0.00857146204596874,240,15,225,0.035857612587998,0.00270501845287659,239,14,0.0104790851600108,239,14,"19"
"CH711-10",0.077084985264556,316,207,109,0.0545020646453242,0.0318799778874492,344,235,0.123492713086394,344,235,"19"
"CH753-4",0.170638834268765,538,341,197,0.0420657654562287,0.0717708260213869,544,347,0.27802986598117,544,347,"19"
"CH9",0.112626224256417,396,288,108,0.0547322477671052,0.0468073372530347,413,305,0.181321822097887,413,305,"19"
"CI 40H",0.0664269974157696,287,182,105,0.054988204589174,0.0270626961208515,309,204,0.10483344431918,309,204,"19"
"CR 22 INBRED",0.0634807183737488,494,171,323,0.020863426377413,0.0262182316499303,522,199,0.10156083875991,522,199,"19"
"DE2",0.139183629883742,660,322,338,0.0157693296241386,0.0581291025711179,672,334,0.225175108197687,672,334,"19"
"DE3",0.065379290310717,353,176,177,0.0445554025162047,0.0271357715295876,383,206,0.105115486902014,383,206,"19"
"DE4",0.111598611681603,633,287,346,0.0133596732394238,0.0465342607997234,649,303,0.180259847860726,649,303,"19"
"DE811",0.127485456750113,550,306,244,0.0336479260656245,0.0520958448685112,565,321,0.201802524196889,565,321,"19"
"DJ7",0.064857601785543,284,174,110,0.0543957004305562,0.0176313194882829,240,130,0.0683074122252132,240,130,"19"
"DK3IIH6",0.0812412375652195,317,221,96,0.0569458879541932,0.0168932987952048,222,126,0.0654751744104311,222,126,"19"
"DK4676A",0.0274340940605992,179,65,114,0.0535314763226616,0.00798740248995009,171,57,0.0309437387321592,171,57,"19"
"DK78002A",0.0994539213208734,416,259,157,0.0469887657635883,0.0405934000403903,434,277,0.157245122545498,434,277,"19"
"DK78010",0.0316807975346646,220,79,141,0.0493327701985356,0.0130770775129989,238,97,0.0506569229371264,238,97,"19"
"DK78371A",0.0236136745088116,304,54,250,0.0332857373154194,0.00506937654497203,279,29,0.0196487437030586,279,29,"19"
"DKFAPW",0.11702617744358,510,296,214,0.0381070224748378,0.0463448167847129,515,301,0.179527751899243,515,301,"19"
"DKFBHJ",0.0903903354326894,559,243,316,0.0225852087627454,0.0241108623213707,509,193,0.0934230364922875,509,193,"19"
"DKMBNA",0.066184294114072,438,180,258,0.0329298565142042,0.0154171151300125,370,112,0.0597368452348903,370,112,"19"
"DKPB80",0.172792303094806,703,343,360,-0.00271812599828473,0.0705450742514186,706,346,0.273268133602646,706,346,"19"
"E8501",0.106419342199102,368,277,91,0.0582345734843225,0.0441088713593035,382,291,0.170863777907151,382,291,"19"
"EAST 028",0.0815066805953437,432,223,209,0.0395994525799385,0.0225913367301453,383,174,0.0875328254531297,383,174,"19"
"F118",0.011990574460352,245,22,223,0.036101195044685,0.00490053719324906,251,28,0.0189829717501763,251,28,"19"
"F2834T",0.124312518620215,332,303,29,0.0724837649862664,0.0520017898784551,349,320,0.201440013933468,349,320,"19"
"FBLA",0.144031039549192,432,328,104,0.0550224540913718,0.0588043996989568,441,337,0.227787867074445,441,337,"19"
"FR19",0.00402726328880283,155,4,151,0.0475997270766351,0.0016553309162969,157,6,0.00641218862027877,157,6,"19"
"H105W",0.00449615024582117,219,6,213,0.0382949496128036,0.00184637804306196,221,8,0.00715223634251604,221,8,"19"
"H110",0.130332970255238,653,314,339,0.0147425177537003,0.0533462783866246,666,327,0.206648697429382,666,327,"19"
"H113",0.0916257034210397,553,247,306,0.0248553189148352,0.0196666106978272,456,150,0.0762118430925454,456,150,"19"
"H121",0.12800162630742,623,308,315,0.0226978084602535,0.0522985289036627,638,323,0.202587573250789,638,323,"19"
"H122w",0.0704096314086954,345,190,155,0.0472904680826033,0.0281211871660602,370,215,0.108934028566535,370,215,"19"
"H5",0.0996718822886535,612,260,352,0.0112504366136466,0.0415450328776205,632,280,0.16093301505081,632,280,"19"
"H71",0.0453464776583318,234,111,123,0.0517272977262157,0.0186087715581687,264,141,0.07208398155597,264,141,"19"
"H84",0.139555705873641,608,323,285,0.0288195746147025,0.0300361345625351,510,225,0.116418690603532,510,225,"19"
"H91",0.111406867956698,465,286,179,0.044366337568147,0.0453285136703151,475,296,0.17560009662544,475,296,"19"
"H95",0.0443390880917609,212,105,107,0.0547787416060847,0.00922642962746734,171,64,0.0357599493708943,171,64,"19"
"H96",0.0215306671254143,78,50,28,0.0725167122398285,0.0054262082104652,61,33,0.0210260865477986,61,33,"19"
"H99",0.0930037303212025,560,248,312,0.0237437600188408,0.0388241599478942,582,270,0.15039369096345,582,270,"19"
"HP301",0.00584128456699049,98,9,89,0.058429807869212,0.00239170730217717,101,12,0.0092646423891738,101,12,"19"
"HUOBAI",0.0365462342963472,284,88,196,0.0422923390673526,0.0152875868764975,306,110,0.0592197114250275,306,110,"19"
"Hy",0.122272772216142,303,299,4,0.0950346189589914,0.0507835438767762,319,315,0.196721036103817,319,315,"19"
"I29",0.123710373290999,650,301,349,0.0127724682337118,0.0362616574913351,611,262,0.140479684356389,611,262,"19"
"Ia 453",0.0871906109372267,362,237,125,0.0513631834164247,0.0361921876150626,385,260,0.140197219803204,385,260,"19"
"IA2132",0.0451104355470573,238,109,129,0.0504756521169322,0.0187425730530471,273,144,0.0726029231803372,273,144,"19"
"IBB15",0.175602137495512,393,344,49,0.0673370554904129,0.0734279297698592,398,349,0.284438573603095,398,349,"19"
"IBC2",0.0999203433172974,450,261,189,0.0433472327542886,0.038683548389985,458,269,0.149850495400499,458,269,"19"
"ICI 193",0.0939103194086846,252,249,3,0.0952887812583538,0.0308289821789428,234,231,0.119428183751606,234,231,"19"
"ICI 740",0.184700512387953,479,346,133,0.0502332346224515,0.0598112324036755,473,340,0.231725312649462,473,340,"19"
"ICI 893",0.0480222425552465,311,117,194,0.0425827574552913,0.020050112987885,346,152,0.0776682420887376,346,152,"19"
"ICI 986",0.0719542388772923,279,192,87,0.0590119551757514,0.0293272625939448,310,223,0.113605746104552,310,223,"19"
"IDS28",0.0165479083387283,303,33,270,0.0312833592998729,0.0057683535183166,308,38,0.0223456283127196,308,38,"19"
"IDS69",0.0989157690813267,310,258,52,0.0662957973037822,0.0413538379558653,331,279,0.160197482652437,331,279,"19"
"IDS91",0.0897762350491281,275,242,33,0.0714999802937068,0.036902831702344,298,265,0.142951269020219,298,265,"19"
"INB 101LFY/LFY (A632 X M16 S5)",0.0858985714194448,450,234,216,0.0377315949725837,0.0355350898091061,471,255,0.137654534125437,471,255,"19"
"INBRED 141",0.0822596066819672,526,226,300,0.0264379449745746,0.0344076691780605,549,249,0.133285439520059,549,249,"19"
"INBRED 2-687",0.0214367272159166,147,49,98,0.056352729335294,0.00774412406232679,153,55,0.0299991933441618,153,55,"19"
"INBRED 305",0.0910273339092284,484,245,239,0.0343170752648765,0.0215771503726966,402,163,0.0836035751248953,403,164,"19"
"INBRED 321",0.0593142273429965,368,164,204,0.040643822861311,0.0246254028934848,400,196,0.0953911259699327,400,196,"19"
"K150",0.0421776856229532,391,101,290,0.0278350701496737,0.0120643067304374,379,89,0.0467383404805395,379,89,"19"
"K41",0.28297063541756,428,360,68,0.062651087325946,0.116074209751942,428,360,0.449637681799274,428,360,"19"
"K47",0.160002982238826,340,338,2,0.0967779695796237,0.0667569876991863,346,344,0.258596787617252,346,344,"19"
"KUNG-70",0.0663461792954999,447,181,266,0.0322041419181805,0.0277494555022692,478,212,0.107493391463747,478,212,"19"
"L 127",0.0671818702488504,244,184,60,0.064565490154892,0.0274937746603374,268,208,0.106502388432281,268,208,"19"
"L 289",0.110788954964329,569,283,286,0.0286683213780773,0.0463979680179196,588,302,0.179741052168053,588,302,"19"
"LH1",0.0480377578020591,429,118,311,0.0243955418415611,0.019957113631175,462,151,0.0773076718645119,462,151,"19"
"LH119",0.144067515047884,655,329,326,0.0201527433599066,0.0576506695710088,658,332,0.22332336165312,658,332,"19"
"LH128",0.0198142813728057,126,44,82,0.0607394479684792,0.00657643921525636,130,48,0.0254763414620343,130,48,"19"
"LH143 (Maintainer)",0.0804389853434283,472,217,255,0.0329749659712933,0.0333766396335568,497,242,0.129298190862259,497,242,"19"
"LH146Ht",0.0755600281158983,485,203,282,0.029331004809199,0.0161353390646252,401,119,0.0625400625143767,401,119,"19"
"LH149",0.0699658124215568,461,188,273,0.0310518593863127,0.029091209387998,494,221,0.112691074582715,494,221,"19"
"LH165",0.0264322456083269,400,63,337,0.0169645995774648,0.010993779659722,415,78,0.042586534254633,415,78,"19"
"LH166",0.0777217506231611,418,210,208,0.0399104161840642,0.0209785424561713,367,159,0.0812854161277086,367,159,"19"
"LH181",0.0527036568399628,195,132,63,0.0634196019692432,0.021575830134719,225,162,0.0835772586362365,225,162,"19"
"LH184",0.0437010963729888,369,104,265,0.0322223895048437,0.0120420092279293,353,88,0.0466583905895692,353,88,"19"
"LH190",0.124490330725071,344,304,40,0.070086325208666,0.0519479655484237,359,319,0.201231049315849,359,319,"19"
"LH192",0.00246111439683177,212,1,211,0.0383575888104165,0.000528105491852274,212,1,0.00204692032674864,212,1,"19"
"LH194",0.0560793886634279,373,149,224,0.0359096984754582,0.0236629257465886,412,188,0.0916675393416666,412,188,"19"
"LH195",0.0248111767141317,287,58,229,0.0353497201681465,0.00842884548249621,289,60,0.0326550141135802,289,60,"19"
"LH197",0.0162610189134766,168,32,136,0.0501261124304095,0.00436849259126316,161,25,0.0169245755638317,161,25,"19"
"LH198",0.0623351893589275,331,166,165,0.0460836731283619,0.0257550703278581,363,198,0.0997678927870967,363,198,"19"
"LH202",0.0500839226752085,282,123,159,0.0469099783657392,0.017723337250385,290,131,0.0686626409016822,290,131,"19"
"LH204",0.0864595462151527,590,235,355,0.00839735903647128,0.0359977399371191,614,259,0.13944433455646,614,259,"19"
"LH205",0.108907804436483,305,280,25,0.0738425838490623,0.0253882286770652,222,197,0.0983719302037393,222,197,"19"
"LH206",0.0189190337162502,339,40,299,0.0266617693863797,0.00784350009502826,355,56,0.0303832375051025,355,56,"19"
"LH208",0.0204672462991041,231,45,186,0.0435526856373393,0.00836292376656634,245,59,0.0323952646936026,245,59,"19"
"LH209",0.0559425140648701,470,148,322,0.0209733463589044,0.0233671128991057,506,184,0.0905173576202455,506,184,"19"
"LH214",0.0341218586291065,196,84,112,0.0538603849045688,0.00716379630065592,166,54,0.0277660559564366,166,54,"19"
"LH215",0.0878938654924444,326,240,86,0.0590741386422425,0.0358808683584775,344,258,0.138990488965011,344,258,"19"
"LH222",0.0531415143285833,269,135,134,0.0501485529763659,0.0217460784715277,302,168,0.0842382834510912,302,168,"19"
"LH223",0.0830091693698663,258,228,30,0.0723567336996751,0.0317319055310027,264,234,0.122921799031708,264,234,"19"
"LH224",0.057803970812072,249,156,93,0.0578445554411319,0.0226548812794692,270,177,0.0877592419966517,270,177,"19"
"LH295",0.138444797164254,652,321,331,0.01826971121224,0.0336995210430626,576,245,0.1305698670561,576,245,"19"
"LH60",0.010431395967454,61,18,43,0.0690371231236057,0.00337754854521993,60,17,0.0130843173837841,60,17,"19"
"LH74",0.0348635283781699,430,85,345,0.0136149676470174,0.0145804497799462,451,106,0.0564804551183878,451,106,"19"
"LH82",0.0977454115325038,437,255,182,0.043992694100914,0.0210610520643145,342,160,0.0816258558020903,342,160,"19"
"LH93",0.00670825048986827,230,12,218,0.0374584805313404,0.00201339789701213,228,10,0.00779993558159206,228,10,"19"
"LIBC 4",0.104891305120629,363,273,90,0.0582786296815783,0.0429476774690469,377,287,0.166367392470169,377,287,"19"
"LP1 NR HT",0.0248183868422311,340,59,281,0.0295017947383162,0.01036996776793,353,72,0.0401713958507579,353,72,"19"
"LP5",0.10855004029585,352,279,73,0.06191393605268,0.0351978189449466,326,253,0.136366036518594,326,253,"19"
"M14",0.0592480728283594,291,163,128,0.050585778058871,0.024086733009999,320,192,0.0933106727757771,320,192,"19"
"MBPM",0.151012227444852,438,335,103,0.0553141268657533,0.0619031282408977,445,342,0.23979438477619,445,342,"19"
"MBWZ",0.0730883641234413,270,195,75,0.0618194478329483,0.015145454402242,183,108,0.0586996422465458,183,108,"19"
"MM501D",0.188082499021626,664,347,317,0.0222023811986146,0.0786338988328703,667,350,0.304613881661273,667,350,"19"
"Mo17",0.0552172962313144,479,143,336,0.0172446729235001,0.0230739898014724,518,182,0.0893819166744845,518,182,"19"
"Mo1W",0.03793016981508,263,90,173,0.0449242167346055,0.0158605470376831,288,115,0.0614391745322629,288,115,"19"
"Mo46",0.135761414567532,395,318,77,0.0616500738575976,0.0429771301449135,365,288,0.166507109466067,365,288,"19"
"Mo47",0.0294608593661969,212,73,139,0.0496946148526843,0.0112778991725811,221,82,0.0436878691468234,221,82,"19"
"Mo5",0.0897258981773235,559,241,318,0.0221979636471527,0.0302513190673199,545,227,0.117189493531563,545,227,"19"
"MQ305",0.113310311765113,557,289,268,0.031643524100849,0.0476484516219426,575,307,0.18458502303263,575,307,"19"
"MS116",0.0288802930183988,89,69,20,0.0749074254236664,0.0118587102256684,106,86,0.0459365803878313,106,86,"19"
"MS132",0.121000139684768,532,297,235,0.0347717508021288,0.0508169186737965,551,316,0.196859418550054,551,316,"19"
"MS200",0.0547561639030853,309,140,169,0.0453289249849072,0.0221973676354605,338,169,0.0859865530754284,338,169,"19"
"MS211",0.0978938175417269,372,256,116,0.052262436947384,0.0240075702190798,307,191,0.0930296802290514,307,191,"19"
"MS221",0.0800793725937218,558,216,342,0.0141605649931732,0.0333672904369469,583,241,0.129254853773733,583,241,"19"
"MS224",0.0732545556877022,372,196,176,0.0446052548256389,0.0300740882750055,402,226,0.116496702329438,402,226,"19"
"MS225",0.0634416948009905,241,170,71,0.0622330035238217,0.0131427551665231,169,98,0.0509371249477257,169,98,"19"
"MS226",0.100865012610061,313,265,48,0.067348099132809,0.0276480042987656,258,210,0.107113614132155,258,210,"19"
"MS24A",0.0545212980908572,479,138,341,0.0143374451241668,0.0193897296595088,489,148,0.0751121987082363,489,148,"19"
"MS67",0.100692845492619,525,264,261,0.0324088098954646,0.0418153331231896,542,281,0.161980735301474,542,281,"19"
"MS71",0.0252551286181871,344,60,284,0.0289089550221074,0.0104701204699475,357,73,0.0405579330626135,357,73,"19"
"MS72",0.0116996706563581,311,20,291,0.027654320615287,0.00483855606741419,318,27,0.0187432021537715,318,27,"19"
"N192",0.149007707015793,590,334,256,0.0329665831192703,0.0562725118621311,586,330,0.21798667285134,586,330,"19"
"N193",0.0778402380671764,243,211,32,0.0718043221297885,0.0311605505810982,265,233,0.120715066957681,265,233,"19"
"N200",0.0169218743462729,102,36,66,0.062934350226855,0.00704303239789777,118,52,0.0272825651266895,118,52,"19"
"N201",0.0112128755626,251,19,232,0.035299564794035,0.0032515579996558,248,16,0.0125967797879147,248,16,"19"
"N209",0.0317678686400475,234,80,154,0.047367932524609,0.013071858323068,250,96,0.0506359652389296,250,96,"19"
"N211",0.115571108541737,465,291,174,0.0447864832252007,0.0481054819925914,482,308,0.186346016329666,482,308,"19"
"N217",0.0280437220854091,77,67,10,0.0809553771954834,0.0115301546797744,93,83,0.0446639031072237,93,83,"19"
"N218",0.200826139608721,354,353,1,0.102165361940717,0.0839512988700592,355,354,0.32520298424915,355,354,"19"
"N28Ht",0.129913979461453,372,313,59,0.0646644202880272,0.0530278309141685,384,325,0.205411554057841,384,325,"19"
"N501",0.0209118990452797,100,46,54,0.0655320978530755,0.00665732382899068,103,49,0.0257900113425449,103,49,"19"
"N523",0.11666950984674,653,294,359,0.00225306245720984,0.0486196241241422,669,310,0.188338553600162,669,310,"19"
"N527",0.0760973604633784,385,204,181,0.0441870800410107,0.0157803358743108,295,114,0.0611607180348553,295,114,"19"
"N534",0.011976158031953,145,21,124,0.051655449334208,0.00466555377136989,150,26,0.0180731836786447,150,26,"19"
"N542",0.13613509899002,327,319,8,0.084960204396673,0.0473878187420217,314,306,0.183572476128193,314,306,"19"
"NC250",0.102232734529883,325,268,57,0.0648020751684123,0.0269547949614957,260,203,0.10444345717897,260,203,"19"
"NC262",0.0309508210295191,286,76,210,0.0384152450240983,0.0122218473877539,302,92,0.0473442735299821,302,92,"19"
"NC294",0.104298549055368,604,272,332,0.018129293702322,0.0232880583705607,515,183,0.0902516662136835,515,183,"19"
"NC310",0.0229816906467968,333,53,280,0.0297765528478847,0.00939065712364788,346,66,0.0363763750237765,346,66,"19"
"NC326",0.0858120012170612,591,233,358,0.00593111297002822,0.0358294293855168,615,257,0.138792678702587,615,257,"19"
"NC328",0.028890311672032,104,70,34,0.0714575417568483,0.00610873707677369,78,44,0.0236770685263281,78,44,"19"
"NC342",0.0399511512785741,332,96,236,0.0345582589429237,0.0164636450918768,359,123,0.0637746655177501,359,123,"19"
"NC412",0.0941966280137483,478,251,227,0.035402060203836,0.0384584556898891,495,268,0.148975273583579,495,268,"19"
"ND259",0.0387428724622036,239,93,146,0.0488420701656833,0.0161533154487125,266,120,0.0625748551213816,266,120,"19"
"ND265",0.0720842505161318,343,193,150,0.0476825039436968,0.0292602496273614,372,222,0.113352664043826,372,222,"19"
"NK740",0.0302545830032239,197,75,122,0.051801928796187,0.0112559459914983,202,80,0.0436030425424915,202,80,"19"
"NK778",0.153828392623075,451,336,115,0.053289702147455,0.0461641346060234,414,299,0.17885956363533,414,299,"19"
"NK807",0.00538204775975333,210,8,202,0.0409571206448523,0.00223376806362055,213,11,0.00865298420016981,213,11,"19"
"NKS8326",0.079633314265397,332,215,117,0.052120738554102,0.0208772814516421,274,157,0.0808949001369518,274,157,"19"
"NORTH 7",0.0141534145346963,98,29,69,0.0623936018766278,0.00578112234821646,108,39,0.0223940554665062,108,39,"19"
"NQ508",0.0818141070245294,361,224,137,0.0498001032473563,0.0268255358464758,339,202,0.10391929784916,339,202,"19"
"NS501",0.0784904990802396,557,213,344,0.0137620623390096,0.032742429253885,582,238,0.126834449716114,582,238,"19"
"NS701",0.0245524400772024,124,57,67,0.0626813783339956,0.00924642239369145,132,65,0.0358185152415113,132,65,"19"
"NY6371",0.0395350751804632,216,95,121,0.0518835804908017,0.0158979953376701,238,117,0.0615882470590487,238,117,"19"
"Ny821",0.0584025614599327,453,159,294,0.0275742819075047,0.0239257693769429,484,190,0.0926812343757923,484,190,"19"
"OH33",0.193659536116958,359,348,11,0.0808341229127868,0.0597804309340338,350,339,0.23158777488522,350,339,"19"
"Oh40B",0.208158021319754,405,354,51,0.0663214540853592,0.0859389845035289,406,355,0.332899374954001,406,355,"19"
"Oh43",0.147653314323912,381,331,50,0.0669664403837622,0.0421895732581102,334,284,0.163465213783395,334,284,"19"
"Oh7",0.0275119214011039,108,66,42,0.0690380516502037,0.0105092659816119,117,75,0.0407103832753244,117,75,"19"
"OQ403",0.0553341358161441,459,145,314,0.0228021899540775,0.0226279411396712,490,176,0.0876527506632866,490,176,"19"
"OQ603",0.0147278131197754,156,30,126,0.0511275455433867,0.00610869130206516,169,43,0.023663145745166,169,43,"19"
"Os420",0.0552241069532932,415,144,271,0.031266079934903,0.0132791027918309,370,99,0.0514577602511987,370,99,"19"
"OS602",0.195918127211819,361,349,12,0.0796701753956293,0.0810265738246178,363,351,0.313870716909127,363,351,"19"
"Pa392",0.116264377796774,621,292,329,0.0190492786158092,0.0462936539720685,629,300,0.179329425118072,629,300,"19"
"Pa405",0.0812863623508738,570,222,348,0.0130789833465718,0.033811798009771,596,248,0.130976555906565,596,248,"19"
"Pa875",0.0999987914559558,550,262,288,0.0284233993644342,0.0280590144281494,502,214,0.108704526463853,502,214,"19"
"Pa880",0.0389050975749828,193,94,99,0.0560549284045075,0.0162160263480145,220,121,0.0628160285098964,220,121,"19"
"Pa91",0.0550878864806068,404,141,263,0.0323007875757766,0.0227909416736363,443,180,0.0882847537900049,443,180,"19"
"PH207",0.00849807216741466,236,14,222,0.0363135249435865,0.00323460637988434,237,15,0.0125300990009637,237,15,"19"
"PHB09",0.0453417452095522,263,110,153,0.0473887258009398,0.0185369323984826,293,140,0.0718061860442478,293,140,"19"
"PHB47",0.00405273174717008,257,5,252,0.0332382842357213,0.00165446644165247,257,5,0.00640885027298793,257,5,"19"
"PHBA6",0.196335424465913,355,350,5,0.0900277629478215,0.0821039054432866,358,353,0.318046816331417,358,353,"19"
"PHBB3",0.110811657779244,588,284,304,0.025206414690046,0.0453113466249039,599,295,0.175521836519137,599,295,"19"
"PHEG9",0.0175799478919025,187,38,149,0.047957885704608,0.00365879065518208,169,20,0.0141808090243307,169,20,"19"
"PHG29",0.0939628234193566,281,250,31,0.0720842673349293,0.0383585986512726,298,267,0.148587946330101,298,267,"19"
"PHG47",0.130690749536918,453,315,138,0.0497721180656183,0.0277156775599371,349,211,0.107421113993137,349,211,"19"
"PHG71",0.10051489526105,560,263,297,0.0269618270805169,0.0411760544461268,575,278,0.159504606638737,575,278,"19"
"PHG80",0.0525335814586641,274,131,143,0.0491379980482965,0.0137698476576131,245,102,0.0533485209628612,245,102,"19"
"PHG83",0.10533571832997,486,274,212,0.0383509157324917,0.0445353369703321,505,293,0.172524703827564,505,293,"19"
"PHG86",0.0319952033837051,188,82,106,0.0549510268762723,0.0130587278497205,201,95,0.0505850342303271,201,95,"19"
"PHH93",0.086617838976135,489,236,253,0.033198260017817,0.0222734496674968,423,170,0.0862952153885577,423,170,"19"
"PHHH9",0.0535121681479676,221,137,84,0.0595787673851319,0.021579625267227,248,164,0.083593643806744,247,163,"19"
"PHHV4",0.0840689924116088,393,229,164,0.0461960228512772,0.0327427147264884,403,239,0.12683705909049,403,239,"19"
"PHJ70",0.147995155851665,385,332,53,0.0656169040179398,0.0604203970602042,394,341,0.234047695504374,394,341,"19"
"PHJ89",0.133425010276692,444,317,127,0.0507570384102746,0.0556640730780826,456,329,0.215632166236975,456,329,"19"
"PHJ90",0.0955098690220592,586,252,334,0.0177791196178562,0.0392693103722523,605,271,0.152118501849072,605,271,"19"
"PHJR5",0.0555880291981431,353,146,207,0.0399350697158345,0.0117866851021781,292,85,0.0456843019644317,292,85,"19"
"PHK35",0.0496471955336765,184,122,62,0.0635226931749028,0.020291257859279,217,155,0.078601255007508,217,155,"19"
"PHK42",0.0487644474989668,445,120,325,0.020650029408357,0.0203636672148024,481,156,0.0788828709681845,481,156,"19"
"PHK56",0.0774655313617854,355,208,147,0.0484077161869296,0.0304840224729228,375,228,0.118095169803851,375,228,"19"
"PHK74",0.226659065535646,486,355,131,0.0503201898462988,0.0941134663560127,487,356,0.364575365177644,487,356,"19"
"PHKE6",0.0630563951869242,463,168,295,0.0273347050289372,0.0136826091039855,396,101,0.0530215700971797,396,101,"19"
"PHM10",0.0357995651423863,218,86,132,0.0502425159096289,0.014359017276201,236,104,0.0556229968418382,236,104,"19"
"PHN11",0.140400482186126,397,325,72,0.0621403694094979,0.0587145453084202,408,336,0.227443195846371,408,336,"19"
"PHN29",0.105890954300726,291,276,15,0.0778884522025635,0.0361953808734527,276,261,0.140215474917153,276,261,"19"
"PHN66",0.0752013891463798,221,202,19,0.0752474181662492,0.0307898283368057,249,230,0.119270395434956,249,230,"19"
"PHN82",0.0135608096724282,71,26,45,0.0682204516067427,0.00553999571464673,79,34,0.0214600131749162,79,34,"19"
"PHP02",0.0502897695721911,237,124,113,0.0537049738699993,0.0202457076371219,267,154,0.0784264243322042,267,154,"19"
"PHP55",0.0697389735782454,496,187,309,0.02463148613587,0.0284809431327145,527,218,0.110325270771892,527,218,"19"
"PHP76",0.0125446434853134,260,23,237,0.0344034626408261,0.00337842072283482,255,18,0.0130903659691852,255,18,"19"
"PHP85",0.181724187099642,354,345,9,0.083509176870934,0.0393085810824375,281,272,0.152358589782678,281,272,"19"
"PHPR5",0.0740021664333178,365,199,166,0.045775282858333,0.0304960666617898,395,229,0.118133824660931,395,229,"19"
"PHR03",0.0551643706832495,313,142,171,0.04496392621931,0.0228974848060933,352,181,0.0886976949208264,352,181,"19"
"PHR30",0.0449369091996284,334,108,226,0.0358140266090875,0.0186781112284136,368,142,0.0723532420332025,368,142,"19"
"PHR31",0.03100441232282,172,77,95,0.0573335294473836,0.0119498922433761,182,87,0.0462909581540829,182,87,"19"
"PHR36",0.0793995134957107,473,214,259,0.032792246133325,0.0178220756823557,392,133,0.0690680104684344,392,133,"19"
"PHR47",0.102684874452805,313,269,44,0.068898089288732,0.0426696921669993,330,286,0.165293416912327,330,286,"19"
"PHR63",0.0570401637437629,242,154,88,0.0587049799964365,0.0235352118103217,275,187,0.0911676343370514,275,187,"19"
"PHT10",0.0514070004872021,366,128,238,0.0343317008901618,0.017497709786271,367,129,0.0677835761846509,367,129,"19"
"PHT47",0.00277633034072455,172,2,170,0.0452020795229385,0.0011365825557724,172,2,0.00440277277400983,172,2,"19"
"PHT55",0.0254775878707577,146,61,85,0.0595590212194536,0.00953960972033695,153,68,0.0369542931220948,153,68,"19"
"PHTM9",0.0488690137760987,336,121,215,0.038095182789365,0.0127246754992147,308,93,0.0493056116512539,308,93,"19"
"PHV37",0.00336264410255536,282,3,279,0.0299938307556886,0.00138899833493595,282,3,0.00538063841886236,282,3,"19"
"PHV57",0.0134138490130766,298,24,274,0.031005743421813,0.00557842801374275,309,35,0.0216091188515371,309,35,"19"
"PHV63",0.0209566908940098,209,47,162,0.046495338803191,0.00601988461521842,204,42,0.0233215909878566,203,41,"19"
"PHVA9",0.0909987576759597,265,244,21,0.0743043801776873,0.0366047132064524,285,264,0.141796825631487,285,264,"19"
"PHVJ4",0.0829002533428162,523,227,296,0.0270466008457976,0.0345019607905745,546,250,0.13365009523051,546,250,"19"
"PHW03",0.0808881160873213,410,219,191,0.0430210098447439,0.0338084479408731,438,247,0.13096410510949,438,247,"19"
"PHW17",0.125391774305717,645,305,340,0.0146033296343086,0.0521539179666061,662,322,0.202028301762607,662,322,"19"
"PHW20",0.0545543746901754,493,139,354,0.0085616272478693,0.0227454375438089,533,179,0.0881090330366175,533,179,"19"
"PHW30",0.123279964081723,456,300,156,0.046991023639551,0.0516197048056517,474,318,0.199966078536942,474,318,"19"
"PHW43",0.103352898592015,431,270,161,0.0466151641943586,0.0419691571803979,443,282,0.162586274648857,443,282,"19"
"PHW52",0.0410866794250026,405,100,305,0.025160997973668,0.0171723953691215,433,128,0.0665208692538235,433,128,"19"
"PHW53",0.0528255779238889,381,133,248,0.0334336892616966,0.0216932228877015,413,165,0.0840333977419935,413,165,"19"
"PHW80",0.0984574130213713,511,257,254,0.0329889746085138,0.0401012150128765,530,276,0.155349769873897,530,276,"19"
"PHWG5",0.0504205319195273,402,125,277,0.0305550067563392,0.0209494532226473,435,158,0.0811516954351044,435,158,"19"
"PHZ51",0.046189783507542,356,113,243,0.0336597271291086,0.0193181291402934,389,146,0.074832860729081,389,146,"19"
"Q381",0.110897746284014,605,285,320,0.0213955846757377,0.0453083913588111,614,294,0.17551002333847,614,294,"19"
"R168",0.0587930078031902,235,161,74,0.0618729940906967,0.022311924685347,245,171,0.0864311546698853,245,171,"19"
"R177",0.0747016546982341,227,200,27,0.0729536584449166,0.0310612949163002,259,232,0.120322625405607,259,232,"19"
"R181B",0.022154064431671,135,52,83,0.0598571443089533,0.00912058007962713,146,63,0.0353306952430587,146,63,"19"
"R226",0.0586491846804586,449,160,289,0.0280051880024127,0.0241697978146863,483,194,0.0936257309825979,483,194,"19"
"R229",0.0811518062539885,242,220,22,0.0742966202655266,0.0330462445620423,262,240,0.128012073322135,262,240,"19"
"R71",0.0818805958459333,365,225,140,0.049470414150151,0.0337914561927918,386,246,0.130898607239964,386,246,"19"
"R78",0.0565868234990563,230,152,78,0.0615675240257788,0.0158881688904844,194,116,0.0615600604821072,194,116,"19"
"SD101",0.0422350226496006,254,102,152,0.0474499046279887,0.00907593152254315,214,62,0.0351755781042849,214,62,"19"
"SD102",0.0195649714172202,334,42,292,0.0276037233379964,0.00710595966109656,345,53,0.0275270415554386,345,53,"19"
"SD107",0.0857119573779615,451,232,219,0.0373622287584878,0.0178494888046738,353,134,0.0691815045226044,353,134,"19"
"SD40",0.12867509998623,348,311,37,0.070400674913494,0.0275473334719952,246,209,0.106772610260916,246,209,"19"
"SD44",0.0972478884545452,575,254,321,0.0213095744105812,0.0397506112012908,596,275,0.15398000055265,596,275,"19"
"SG 30A",0.0258170366534783,117,62,55,0.0654402861138113,0.0107663814872432,132,77,0.0417057548560185,132,77,"19"
"Tr",0.128799067263801,392,312,80,0.0612449769820223,0.0499555959528436,393,313,0.193515563728686,393,313,"19"
"TZU-CHIAO-HSI-WU 105",0.108053970437906,375,278,97,0.056943841821496,0.0441279647479504,389,292,0.170936393691998,389,292,"19"
"Va26",0.0404251832826431,290,98,192,0.0429439617784658,0.0112647849788473,273,81,0.043641508038104,273,81,"19"
"Va35",0.0748441940873853,388,201,187,0.0434295342182722,0.0226155484724678,362,175,0.0876219552523628,362,175,"19"
"Va52",0.143157127991197,682,326,356,0.00829233372099332,0.0438414849640462,646,290,0.169841241306934,646,290,"19"
"Va99",0.0318918902304181,353,81,272,0.0312500882364348,0.0104783196721434,346,74,0.0405918809409219,346,74,"19"
"W182E",0.131039416170367,580,316,264,0.0322738870792247,0.0532779882761979,590,326,0.206384330869691,590,326,"19"
"W22",0.105612335989289,508,275,233,0.035018313166763,0.0431253266470228,522,289,0.167052541295988,522,289,"19"
"W23",0.0238058684968718,272,55,217,0.0375843910976622,0.00516917591762601,249,32,0.0200337707445694,249,32,"19"
"W24",0.0506483616013673,226,126,100,0.0559454639677855,0.0106052721029408,176,76,0.0411046604463893,176,76,"19"
"W32",0.0401037432703169,404,97,307,0.024845802969041,0.0165473637085654,431,124,0.0640990203235467,431,124,"19"
"W37A",0.127521595432317,470,307,163,0.046270004305257,0.053524400541169,491,328,0.207345244513623,491,328,"19"
"W552",0.0556058932108766,249,147,102,0.055633208761186,0.0182445994473533,239,137,0.0706776406064094,239,137,"19"
"W603S",0.0210237141778502,282,48,234,0.0348919077450676,0.0083001559504753,292,58,0.032152656839082,292,58,"19"
"W604S",0.199491556783778,389,351,38,0.0702703419142582,0.081707644059482,390,352,0.31650703515264,390,352,"19"
"W605S",0.00941226195355541,176,16,160,0.046906005607632,0.00384963959910712,181,21,0.0149122953068019,181,21,"19"
"W607S",0.0443541069087246,207,106,101,0.0558337507719963,0.0183042499417433,240,139,0.0709046258845614,240,139,"19"
"W610S",0.128235096674277,550,309,241,0.0341708760070033,0.0524392580941834,565,324,0.203135175013438,565,324,"19"
"W611S",0.0733150361936142,273,197,76,0.0618101028202156,0.0285201386392755,295,219,0.110479879172169,295,219,"19"
"W612S",0.0270719508250634,313,64,249,0.033332505011243,0.00572851454589051,286,37,0.0222033949882829,286,37,"19"
"W614S",0.0506637274960909,378,127,251,0.0332445901267898,0.0177564187319415,383,132,0.0687852831719108,383,132,"19"
"W64A",0.169518542422795,623,340,283,0.0290815762825148,0.0694772893059738,628,345,0.269134352758403,628,345,"19"
"W701BC",0.114263443604916,623,290,333,0.01782436017561,0.0466394863479069,637,304,0.180665654941815,637,304,"19"
"W803G",0.0190888368220494,221,41,180,0.0442822835685449,0.00579527765632965,220,40,0.0224508934513228,220,40,"19"
"W809G",0.0302004595083024,216,74,142,0.0491954710729086,0.00647100253501166,187,45,0.0250814049440965,187,45,"19"
"W810G",0.0476173682724441,356,116,240,0.0341968291187598,0.0195022902560733,389,149,0.0755459674985466,389,149,"19"
"W811G",0.136204239849654,385,320,65,0.0630286930610109,0.0568509262114725,396,331,0.220224230453016,396,331,"19"
"W813G",0.0875496249004828,422,239,183,0.0438567915609726,0.034769912413417,434,251,0.134689533089058,434,251,"19"
"W8304",0.0700937245971061,449,189,260,0.0325129835512055,0.0287541685242178,480,220,0.111383740183945,480,220,"19"
"W9",0.076832431741845,408,205,203,0.040775154913527,0.0225298163520511,376,173,0.0872912927137172,376,173,"19"
"WIL900",0.0197163338524682,79,43,36,0.0705911780320236,0.00653837850675651,83,47,0.0253289049653797,83,47,"19"
"WU-TAN-TZAO",0.0631334776461064,187,169,18,0.0755542220804382,0.0181698130335383,154,136,0.0703914746588691,154,136,"19"
"YE 4",0.0915553295535601,260,246,14,0.0779082555930272,0.0193370506144268,161,147,0.0749375672873596,161,147,"19"
"YING-55",0.0653974604583753,376,177,199,0.0412067067382775,0.0226965261716651,377,178,0.0879300934718526,377,178,"19"
"Yu796 NS",0.0520897200154722,301,129,172,0.0449506863903597,0.0110165770497997,251,79,0.0426993327767663,251,79,"19"
"ZS365",0.121090999822789,600,298,302,0.0257091243099526,0.0504873427573039,616,314,0.195573551856161,616,314,"19"
"ZS635",0.0655478211993154,225,178,47,0.0676647117291116,0.0271064517063917,252,205,0.105001611923113,252,205,"19"
"1538",0.0331290430038479,218,152,66,0.0457150116369511,0.0116530283289073,216,150,0.0314118724825745,216,150,"20"
"29MIBZ2",0.0418573193855564,402,194,208,0.0318885315336438,0.0135248786984594,382,174,0.0364554118786832,382,174,"20"
"2FACC",0.0575261293879765,403,245,158,0.035811546724474,0.0225162762464465,417,259,0.0607093526506341,417,259,"20"
"2MA22",0.099535700538141,334,330,4,0.0680948270387349,0.0355114278735595,331,327,0.0957211532932977,331,327,"20"
"3IJI1",0.054448270994852,563,237,326,0.0183999012680572,0.0227221688636643,587,261,0.0612659477879552,587,261,"20"
"4226",0.0262910320579528,178,120,58,0.0465469452656814,0.0104029899947037,188,130,0.0280476740746002,188,130,"20"
"4N506",0.0944133954391228,464,327,137,0.038012490895427,0.0281791143690249,433,296,0.0759582008148907,433,296,"20"
"6M502",0.0855301691993451,654,318,336,0.0172338865497363,0.0339915209127898,656,320,0.0916429305786813,656,320,"20"
"6M502A",0.0238427628319533,217,104,113,0.0405795705689238,0.00709907066872114,196,83,0.0191351641662222,196,83,"20"
"764",0.0204424030988289,352,83,269,0.026415911020762,0.00652236079068888,342,73,0.0175805488351868,342,73,"20"
"78010",0.0446179333524418,344,209,135,0.0381314207768373,0.0201774519482652,377,242,0.0544027220129216,377,242,"20"
"793",0.0261969672501433,267,119,148,0.0370005173195972,0.00937553588064897,268,120,0.0252718061112993,268,120,"20"
"87916W",0.069473156191622,594,285,309,0.0216486549438423,0.0276578004054841,600,291,0.0745735039508551,600,291,"20"
"911",0.0568916595617672,277,242,35,0.0514266763794344,0.0201760142771013,276,241,0.0543855000888637,276,241,"20"
"912",0.0242200067544051,112,107,5,0.0666750740470599,0.00812694506474957,109,104,0.0219058319745086,109,104,"20"
"91IFC2",0.0386254122407195,530,178,352,0.0121433569344894,0.013818997041481,532,180,0.0372491754329526,532,180,"20"
"A",0.0826265482575723,596,316,280,0.0249873019972895,0.0294960781753649,585,305,0.079516390077468,585,305,"20"
"A208",0.0449851942582319,263,210,53,0.0474547991707812,0.0158429377898785,256,203,0.0427045240323774,256,203,"20"
"A239",0.0406260702466184,525,187,338,0.0164511451903547,0.0161564314319843,545,207,0.0435592705912878,545,207,"20"
"A272",0.0215119038852607,138,92,46,0.0488137048743485,0.00762299234069667,141,95,0.0205481987440293,141,95,"20"
"A305",0.062056851140269,464,262,202,0.0322591820004137,0.01839261366231,429,227,0.0495770871574839,429,227,"20"
"A322",0.0142135135273453,213,57,156,0.0361240451077256,0.00466353690987693,209,53,0.0125702952964595,209,53,"20"
"A334",0.031576644975575,360,140,220,0.0308255975094978,0.0107752550151639,358,138,0.0290443664782622,358,138,"20"
"A340",0.0513197522858034,415,230,185,0.0334860360361591,0.0176521919735024,405,220,0.0475810402493713,405,220,"20"
"A374",0.0369296367036832,343,168,175,0.03430252036448,0.0112395802613981,317,142,0.0302977145775226,317,142,"20"
"A385",0.0323517087041474,225,145,80,0.0435228256999693,0.011533835369029,226,146,0.0310898375973472,226,146,"20"
"A401",0.0230674147694675,227,100,127,0.0389705282304418,0.00776538599564068,226,99,0.0209312825014808,226,99,"20"
"A427",0.0214591565108182,405,90,315,0.0201976517552955,0.00842896712897813,424,109,0.0227250615968121,424,109,"20"
"A548",0.0265908407043955,446,123,323,0.0187385161373325,0.00932009523766374,442,119,0.0251236443522844,442,119,"20"
"A572",0.0720749337124084,600,293,307,0.0218014500912083,0.0281929037155637,604,297,0.0760135650557833,604,297,"20"
"A619",0.0037392386313027,239,11,228,0.0305094685240822,0.0014725696404753,242,14,0.003970447736751,242,14,"20"
"A627",0.0111957541409011,222,43,179,0.0340566800211035,0.0048159947392047,234,55,0.012984763901461,234,55,"20"
"A632",0.223259763597784,379,360,19,0.0565113382444505,0.0917375839092455,379,360,0.24735277823007,379,360,"20"
"A635",0.0029396075567859,214,8,206,0.0320892649445132,0.00131056429579478,215,9,0.00353364953112113,215,9,"20"
"A641",0.015494693946714,148,61,87,0.0428632777810628,0.00541984929352547,148,61,0.0146091361588384,148,61,"20"
"A648",0.0337179754338002,291,155,136,0.0380739643838895,0.0119614269178466,288,152,0.0322455896466139,288,152,"20"
"A663",0.0451887400545652,275,212,63,0.046110086221803,0.0150064457013088,259,196,0.0404491259462064,259,196,"20"
"A672",0.0409507989544477,469,190,279,0.0253895030048812,0.014045767390089,464,185,0.0378656947569122,464,185,"20"
"A674",0.00441234202559208,185,14,171,0.034671415752241,0.00134215815170468,181,10,0.00361795516893678,181,10,"20"
"A679",0.152352148257815,392,358,34,0.051447792483254,0.0597862188879883,391,357,0.161193414132692,391,357,"20"
"A680",0.0372366976825662,524,171,353,0.0114242153357834,0.0132381926688732,519,166,0.0356841149835953,518,165,"20"
"A682",0.031628557006651,236,142,94,0.042128598553246,0.0122718145545096,247,153,0.033085390741856,247,153,"20"
"A71",0.038161421467053,262,176,86,0.0428668610708799,0.0135121967740808,259,173,0.036422922698894,259,173,"20"
"A73",0.0720517992413348,635,292,343,0.0149260861155477,0.0222631297222969,599,256,0.0600084380834023,599,256,"20"
"A797NW",0.0176927082000386,114,70,44,0.0490840870251428,0.0064467232061895,115,71,0.0173797540683398,115,71,"20"
"AQA3",0.0732383006860774,371,300,71,0.0448682818021635,0.0274587277646856,361,290,0.0740285831350461,361,290,"20"
"AS6103",0.0698455205683011,646,286,360,0.00258781272226569,0.0245004062494367,635,275,0.066043948696443,635,275,"20"
"AusTRCF 306238",0.0677137060826396,384,279,105,0.040924615641556,0.0315029126942943,417,312,0.0849398818880161,417,312,"20"
"B-18 INBR.FR.SUPERGOLD",0.0422685799948267,477,201,276,0.0258491363879357,0.014814542057578,469,193,0.0399347253911951,469,193,"20"
"B-28",0.0115635682396115,373,45,328,0.0182470236606746,0.00372941125840736,368,40,0.0100523765087032,368,40,"20"
"B103",0.0367606788496653,377,166,211,0.0314482494697758,0.0144067943298517,400,189,0.0388443497677122,400,189,"20"
"B104",0.102250343624269,667,332,335,0.0173120663859292,0.0401923130312073,671,336,0.108369152322042,671,336,"20"
"B105",0.00561963472044895,209,20,189,0.0332031435323173,0.00176398651919369,207,18,0.00475519919951645,207,18,"20"
"B108",0.029798187509178,331,132,199,0.0325984636768802,0.0104785885305445,330,131,0.0282460787513498,330,131,"20"
"B109",0.0393762175478742,525,183,342,0.0156272573010245,0.0140442487487691,526,184,0.0378567213651472,526,184,"20"
"B110",0.0458980163023852,276,214,62,0.0461264139451872,0.0193731163908444,299,237,0.0522358270485363,299,237,"20"
"B111",0.112336140110543,501,342,159,0.0357978254100078,0.044078604442656,501,342,0.118847309244986,501,342,"20"
"B115",0.130855928805857,562,349,213,0.031399436516549,0.0512266090942682,563,350,0.13811639882631,563,350,"20"
"B119",0.025124653212102,308,112,196,0.0327377525716321,0.00890837150638359,311,115,0.0240129880228478,311,115,"20"
"B120",0.0312069724571018,350,138,212,0.031433321663935,0.0105611557502492,346,134,0.028471379699925,346,134,"20"
"B121",0.137323556831686,648,350,298,0.0225945146974928,0.0549703276583212,652,354,0.14821636382683,652,354,"20"
"B14A",0.0717865030388852,348,291,57,0.0467372167262993,0.0280856752157197,352,295,0.0757243743976526,352,295,"20"
"B164",0.033323043704915,405,153,252,0.0276140731783457,0.0116643785671555,403,151,0.0314411933304538,403,151,"20"
"B2",0.0148614827965027,323,60,263,0.0272476497739903,0.00693504458154176,342,79,0.0186986339925787,342,79,"20"
"B37",0.0456689629922282,544,213,331,0.0177626946132187,0.0175140226753438,549,218,0.0472181297148576,549,218,"20"
"B47",0.118248828079784,649,344,305,0.0220229520565601,0.0415635860823227,643,338,0.112044246711246,643,338,"20"
"B57",0.0124481941496938,179,49,130,0.0384316474462667,0.0042697946690591,177,47,0.011509115514802,177,47,"20"
"B66",0.0255732849478033,380,114,266,0.0267780890101503,0.0114803994862114,411,145,0.0309543371949214,411,145,"20"
"B68",0.0476150001005311,288,220,68,0.045400750930147,0.0185139917410415,298,230,0.0499143183276898,298,230,"20"
"B73",0.011871611854542,224,47,177,0.0342676657583944,0.00464643790667732,229,52,0.0125276659696295,229,52,"20"
"B75",0.00860034572526276,142,35,107,0.0408274715660446,0.00257066806553391,132,25,0.00692938256504473,132,25,"20"
"B76",0.0768762291743558,403,307,96,0.041888117916617,0.0327055318502695,412,316,0.0881840062944378,412,316,"20"
"B77",0.0349539142226508,451,160,291,0.0230378149388143,0.0137116173237935,468,177,0.0369687984701251,468,177,"20"
"B79",0.04068585271057,496,188,308,0.0217524581550203,0.0128809110427317,466,158,0.0347195157420723,466,158,"20"
"B87",0.0188467680295299,239,78,161,0.0351866034501572,0.00675539412765204,236,75,0.0182092855441066,236,75,"20"
"B88",0.00579538358931404,305,22,283,0.0239424068435238,0.00206270206556021,305,22,0.00556009344939136,305,22,"20"
"B91",0.0420798104489419,428,198,230,0.030485525740676,0.0129684198500428,389,159,0.0349585072242782,389,159,"20"
"B97",0.00406238241134635,26,12,14,0.0573907963855245,0.00135517552685371,25,11,0.00365332876358652,25,11,"20"
"BEI 10 = NORTH 10",0.0602887870281117,363,252,111,0.0406257732637814,0.0229175250074497,375,264,0.0617858625194257,375,264,"20"
"BO9",0.0475274328357185,469,219,250,0.0281048241563698,0.0184605557784869,478,228,0.0497702344305387,479,229,"20"
"CA-4",0.114066904942458,516,343,173,0.0344701521003756,0.0494802209971029,520,347,0.13340768852915,520,347,"20"
"CG102",0.0501680126370447,414,226,188,0.0332178707320655,0.0183154930624964,412,224,0.0493769408044909,412,224,"20"
"CH701-30",0.0432126877146546,466,202,264,0.0272296792126591,0.0131818301591599,427,163,0.0355305557692372,427,163,"20"
"CH711-10",0.0731727044831142,349,298,51,0.0477781403135833,0.0228303249092608,314,263,0.0615436368058257,314,263,"20"
"CH753-4",0.128451833686839,630,348,282,0.0244940404875513,0.0509745044728512,631,349,0.137441921572718,631,349,"20"
"CH9",0.0632745638110123,436,268,168,0.0348980870336083,0.0255712164259488,449,281,0.0689477689962529,449,281,"20"
"CI 40H",0.0422022459923304,476,199,277,0.0256279111316221,0.0137085517944263,453,176,0.0369505307070632,453,176,"20"
"CR 22 INBRED",0.0320848036136987,454,143,311,0.0210459396508443,0.0113500251645651,455,144,0.030597185701915,455,144,"20"
"DE2",0.0515968738370805,335,231,104,0.0409683961916893,0.0185391868652529,335,231,0.0499725968144247,335,231,"20"
"DE3",0.0247557825853289,118,111,7,0.0621448036576472,0.00868069777577492,119,112,0.0233999733448399,119,112,"20"
"DE4",0.0130088008070531,166,54,112,0.0406191816261985,0.00468290651423466,166,54,0.0126244779790059,166,54,"20"
"DE811",0.0633958004831,328,269,59,0.0463824394357105,0.0188356608185904,291,232,0.0507706737005452,291,232,"20"
"DJ7",0.0532529492188234,421,235,186,0.0334266771688385,0.0231307808358931,451,265,0.062367391301838,451,265,"20"
"DK3IIH6",0.123416395821159,374,347,27,0.0548334367149052,0.0365823720527549,358,331,0.0986075130211436,357,330,"20"
"DK4676A",0.0223044500967748,159,99,60,0.0462915135067517,0.00848517032365019,170,110,0.0228761119765318,170,110,"20"
"DK78002A",0.0381808742412119,275,177,98,0.0418579288894052,0.0177400014535651,319,221,0.0478313701793738,319,221,"20"
"DK78010",0.0476887782690825,331,221,110,0.0406495588952496,0.0169709781579562,325,215,0.0457459386002415,325,215,"20"
"DK78371A",0.00946442990392634,155,38,117,0.0400836764856923,0.00334999570246188,155,38,0.0090313357203498,155,38,"20"
"DKFAPW",0.00455774281961968,302,15,287,0.0234954769720133,0.00157375497614434,302,15,0.00424202153280709,302,15,"20"
"DKFBHJ",0.122409770532475,513,346,167,0.034916196314501,0.0484650967593584,513,346,0.130675651874528,513,346,"20"
"DKMBNA",0.0699737443532228,461,287,174,0.0344381389664825,0.0305448118872716,483,309,0.0823545368759146,483,309,"20"
"DKPB80",0.0505936158057935,523,228,295,0.022808738480997,0.0166949067907338,507,212,0.0450063832104395,507,212,"20"
"E8501",0.0390451743249861,442,180,262,0.027267562815288,0.0162519803987618,470,208,0.0438176553982282,470,208,"20"
"EAST 028",0.0584505054860239,370,249,121,0.0397953305943905,0.0235340070763306,390,269,0.0634547869719325,390,269,"20"
"F118",0.0316215902472933,442,141,301,0.022491504823237,0.00948263646634073,423,122,0.0255597944332273,423,122,"20"
"F2834T",0.0155363836028465,234,62,172,0.0345564043376379,0.00544971944069813,234,62,0.0146904111535053,234,62,"20"
"FBLA",0.0739717796734282,354,302,52,0.0476385399712907,0.0341959573117927,374,322,0.0922011578612349,374,322,"20"
"FR19",0.0245178416782622,233,109,124,0.0391126584797519,0.00760713194956224,218,94,0.0205044027387621,218,94,"20"
"H105W",0.0364803024339394,303,165,138,0.0379351846534065,0.0115741247415064,286,148,0.0311971826055398,286,148,"20"
"H110",0.00649680538375461,348,23,325,0.0184364615406058,0.00204595305694248,346,21,0.00551470683010104,346,21,"20"
"H113",0.103553979184875,576,334,242,0.0290127234011692,0.0352809509611899,568,326,0.095112822395737,568,326,"20"
"H121",0.0306562679141545,411,136,275,0.026035373991246,0.0110482338074319,416,141,0.0297845802164464,416,141,"20"
"H122w",0.0116208869040097,187,46,141,0.0376368383545785,0.00417788205978472,186,45,0.0112615178690335,186,45,"20"
"H5",0.0106002724531863,184,42,142,0.0376136100366685,0.00374443505893132,183,41,0.0100941427379905,183,41,"20"
"H71",0.017523212360208,365,66,299,0.0225825776351158,0.00693124725481118,377,78,0.018687462228871,377,78,"20"
"H84",0.106038429179887,688,337,351,0.0121547721655492,0.0416638456913403,690,339,0.112336731145384,690,339,"20"
"H91",0.0543510546409996,591,236,355,0.0107851495872085,0.0200570819869694,594,239,0.0540734270432274,594,239,"20"
"H95",0.0131029696292918,178,55,123,0.0391420827518898,0.00534766494609799,182,59,0.0144189467353959,182,59,"20"
"H96",0.0922427636527043,557,324,233,0.0300110015787737,0.0428549053856527,573,340,0.115547786544169,573,340,"20"
"H99",0.0782239193846164,385,308,77,0.0441050182019627,0.0280603881360203,371,294,0.0756372209536917,371,294,"20"
"HP301",0.0230704701070473,267,101,166,0.0350189842804147,0.0080765075767179,268,102,0.0217701305745421,268,102,"20"
"HUOBAI",0.000384555854607464,110,1,109,0.0408202084848985,0.000134910858326305,110,1,0.000363680092487088,110,1,"20"
"Hy",0.0241612319998639,116,106,10,0.0583621648872646,0.00849936755271093,121,111,0.0229108669264299,121,111,"20"
"I29",0.0611009555719392,583,256,327,0.0183187292377449,0.0282815559221816,625,298,0.0762538491225164,625,298,"20"
"Ia 453",0.0605955483063278,564,254,310,0.0212523041888423,0.0212653401838984,559,249,0.0573232824397927,559,249,"20"
"IA2132",0.034889672062519,452,159,293,0.0230026019178263,0.0122804668771447,447,154,0.0331031317080343,447,154,"20"
"IBB15",0.00880652171252882,381,36,345,0.0147946400888758,0.003117658686635,378,33,0.00840383520039719,378,33,"20"
"IBC2",0.0372135295150545,407,170,237,0.0294699403759745,0.0130908853549835,399,162,0.0352877469052616,399,162,"20"
"ICI 193",0.079163606274682,358,310,48,0.0486158368532501,0.0320590914968322,361,313,0.0864410804770012,361,313,"20"
"ICI 740",0.146334232609645,374,353,21,0.056135140770016,0.0547853093901711,374,353,0.147700814378237,374,353,"20"
"ICI 893",0.0725750080816018,642,296,346,0.0137155345053952,0.0260841214879871,632,286,0.0703100395351261,632,286,"20"
"ICI 986",0.0445096228026957,451,208,243,0.0288966829576245,0.0180491325916215,465,222,0.0486659710192899,465,222,"20"
"IDS28",0.00193446933271971,339,5,334,0.0174344174895408,0.000575605591582268,339,5,0.00155151527764057,339,5,"20"
"IDS69",0.0328832276071689,329,148,181,0.0338251739235563,0.0147339953791656,371,190,0.0397259061034517,371,190,"20"
"IDS91",0.0171498417985384,227,65,162,0.0351616586976851,0.00540399767430128,222,60,0.014566055189565,222,60,"20"
"INB 101LFY/LFY (A632 X M16 S5)",0.0614547375117321,298,258,40,0.0504920981580875,0.0204315802590212,284,244,0.0550723210834244,284,244,"20"
"INBRED 141",0.00272819365259958,126,7,119,0.0399644965367159,0.00106888333500764,126,7,0.00288197700751898,126,7,"20"
"INBRED 2-687",0.0643452937124427,303,271,32,0.0519715044198875,0.0248700580198592,309,277,0.0670506840486904,309,277,"20"
"INBRED 305",0.0677231967338291,433,280,153,0.0362005196231947,0.0294354760455406,457,304,0.07936669584757,457,304,"20"
"INBRED 321",0.0175540733664958,97,67,30,0.0532789236313018,0.00624246690032726,97,67,0.0168265712008847,97,67,"20"
"K150",0.0720913560928292,541,294,247,0.0282083640751817,0.021875289285958,498,251,0.0589674006839342,498,251,"20"
"K41",0.099223793202312,645,329,316,0.0201174491805265,0.0397954230798649,651,335,0.10729097651934,651,335,"20"
"K47",0.0686255330737813,340,284,56,0.0470701036783351,0.0246282598917129,332,276,0.06638583718275,332,276,"20"
"KUNG-70",0.00796982351991595,246,28,218,0.0308910971130063,0.00291774050477784,248,30,0.00786599301790821,248,30,"20"
"L 127",0.0179728060503736,338,73,265,0.0270813573966403,0.00608206127833682,330,65,0.0163939714867375,330,65,"20"
"L 289",0.0815664809120566,655,314,341,0.0157107257449103,0.0347400929860519,665,324,0.093669785459374,665,324,"20"
"LH1",0.022112068153454,357,96,261,0.027276486056486,0.00726462901358486,348,87,0.0195813952279524,348,87,"20"
"LH119",0.00805067258310137,378,30,348,0.0134848927029374,0.00276403021959705,375,27,0.00745037027739237,375,27,"20"
"LH128",0.0201802578803958,121,82,39,0.0505029974803409,0.00724458038061597,125,86,0.0195278673431109,125,86,"20"
"LH143 (Maintainer)",0.0341882617016055,512,156,356,0.00924293539993878,0.0133652544050092,525,169,0.0360354952957641,525,169,"20"
"LH146Ht",0.10591678477421,476,336,140,0.0376480264461028,0.0467153480232257,485,345,0.125957974098182,485,345,"20"
"LH149",0.0422509469885772,453,200,253,0.0275724300472738,0.0150081430434395,450,197,0.0404544404738282,450,197,"20"
"LH165",0.0621240346664442,553,263,290,0.0231243829867265,0.0222594988281304,545,255,0.0600008979490622,545,255,"20"
"LH166",0.0417170865940729,240,193,47,0.0486351966084288,0.0149106383471048,241,194,0.0401981489369512,241,194,"20"
"LH181",0.0205882394010569,270,86,184,0.0334910900149819,0.00767752967131983,281,97,0.0206985330875074,281,97,"20"
"LH184",0.0515972017422455,481,232,249,0.028114996432167,0.0203838569823163,492,243,0.0549605740936246,492,243,"20"
"LH190",0.0419235288733223,335,196,139,0.0376813191824487,0.0192780318512653,374,235,0.0519780356409224,374,235,"20"
"LH192",0.0584256300439217,552,248,304,0.0221353149583721,0.0208276044324042,550,246,0.056141508020996,550,246,"20"
"LH194",0.0345178164085668,231,157,74,0.0443902302161462,0.0102311883221558,203,129,0.0275779328724613,203,129,"20"
"LH195",0.0519216113351614,472,234,238,0.029435113344846,0.0214416824793463,488,250,0.0578096446494124,488,250,"20"
"LH197",0.0622722840683385,595,265,330,0.0180050330561756,0.0221952413639433,584,254,0.0598273183402426,584,254,"20"
"LH198",0.0578177532625352,585,246,339,0.0163933404113822,0.0205071003545182,584,245,0.0552768528137359,584,245,"20"
"LH202",0.089689142658468,521,323,198,0.0326670128021385,0.0341889609706465,519,321,0.092173948517862,519,321,"20"
"LH204",0.0591084587760761,382,251,131,0.0384246829452748,0.020955590191064,379,248,0.0564869146941566,379,248,"20"
"LH205",0.0809103661346352,349,313,36,0.0512733630452945,0.0324449707016323,351,315,0.0874813441544857,351,315,"20"
"LH206",0.0185804026643424,302,76,226,0.0305327542309443,0.00806426187465453,327,101,0.0217436257359432,327,101,"20"
"LH208",0.0327597741914039,403,147,256,0.0274794053022963,0.0140026430515826,438,182,0.0377553383101181,438,182,"20"
"LH209",0.0274152874648569,327,126,201,0.0322690646365785,0.00979524658129246,326,125,0.0264031257552217,326,125,"20"
"LH214",0.0312582797070215,319,139,180,0.0340474981832657,0.00926877400189518,298,118,0.0249839797970053,298,118,"20"
"LH215",0.0322873874622783,294,144,150,0.0364075676338402,0.0131840441616328,314,164,0.0355482326491366,314,164,"20"
"LH222",0.0498476871655541,547,225,322,0.0188038239911333,0.0175478134412351,541,219,0.047299998145548,541,219,"20"
"LH223",0.06228680989756,330,266,64,0.0460149635278222,0.021879144650256,316,252,0.0589776344608307,316,252,"20"
"LH224",0.0129039132524387,86,53,33,0.0518491769502676,0.00386127764916644,75,42,0.0104083149472651,75,42,"20"
"LH295",0.074577354038929,624,303,321,0.0188301417068997,0.0297460043814575,627,306,0.0801968908005354,627,306,"20"
"LH60",0.0140689351988552,300,56,244,0.0284727888962864,0.0049295026407115,300,56,0.0132883307716398,300,56,"20"
"LH74",0.0185278566773903,424,75,349,0.0134251432400458,0.00628576906278673,418,69,0.0169430696208397,418,69,"20"
"LH82",0.0767354221659647,529,305,224,0.0306238731241114,0.0357969224876656,552,328,0.0965175631470295,552,328,"20"
"LH93",0.0261966129405239,385,118,267,0.0266506557278975,0.00868589483151361,380,113,0.0234123874077407,380,113,"20"
"LIBC 4",0.00572992244762775,214,21,193,0.0329125751199878,0.00201003053018881,212,19,0.00541829056538904,212,19,"20"
"LP1 NR HT",0.0176149779509863,354,69,285,0.023532193313631,0.00697087150838187,365,80,0.018795441307654,365,80,"20"
"LP5",0.0700078920075443,646,288,358,0.00611637694168422,0.0232979608871173,624,266,0.0627985244027399,624,266,"20"
"M14",0.0263940028478142,211,121,90,0.04235804040002,0.00924741042811144,207,117,0.0249279050848617,207,117,"20"
"MBPM",0.0729653097450585,461,297,164,0.0351119932512238,0.0254433066271482,444,280,0.0685927069018458,444,280,"20"
"MBWZ",0.041914585971015,208,195,13,0.0579844059089175,0.0164225344307652,223,210,0.044278044686321,223,210,"20"
"MM501D",0.0679635686027009,293,282,11,0.0581316893628817,0.0265576894719475,298,287,0.0716005134861899,298,287,"20"
"Mo17",0.0358693178026664,475,163,312,0.0209820072660358,0.0128361081897256,469,157,0.0346000146112947,469,157,"20"
"Mo1W",0.045920856615077,347,215,132,0.0384239652923275,0.0165013145969202,343,211,0.04447948431691,343,211,"20"
"Mo46",0.0725695132454341,566,295,271,0.0263260742303782,0.0283776696213862,570,299,0.0765127791902303,570,299,"20"
"Mo47",0.0732066308136237,317,299,18,0.0565663495160613,0.0260381132597664,303,285,0.0701868058635402,303,285,"20"
"Mo5",0.0184381200177641,433,74,359,0.0059824961663455,0.00646503231646383,431,72,0.0174273596811863,431,72,"20"
"MQ305",0.0768625807727104,384,306,78,0.0439034202752092,0.0304754792787766,386,308,0.0821706136192409,386,308,"20"
"MS116",0.00458859924036313,225,16,209,0.0318448314893132,0.00162396385329487,225,16,0.00437738895451368,225,16,"20"
"MS132",0.083514769920671,650,317,333,0.0175451319749413,0.033494281922518,652,319,0.0903106048564987,652,319,"20"
"MS200",0.00852090479843287,203,34,169,0.0348457378403405,0.00299836923081978,200,31,0.00808282959144377,200,31,"20"
"MS211",0.088008482614599,386,321,65,0.0457992673639368,0.0348271037739336,390,325,0.0938979170822889,390,325,"20"
"MS221",0.00918808756128973,297,37,260,0.0272971019033008,0.00273294337196281,286,26,0.00736672847827935,286,26,"20"
"MS224",0.0256049515006499,264,115,149,0.0366342618029835,0.00998546508356878,276,127,0.0269213699105611,276,127,"20"
"MS225",0.0679548972624122,348,281,67,0.0454450854625342,0.0292579249185994,370,303,0.0788845047519116,370,303,"20"
"MS226",0.0605809005526096,275,253,22,0.055598658565453,0.0191433198539366,256,234,0.0516051715652117,256,234,"20"
"MS24A",0.0938365799459979,610,326,284,0.0238393886000053,0.0278345173543135,577,293,0.0750269907862858,577,293,"20"
"MS67",0.0557029534866281,396,239,157,0.0360140372956945,0.0199337859201332,395,238,0.0537319623492414,395,238,"20"
"MS71",0.0274724131917639,441,127,314,0.0202207691810008,0.0082263768000092,419,105,0.0221736510195141,419,105,"20"
"MS72",0.00809190695268562,320,31,289,0.0234286887099165,0.00313045307193573,323,34,0.00843983330371217,323,34,"20"
"N192",0.0412594630455931,538,191,347,0.0135500557493435,0.0147403183495627,538,191,0.0397325851489692,538,191,"20"
"N193",0.0464645752079635,319,218,101,0.0413041750251503,0.01687030738164,315,214,0.0454805570941802,315,214,"20"
"N200",0.0402701847908278,279,186,93,0.0421659632581835,0.0137723722126931,271,178,0.0371230254175265,271,178,"20"
"N201",0.0257361902343114,361,116,245,0.0284152011228935,0.00917295753306196,361,116,0.024725725729711,361,116,"20"
"N209",0.065509119764821,417,273,144,0.0374896758594236,0.0227513274875054,406,262,0.061325796186922,406,262,"20"
"N211",0.0282527082337244,402,128,274,0.0261207619497771,0.00993591670682739,400,126,0.0267821806129272,400,126,"20"
"N217",0.0293713835212713,313,130,183,0.0335101251806638,0.0105629344551489,318,135,0.0284761935092358,318,135,"20"
"N218",0.00680614069851382,100,25,75,0.0443738948658185,0.0023901173249345,98,23,0.00644283012925961,98,23,"20"
"N28Ht",0.00297070660387886,226,9,217,0.0309106883272312,0.00116548050667226,225,8,0.00314221156512532,225,8,"20"
"N501",0.0570124879869315,443,243,200,0.0324151729836932,0.0193202980800526,436,236,0.0520771689951238,436,236,"20"
"N523",0.0583444687374271,478,247,231,0.0304744716051051,0.0208733618253786,478,247,0.0562646258661661,478,247,"20"
"N527",0.0443989663013265,361,207,154,0.0361593113283325,0.0140247701106881,337,183,0.0378069450937328,337,183,"20"
"N534",0.0214948236126575,269,91,178,0.0341944211457738,0.00731292718699077,266,88,0.0197117530522493,266,88,"20"
"N542",0.096324114318653,369,328,41,0.050146917130383,0.0321349687169319,355,314,0.0866305567436768,355,314,"20"
"NC250",0.112174136603682,410,341,69,0.045271124909061,0.0449115528704373,413,344,0.121094920605477,413,344,"20"
"NC262",0.0120100380109981,147,48,99,0.0414913805576435,0.00410301304588407,143,44,0.0110595481244273,143,44,"20"
"NC294",0.0825127838240406,672,315,357,0.00790970260847124,0.0329648573085313,675,318,0.0888757967443477,675,318,"20"
"NC310",0.00803275766627245,379,29,350,0.0133855416884055,0.00329749603692104,387,37,0.00889106458304385,387,37,"20"
"NC326",0.0195403012582569,315,81,234,0.0296582677179052,0.00697686172429177,315,81,0.0188084339875601,315,81,"20"
"NC328",0.0376716187233345,264,175,89,0.0425605729131377,0.0137781723390477,268,179,0.0371454873331012,268,179,"20"
"NC342",0.0175928063327093,141,68,73,0.0445294852948978,0.00618422815052572,139,66,0.0166702226653909,139,66,"20"
"NC412",0.0265676996490598,265,122,143,0.037568755106138,0.00942763447529198,264,121,0.0254150125237045,264,121,"20"
"ND259",0.0415024025832396,276,192,84,0.0431077144122827,0.0162713306999992,293,209,0.0438716452580624,293,209,"20"
"ND265",0.0785368547745267,358,309,49,0.0484190549592267,0.0235305850476231,317,268,0.0634251044047757,317,268,"20"
"NK740",0.0369011959122323,282,167,115,0.0404409938826079,0.0126038237621921,271,156,0.033973225409051,271,156,"20"
"NK778",0.137463103564172,406,351,55,0.0471684106497135,0.056027720910651,410,355,0.151067923026371,410,355,"20"
"NK807",0.0323592740416922,336,146,190,0.0331366606013613,0.0105061937965669,322,132,0.0283187752348956,322,132,"20"
"NKS8326",0.0433308622428627,219,203,16,0.0569555585593773,0.0169886243302016,232,216,0.045804225939515,232,216,"20"
"NORTH 7",0.0160040790372836,152,64,88,0.0428504770307218,0.0056223711335757,151,63,0.0151557110430551,151,63,"20"
"NQ508",0.0390545411048134,284,181,103,0.0409703791763305,0.011619566717186,252,149,0.0313199490677649,252,149,"20"
"NS501",0.0244323631423254,224,108,116,0.0404056174107848,0.00740054678538049,207,91,0.0199475961268027,207,91,"20"
"NS701",0.08632349282659,328,320,8,0.0598050183753418,0.0303496104788253,315,307,0.0818071152675767,315,307,"20"
"NY6371",0.0393798512387296,310,184,126,0.0390250080861493,0.0133690507875342,296,170,0.0360358130598766,296,170,"20"
"Ny821",0.0329567669168246,315,150,165,0.0350443055772685,0.0110265390691701,305,140,0.0297215413926676,305,140,"20"
"OH33",0.10342707143475,405,333,72,0.0448661664193552,0.0404399487646976,409,337,0.109035402857759,409,337,"20"
"Oh40B",0.144170850883966,557,352,205,0.0321334677010312,0.0507718751157967,553,348,0.136860085184178,553,348,"20"
"Oh43",0.151645311205503,394,357,37,0.0511606213884708,0.0621610666664481,395,358,0.167605365492901,395,358,"20"
"Oh7",0.0518753049196082,271,233,38,0.0510617442853385,0.0183705540226363,263,225,0.0495188996901767,263,225,"20"
"OQ403",0.00546935470334573,315,19,296,0.02280682111754,0.00166209643534006,313,17,0.00448004850350502,313,17,"20"
"OQ603",0.00415698573396077,342,13,329,0.0181470264566231,0.00145800649755718,342,13,0.0039302440736907,342,13,"20"
"Os420",0.0612117739336005,498,257,241,0.029248187254663,0.0242722714296603,514,273,0.0654406415065711,514,273,"20"
"OS602",0.0075424291187546,72,27,45,0.0489777318296145,0.0035229391682881,84,39,0.00949873273716489,84,39,"20"
"Pa392",0.0391038343462221,397,182,215,0.0313246180192838,0.015578655607852,416,201,0.0420014224304275,416,201,"20"
"Pa405",0.005113663202979,29,17,12,0.0581056059239138,0.00202165600829777,32,20,0.00545054039620035,32,20,"20"
"Pa875",0.0589918363656525,447,250,197,0.0326889043108248,0.0271293208188317,486,289,0.0731477658625639,486,289,"20"
"Pa880",0.0102434437917393,335,41,294,0.0229143568754119,0.00313152650567555,329,35,0.00844077451018648,329,35,"20"
"Pa91",0.0221252492913881,230,97,133,0.0383780777839555,0.00706450908871856,215,82,0.0190418725185647,215,82,"20"
"PH207",0.0245822433795691,333,110,223,0.0306905496139274,0.0075263691445916,315,92,0.0202884223425206,315,92,"20"
"PHB09",0.0675400828836598,488,278,210,0.031679127067491,0.0200922052960789,450,240,0.0541575230280701,450,240,"20"
"PHB47",0.0124927962350359,257,50,207,0.0320756130385308,0.00419936931980374,253,46,0.0113192251091651,253,46,"20"
"PHBA6",0.0191577695475316,108,79,29,0.0534442527233735,0.00598688137574795,93,64,0.0161371580542754,93,64,"20"
"PHBB3",0.0450270552860563,513,211,302,0.0222963012173002,0.0133490803314621,470,168,0.03598207782205,470,168,"20"
"PHEG9",0.0282905872821429,435,129,306,0.0218122933207895,0.0100953921078707,434,128,0.0272124365026632,434,128,"20"
"PHG29",0.0230938067866513,204,102,102,0.0411944133159658,0.0082401356388316,208,106,0.0222115387261417,208,106,"20"
"PHG47",0.118906251961746,387,345,42,0.0499031610878787,0.0522679601178424,393,351,0.140924508495748,393,351,"20"
"PHG71",0.0178923832490725,372,72,300,0.0224926616699218,0.00627583291414877,368,68,0.0169173097657946,368,68,"20"
"PHG80",0.0440799645019054,357,206,151,0.0363422983882282,0.0156671324389668,353,202,0.0422374941979865,353,202,"20"
"PHG83",0.0933282936718918,519,325,194,0.0328698108025695,0.0365770149322403,524,330,0.0986179830369636,525,331,"20"
"PHG86",0.0211449862292216,234,88,146,0.0372299018672617,0.00691311030278218,223,77,0.0186338759169973,223,77,"20"
"PHH93",0.0560237064185777,486,240,246,0.0282895688701145,0.0189187856852976,479,233,0.0510022996599399,479,233,"20"
"PHHH9",0.0128024292496434,166,52,114,0.0405538730811172,0.00440582340005522,162,48,0.0118757880109168,162,48,"20"
"PHHV4",0.0705930986460456,613,289,324,0.018593086892181,0.0248990416389484,602,278,0.0671218718296855,602,278,"20"
"PHJ70",0.0347373707481517,278,158,120,0.0399154010731732,0.013596600213689,295,175,0.0366572719263917,295,175,"20"
"PHJ89",0.0493559620512319,239,224,15,0.0572078056694027,0.0148051369359499,207,192,0.039908334272565,207,192,"20"
"PHJ90",0.00147458980389752,133,4,129,0.038676682491825,0.000520473449109823,133,4,0.00140297501475489,133,4,"20"
"PHJR5",0.0795517340949521,566,312,254,0.0275556250830633,0.0237877337470938,526,272,0.0641212411264312,526,272,"20"
"PHK35",0.0374674789955174,319,172,147,0.0372156516848845,0.0135015480653958,319,172,0.0363983865585032,319,172,"20"
"PHK42",0.000994055809411136,261,3,258,0.0274733911537062,0.000393603688755002,261,3,0.00106120020034454,261,3,"20"
"PHK56",0.0661263629042686,430,275,155,0.0361443948296515,0.0266313536906795,443,288,0.0718061724596364,443,288,"20"
"PHK74",0.110883764045658,680,340,340,0.016062183158803,0.0433521074402277,681,341,0.11688717995761,681,341,"20"
"PHKE6",0.0356104562791032,481,162,319,0.0194754321648446,0.0142328356778755,506,187,0.0383728001039377,506,187,"20"
"PHM10",0.00336293295619607,135,10,125,0.0390262652687031,0.00143004728838511,137,12,0.00385564235636439,137,12,"20"
"PHN11",0.0433434236626621,443,204,239,0.0293716985973632,0.0149195195634197,434,195,0.0402151984660181,434,195,"20"
"PHN29",0.0408078390064818,349,189,160,0.0351946454177075,0.0152749571490434,360,200,0.041181175423491,360,200,"20"
"PHN66",0.0205811458926956,139,85,54,0.0474508053345698,0.00810335482675317,157,103,0.0218472188114434,157,103,"20"
"PHN82",0.0335235813797193,185,154,31,0.0520337127348825,0.011560958191147,178,147,0.0311622948560394,178,147,"20"
"PHP02",0.0125691918601527,337,51,286,0.0235277620738358,0.00443381318514034,335,49,0.0119516892135927,335,49,"20"
"PHP55",0.00991088623419371,313,40,273,0.0261458536767542,0.00454112658598857,324,51,0.0122439066550473,324,51,"20"
"PHP76",0.0330413180293625,391,151,240,0.0293554211497404,0.00979246332480502,364,124,0.0263954094554703,364,124,"20"
"PHP85",0.16891566321055,360,359,1,0.0745482421939888,0.0660681771716647,360,359,0.178132766541863,360,359,"20"
"PHPR5",0.0274004884958102,397,125,272,0.0261955095661118,0.0107540785494355,409,137,0.0289947414879651,409,137,"20"
"PHR03",0.00829205444056947,41,32,9,0.0597070322063402,0.00286203479563549,38,29,0.00771455027239655,38,29,"20"
"PHR30",0.00680856112009362,240,26,214,0.031345009990742,0.00317781604007032,250,36,0.00856819526477728,250,36,"20"
"PHR31",0.0883438504426141,517,322,195,0.0328552347422535,0.0312037184192467,506,311,0.0841094670054059,506,311,"20"
"PHR36",0.070846701735231,549,290,259,0.0273458409387822,0.0276943333150579,551,292,0.0746697302883964,551,292,"20"
"PHR47",0.0177533185326859,391,71,320,0.0192119190859875,0.00672832120648622,394,74,0.018139576258515,394,74,"20"
"PHR63",0.0328860317518897,172,149,23,0.055467470488345,0.0141837129369026,209,186,0.0382435073396875,209,186,"20"
"PHT10",0.0221945169799233,334,98,236,0.0295149472822978,0.00873854805983465,350,114,0.0235614933793988,350,114,"20"
"PHT47",0.0505438156460194,379,227,152,0.0362986169533949,0.0181273395274379,375,223,0.0488625403551341,375,223,"20"
"PHT55",0.0115392256500035,263,44,219,0.0308516371474245,0.00404290620555286,262,43,0.0108983080075474,262,43,"20"
"PHTM9",0.048310913608049,283,222,61,0.0461467742790892,0.0159202519864409,267,206,0.0429121660540145,267,206,"20"
"PHV37",0.0376414851609668,366,174,192,0.0329235433337802,0.0132854251050407,359,167,0.0358107893594946,359,167,"20"
"PHV57",0.00833552031437403,151,33,118,0.0400413100850868,0.00277745121013413,146,28,0.00748648744158392,146,28,"20"
"PHV63",0.0251405397628354,342,113,229,0.0304995554810268,0.00757840047316594,322,93,0.0204282857375738,322,93,"20"
"PHVA9",0.110616522447207,340,338,2,0.0718833790357745,0.0391211857224556,335,333,0.10545367353001,335,333,"20"
"PHVJ4",0.0420731045974739,294,197,97,0.0418661573341524,0.0150664604914085,295,198,0.0406119507685398,295,198,"20"
"PHW03",0.0232468957768724,457,103,354,0.0107883102485922,0.0082922557808894,461,107,0.0223520379115043,461,107,"20"
"PHW17",0.110760765519613,439,339,100,0.0414202903703628,0.039152079498638,434,334,0.105534258183001,434,334,"20"
"PHW20",0.0298933686518462,239,133,106,0.0409084992123128,0.0105830581378926,242,136,0.0285265992832938,242,136,"20"
"PHW30",0.061487533289636,576,259,317,0.0195233001292638,0.0243681609778291,591,274,0.0657035171928949,591,274,"20"
"PHW43",0.0658190955674946,525,274,251,0.0279872415997191,0.0259941530322611,535,284,0.0700835053610513,535,284,"20"
"PHW52",0.0512617211010798,456,229,227,0.0305252838830401,0.0183813828162066,453,226,0.0495473269863423,453,226,"20"
"PHW53",0.0563340192130028,509,241,268,0.0265657889794854,0.0223172175184434,525,257,0.0601690064272743,525,257,"20"
"PHW80",0.0756176682527412,330,304,26,0.0548640234136675,0.0284499635070829,326,300,0.0767007569039975,326,300,"20"
"PHWG5",0.0398245672344986,388,185,203,0.0322055709144518,0.0143036231461879,391,188,0.0385555986019016,391,188,"20"
"PHZ51",0.0375292968036493,301,173,128,0.0387620549443671,0.0134987225730441,299,171,0.0363859324070513,299,171,"20"
"Q381",0.0309676021272508,469,137,332,0.0175975925078738,0.0130669690940895,493,161,0.0352305960920608,493,161,"20"
"R168",0.0358752207017149,355,164,191,0.0329631691565801,0.0132380302348104,356,165,0.0356889520673891,357,166,"20"
"R177",0.0209559570268106,104,87,17,0.0568484796646432,0.00734867631495661,106,89,0.0198093253287599,106,89,"20"
"R181B",0.0386356162992909,262,179,83,0.0431339025705212,0.0167388446636742,296,213,0.0451309565914604,296,213,"20"
"R226",0.0219473926133551,376,95,281,0.0245293027275083,0.00718118496707778,365,84,0.0193590353338171,365,84,"20"
"R229",0.151266693303687,362,356,6,0.0629089158918532,0.054003583138695,358,352,0.145568226265485,358,352,"20"
"R71",0.0213493462098788,324,89,235,0.0295205459333212,0.00837952619395963,343,108,0.0225933792917166,343,108,"20"
"R78",0.0354264402539989,324,161,163,0.035118597526776,0.0139876479600601,344,181,0.0377124750107081,344,181,"20"
"SD101",0.0669004319001538,458,276,182,0.0336611472715809,0.0285986656193074,483,301,0.0771068406648209,483,301,"20"
"SD102",0.0303107576802606,389,134,255,0.027540918259151,0.0108298537509029,394,139,0.0291919135204548,394,139,"20"
"SD107",0.067189521339664,569,277,292,0.0230287213326282,0.0237030241672454,563,271,0.0639014578535121,563,271,"20"
"SD40",0.15087544978568,425,355,70,0.0449942598972962,0.0592339408056136,426,356,0.159710160246997,426,356,"20"
"SD44",0.0548696067715151,323,238,85,0.043090579811652,0.0250527235752409,364,279,0.0675476976035979,364,279,"20"
"SG 30A",0.0217252089694867,185,93,92,0.0422829172699634,0.00771920007490476,190,98,0.0208074503465445,190,98,"20"
"Tr",0.00517825224204707,97,18,79,0.0438462615366118,0.00241647990847338,103,24,0.00651543044345834,103,24,"20"
"TZU-CHIAO-HSI-WU 105",0.0187347995905938,299,77,222,0.0307332590239088,0.00738011797782795,312,90,0.0198988085367496,312,90,"20"
"Va26",0.0268166380395079,206,124,82,0.0431849063099442,0.0113202687632988,225,143,0.0305228948740818,225,143,"20"
"Va35",0.0683382381393105,515,283,232,0.0302028172564942,0.0308098764541095,542,310,0.0830699464713407,542,310,"20"
"Va52",0.0615245755112211,604,260,344,0.0148199023938672,0.0258553031945328,626,282,0.0697138063583131,626,282,"20"
"Va99",0.0238731725664018,292,105,187,0.033363185145457,0.00972517369538409,310,123,0.0262220504111338,310,123,"20"
"W182E",0.0490548839485834,273,223,50,0.0483973890830554,0.0158979779206194,255,205,0.0428519692335753,255,205,"20"
"W22",0.0258457578832763,262,117,145,0.0372918476793167,0.00766643667408085,241,96,0.0206646194277139,241,96,"20"
"W23",0.0617259994685356,369,261,108,0.0408203757921085,0.0286072324184356,410,302,0.0771324612871817,410,302,"20"
"W24",0.0305912082438107,360,135,225,0.030603295219936,0.0123830779421292,380,155,0.0333885495320004,380,155,"20"
"W32",0.0297039507346841,156,131,25,0.0549035977989835,0.0105177208056806,158,133,0.0283504840482876,158,133,"20"
"W37A",0.103612913491103,632,335,297,0.0226386075837525,0.0328443281471826,614,317,0.0885395890664515,614,317,"20"
"W552",0.0574793110704024,325,244,81,0.043372900124847,0.0223362330894242,339,258,0.0602195959986775,339,258,"20"
"W603S",0.0459310281649918,350,216,134,0.0381469269154446,0.0152225497618043,333,199,0.0410316037490918,333,199,"20"
"W604S",0.0144715924083048,371,58,313,0.0204721539816033,0.00521049477643976,370,57,0.014047217230836,370,57,"20"
"W605S",0.0098319304566552,134,39,95,0.042097214444075,0.0044945841694001,145,50,0.0121184033155423,145,50,"20"
"W607S",0.000920784847614742,223,2,221,0.0308026970264305,0.000324570418840077,223,2,0.000874906317688237,223,2,"20"
"W610S",0.06407578285728,518,270,248,0.0281506843895675,0.0226929989685874,508,260,0.0611702937451952,508,260,"20"
"W611S",0.0464415336818288,339,217,122,0.0397611531151611,0.0158688673102091,326,204,0.0427740561810773,326,204,"20"
"W612S",0.0156032246289397,279,63,216,0.0309426368196013,0.00643897081126223,286,70,0.017361449207257,286,70,"20"
"W614S",0.0738602930326156,571,301,270,0.0263794848944935,0.0259198885272866,553,283,0.0698725384869279,553,283,"20"
"W64A",0.0435597656914459,248,205,43,0.049453503937987,0.0170427098798926,260,217,0.0459504130185442,260,217,"20"
"W701BC",0.0857637219380513,622,319,303,0.0222508918214492,0.0363746338654545,632,329,0.098071895524071,632,329,"20"
"W803G",0.00202373671808981,34,6,28,0.0546676822986398,0.000835134547708195,34,6,0.00225178005247278,34,6,"20"
"W809G",0.0204612588313857,260,84,176,0.0342741582643965,0.00721907533364122,261,85,0.019460919435698,261,85,"20"
"W810G",0.021754014634446,298,94,204,0.032164037400618,0.00687414807539258,280,76,0.0185308291387343,280,76,"20"
"W811G",0.0629436036346383,555,267,288,0.0234651221718113,0.0219318564884965,541,253,0.0591169809876161,541,253,"20"
"W813G",0.0369952655453309,245,169,76,0.0442551004916912,0.0130643628493591,236,160,0.0352159296122481,236,160,"20"
"W8304",0.0192403221756367,250,80,170,0.0347073063716627,0.00777526042035333,270,100,0.0209644643494559,270,100,"20"
"W9",0.100784650212662,422,331,91,0.0422944773631777,0.0380976845994178,423,332,0.102711279822578,423,332,"20"
"WIL900",0.0147750262225936,79,59,20,0.0564554657087642,0.00522726867972632,78,58,0.0140904302785568,78,58,"20"
"WU-TAN-TZAO",0.0607867190159696,279,255,24,0.0554526191329365,0.0235631888728734,294,270,0.0635270461278273,294,270,"20"
"YE 4",0.148163419496394,357,354,3,0.0685883270123883,0.0444155690049673,346,343,0.119719133705083,346,343,"20"
"YING-55",0.0621802268802921,542,264,278,0.0255161730654625,0.0184630540118295,507,229,0.0497674496930597,506,228,"20"
"Yu796 NS",0.0792464799258234,568,311,257,0.0274763628442743,0.0346449526026749,580,323,0.0934093274475449,580,323,"20"
"ZS365",0.00650709174153509,361,24,337,0.0171976855808185,0.00303755305970931,369,32,0.00818999901904049,369,32,"20"
"ZS635",0.0653481308715143,590,272,318,0.0194980098740075,0.0233789418964761,585,267,0.0630184746078019,585,267,"20"
"1538",0.0687582535255502,291,242,49,0.0532366721606326,0.0257723338559046,289,240,0.0924751334585689,289,240,"21"
"29MIBZ2",0.0671906373383094,538,237,301,0.0220995826343362,0.0193499341686717,486,185,0.0693780468389647,486,185,"21"
"2FACC",0.021671524955739,294,45,249,0.0289631837881365,0.00547755258460171,275,26,0.0196354513420035,275,26,"21"
"2MA22",0.131543380301806,351,350,1,0.0929223419585001,0.0612796815987324,354,353,0.219930172089998,354,353,"21"
"3IJI1",0.0230218242073713,333,51,282,0.0253822993037887,0.00996368007771531,355,73,0.0357606869226293,355,73,"21"
"4226",0.0114394949215894,85,9,76,0.0494766918213603,0.00383633019291924,89,13,0.0137620032321528,89,13,"21"
"4N506",0.0941629747448454,476,307,169,0.0370945943816037,0.0388818530832191,480,311,0.139527495845448,480,311,"21"
"6M502",0.0283237255131017,377,80,297,0.0226782224516768,0.0122524071566417,399,102,0.0439751358698307,399,102,"21"
"6M502A",0.0314795888886514,180,93,87,0.0477428037290357,0.0137882029175459,213,126,0.0494876623866812,213,126,"21"
"764",0.0256748147159151,340,64,276,0.026094480189266,0.0111641712851227,362,86,0.0400695675611323,362,86,"21"
"78010",0.0535702093596439,279,188,91,0.0471922846452275,0.0230386536805824,308,217,0.0826790790937022,308,217,"21"
"793",0.0336822576021238,286,104,182,0.0353758483758986,0.0119002943501989,278,96,0.04269733877641,278,96,"21"
"87916W",0.102217209928083,658,325,333,0.0152134076605118,0.0273818125228284,587,254,0.0981876270099965,587,254,"21"
"911",0.0933800274306922,327,305,22,0.0629724223490631,0.0400200306324272,338,316,0.143628014014271,338,316,"21"
"912",0.0324525683637813,102,99,3,0.0818181553232053,0.0147345491150956,140,137,0.052879025259965,140,137,"21"
"91IFC2",0.0566147265175354,551,198,353,0.0029361557970914,0.0250678241173708,584,231,0.0899613017038368,584,231,"21"
"A",0.103444627730479,647,327,320,0.0189915654997502,0.0489994009304694,657,337,0.175852318676464,657,337,"21"
"A208",0.0704899895669023,270,244,26,0.060507511231917,0.0317221136492043,306,280,0.113853374751113,306,280,"21"
"A239",0.047599953012466,449,160,289,0.0241112408149003,0.015271260467798,435,146,0.054784619771221,435,146,"21"
"A272",0.050220553197551,242,170,72,0.0497117792023938,0.0227671646503547,287,215,0.0817062182693318,287,215,"21"
"A305",0.0711529112435782,423,250,173,0.0364032592739168,0.0305560949134877,445,272,0.109666492800955,445,272,"21"
"A322",0.033113403274457,244,101,143,0.0403924495841275,0.0109973219596516,225,82,0.0394496858542867,225,82,"21"
"A334",0.0557356010596042,419,195,224,0.0318816706586255,0.0208058347014685,419,195,0.0746519118871344,419,195,"21"
"A340",0.0823229257498413,462,282,180,0.0357417151665998,0.0338947907672876,469,289,0.121631067763231,469,289,"21"
"A374",0.0426532213114159,336,141,195,0.0346125096085987,0.0141972564564353,326,131,0.0509287657235214,325,130,"21"
"A385",0.0513006824830995,251,177,74,0.0495796096337052,0.021986468549972,284,210,0.0789078024340732,284,210,"21"
"A401",0.0349427641473114,206,109,97,0.0464151838235752,0.0111371829821485,182,85,0.039947430614723,182,85,"21"
"A427",0.0375519536434389,446,119,327,0.0159551530671958,0.0132574079350807,444,117,0.0475628906665179,444,117,"21"
"A548",0.0999220544538234,664,318,346,0.00916159949542129,0.0308990106150885,621,275,0.110840897705875,621,275,"21"
"A572",0.0259306347997295,306,66,240,0.0301699682298703,0.00742889456467582,288,48,0.0266348491805901,288,48,"21"
"A619",0.0457958344018994,434,153,281,0.0254387775761327,0.0130416842295798,393,112,0.046747011760681,393,112,"21"
"A627",0.103975651622615,479,328,151,0.0396657837690151,0.0270011256129624,403,252,0.0968100148270638,403,252,"21"
"A632",0.100489307148006,549,320,229,0.031563951901812,0.0434336409907428,558,329,0.155887543414951,558,329,"21"
"A635",0.0470731240656177,371,158,213,0.0333755169760614,0.0119658799292274,311,98,0.0428970006264103,310,97,"21"
"A641",0.0264929597892442,119,69,50,0.0528912823724011,0.0119554162684265,147,97,0.0429089103270888,148,98,"21"
"A648",0.0424461942176831,260,138,122,0.0435070864869087,0.0186870477187596,301,179,0.0670702319246885,301,179,"21"
"A663",0.064911541842741,279,227,52,0.0524638837253353,0.0280852165024518,309,257,0.100788068679473,309,257,"21"
"A672",0.0467263247538989,455,157,298,0.0226165060940015,0.0136294295169137,421,123,0.0488711905806421,421,123,"21"
"A674",0.0354586423200536,272,110,162,0.0377729381901064,0.00921819783960299,227,65,0.0330401964616396,227,65,"21"
"A679",0.0359762287755652,260,112,148,0.0398914874836403,0.0156359972988487,297,149,0.0561194750834928,298,150,"21"
"A680",0.0760520250571425,620,264,356,-0.00114654910705155,0.0315590388319844,635,279,0.113248505146491,635,279,"21"
"A682",0.0561220371385867,250,197,53,0.052439781485192,0.0167389617116765,218,165,0.0600272135173656,218,165,"21"
"A71",0.0794853511904209,408,274,134,0.0419457765811297,0.0345847786452395,426,292,0.124129026077252,426,292,"21"
"A73",0.0944492148501208,633,308,325,0.0165090552942635,0.0421194352088144,651,326,0.151171251750926,651,326,"21"
"A797NW",0.107317699257184,368,332,36,0.0561751519153682,0.0284591665583719,295,259,0.102046978376356,295,259,"21"
"AQA3",0.104288585451277,599,329,270,0.0269411879345273,0.040412978218754,588,318,0.145012589520097,588,318,"21"
"AS6103",0.100910072239333,681,322,359,-0.00416116000296547,0.045637147175785,693,334,0.163794923203732,693,334,"21"
"AusTRCF 306238",0.0721763376795949,297,251,46,0.053661645832718,0.0311345943055254,323,277,0.11173034848573,323,277,"21"
"B-18 INBR.FR.SUPERGOLD",0.0867216419218148,554,291,263,0.0275069317170332,0.0317919210631963,544,281,0.114066736956251,544,281,"21"
"B-28",0.0400929541458278,468,128,340,0.0110621650939825,0.0113756555096964,430,90,0.0407801272549762,430,90,"21"
"B103",0.0309421855001633,338,92,246,0.0295075468635325,0.00890635707042834,306,60,0.0319331069333286,306,60,"21"
"B104",0.0735981498189825,505,255,250,0.0288951509284488,0.018646620165379,428,178,0.0668449775796068,428,178,"21"
"B105",0.0455636357547611,303,151,152,0.0393585836203453,0.0115315419703103,244,92,0.0413380999080266,244,92,"21"
"B108",0.0494940196167414,334,168,166,0.0372656872886058,0.0180366977837266,339,173,0.0647134484059238,339,173,"21"
"B109",0.0616558477551364,557,214,343,0.00983677665920384,0.0272406410508667,596,253,0.0977700888606857,596,253,"21"
"B110",0.0124134378303695,234,11,223,0.0318961894579768,0.00347159469215269,232,9,0.0124434654899211,232,9,"21"
"B111",0.0104477320647877,317,7,310,0.0204557843812914,0.00298203536467492,315,5,0.0106911543885546,315,5,"21"
"B115",0.0421517547878925,169,135,34,0.056716892408095,0.0181264234830637,208,174,0.0650505538476062,208,174,"21"
"B119",0.0423100421441823,341,136,205,0.0337189333743524,0.0178876407973837,377,172,0.0641900057868119,377,172,"21"
"B120",0.0474782775531648,278,159,119,0.043723034134185,0.0178392912197025,290,171,0.0640102991814481,290,171,"21"
"B121",0.0666849496375533,437,234,203,0.0340613461999935,0.0287172087871755,463,260,0.103056593266148,463,260,"21"
"B14A",0.0245212385971867,161,61,100,0.045870563603584,0.0115163069576089,191,91,0.0413311312123631,191,91,"21"
"B164",0.0448992945574693,408,146,262,0.0278443779079703,0.0202972170873482,455,193,0.0728481642184381,455,193,"21"
"B2",0.0449845672733632,361,149,212,0.0334033816143763,0.0118676278181661,307,95,0.0425363172833051,307,95,"21"
"B37",0.107315527803316,663,331,332,0.0152216229373363,0.0279799848940852,587,255,0.100286770732067,587,255,"21"
"B47",0.155461786425081,682,354,328,0.0156514284638889,0.0725848701580034,684,356,0.260503316942062,684,356,"21"
"B57",0.0225408955554834,156,49,107,0.0448941853114104,0.0101164205827592,182,75,0.0363053073820112,182,75,"21"
"B66",0.0210246870613921,272,42,230,0.0315271073052375,0.00901052379637989,293,63,0.0323379504508491,294,64,"21"
"B68",0.0268537887625904,181,71,110,0.0446337138032832,0.00956805252869414,181,71,0.0343274663783745,181,71,"21"
"B73",0.0240261697170029,271,56,215,0.0329301252214894,0.00688520525382144,258,43,0.0246856123908106,258,43,"21"
"B75",0.0515869664700244,280,178,102,0.0458060923694464,0.0140832264318608,230,128,0.050478394763171,230,128,"21"
"B76",0.05714210575911,230,199,31,0.0576081190656735,0.0243690230642285,257,226,0.0874490271320756,257,226,"21"
"B77",0.0264357174096038,309,68,241,0.030155035209148,0.00931347082423962,307,66,0.0334159004282373,307,66,"21"
"B79",0.101492459802469,587,323,264,0.0273106563689079,0.0370229072484973,567,303,0.132840189384767,567,303,"21"
"B87",0.0308772507300662,251,90,161,0.037889988128302,0.0132331208307368,277,116,0.0474923852117244,277,116,"21"
"B88",0.0188492336224546,339,34,305,0.0210283511067127,0.00538665908155341,329,24,0.0193196581866159,329,24,"21"
"B91",0.0550241868040139,324,193,131,0.042095945560818,0.0235173717103477,350,219,0.0843929699950998,350,219,"21"
"B97",0.0197791971317289,60,39,21,0.0631205663636191,0.00827216355420331,78,57,0.0296850252543781,78,57,"21"
"BEI 10 = NORTH 10",0.0669693465202304,290,236,54,0.052288338317998,0.0314648653948667,332,278,0.11292490078823,332,278,"21"
"BO9",0.0743123008971699,503,256,247,0.0293957916209942,0.0325999192459537,532,285,0.117005375523926,532,285,"21"
"CA-4",0.137750520849314,416,352,64,0.0507187274559017,0.0591759904806955,416,352,0.212367857067725,416,352,"21"
"CG102",0.0674292686400099,456,238,218,0.0325927977169033,0.0302646822621684,484,266,0.108622756654397,484,266,"21"
"CH701-30",0.0618342369601224,442,217,225,0.0318599323828372,0.0266286188723194,475,250,0.0955718715015808,475,250,"21"
"CH711-10",0.090240558350597,330,300,30,0.058478857482917,0.0304422286340615,298,268,0.109206236158167,297,267,"21"
"CH753-4",0.135434376798139,504,351,153,0.0391655308740295,0.0355052538600066,452,299,0.127306320481294,451,298,"21"
"CH9",0.0785718470391693,378,270,108,0.0447794213547422,0.0213399122587841,311,203,0.076525831088907,311,203,"21"
"CI 40H",0.0827853895941427,543,285,258,0.0281643823984288,0.0257304421793279,496,238,0.0922846868021138,496,238,"21"
"CR 22 INBRED",0.0729911707807427,533,254,279,0.0256470534720388,0.0212390217000774,480,201,0.0761560003094498,480,201,"21"
"DE2",0.0851622613635946,369,289,80,0.0488390001573187,0.0375895543264432,386,306,0.134913684282893,386,306,"21"
"DE3",0.0410640258321234,136,132,4,0.0811354049389102,0.015074315284586,146,142,0.0540878232235765,146,142,"21"
"DE4",0.0574476368401549,293,200,93,0.0468069743563692,0.0166647060858475,256,163,0.0597714548375336,256,163,"21"
"DE811",0.0755788938110576,340,263,77,0.0493500122439817,0.0305319425719413,348,271,0.109561282066197,348,271,"21"
"DJ7",0.0626562932505392,461,222,239,0.0302905815074178,0.0240973210187716,462,223,0.0864670509409413,462,223,"21"
"DK3IIH6",0.126081176169629,381,349,32,0.0573912061746517,0.0561653945915207,382,350,0.201562529722843,382,350,"21"
"DK4676A",0.0531881385753943,283,185,98,0.0463961858127497,0.022834999405684,314,216,0.0819551635260556,314,216,"21"
"DK78002A",0.0324070089894718,290,98,192,0.0347635228218913,0.0112737306791524,281,89,0.0404485034668144,281,89,"21"
"DK78010",0.077704744067002,363,267,96,0.0464468655986734,0.0333126682138708,384,288,0.119557825336458,384,288,"21"
"DK78371A",0.0178003919665472,128,25,103,0.0454682675718029,0.00519128233471542,122,19,0.0186144203769544,122,19,"21"
"DKFAPW",0.0334127102945397,451,102,349,0.00667715282208325,0.0130752303084438,463,114,0.0469175402441196,463,114,"21"
"DKFBHJ",0.0173624739625386,65,22,43,0.0544970914037237,0.0078915026943979,94,51,0.028323025526589,94,51,"21"
"DKMBNA",0.0784445038831232,368,269,99,0.0461067511010722,0.0340325646378912,389,290,0.122146778111557,389,290,"21"
"DKPB80",0.0801644891473767,533,276,257,0.0282963516977548,0.0227532784217664,471,214,0.0815636138117079,471,214,"21"
"E8501",0.0504742712324563,458,173,285,0.024862176516136,0.0218856559741111,493,208,0.0785500841064631,493,208,"21"
"EAST 028",0.0182845045451282,214,28,186,0.0351986559340455,0.00822176326087858,242,56,0.0295086298485851,242,56,"21"
"F118",0.0339576733177923,414,106,308,0.0207619592930172,0.0151956044940061,452,144,0.0545385578074692,452,144,"21"
"F2834T",0.0431014236355934,282,143,139,0.0410073820661893,0.0165669874700399,300,161,0.0594463503306359,301,162,"21"
"FBLA",0.0881521278175149,320,297,23,0.0628550988535554,0.0368746412646285,325,302,0.132324109843884,325,302,"21"
"FR19",0.0706929876772974,311,246,65,0.0506716994521543,0.020120786277812,257,192,0.0721243089930618,257,192,"21"
"H105W",0.065012738816841,396,228,168,0.0370956987186708,0.0239899041200642,390,222,0.0860747551028537,390,222,"21"
"H110",0.00764042137080731,341,4,337,0.0137681771698752,0.00339516762878444,344,7,0.0121856525625232,344,7,"21"
"H113",0.0793520252294864,384,273,111,0.044578306131332,0.0354992075329865,409,298,0.127410262516048,410,299,"21"
"H121",0.0590888662275788,472,204,268,0.0270411365393677,0.025223705242657,500,232,0.0905161393715105,500,232,"21"
"H122w",0.0417347960375614,314,133,181,0.0353864826069413,0.0160897886308696,335,154,0.0577334393730195,335,154,"21"
"H5",0.0375097728683795,242,118,124,0.0431052940682149,0.0119953163753017,223,99,0.0430321590682658,223,99,"21"
"H71",0.0125917059175725,324,13,311,0.020446647629636,0.0034303386601202,319,8,0.0122953161960547,319,8,"21"
"H84",0.0196365618850084,331,37,294,0.023534908838461,0.0084397407285884,353,59,0.0302905526288145,353,59,"21"
"H91",0.0424784629995489,474,139,335,0.0139971227133733,0.0172848872288509,505,170,0.0620258463125915,505,170,"21"
"H95",0.0546689306325278,312,192,120,0.0436114579537897,0.0144233753835707,254,134,0.0517173115318956,253,133,"21"
"H96",0.107150911136218,644,330,314,0.0197073044659869,0.0459309511565489,650,336,0.164843894658951,650,336,"21"
"H99",0.119459490787429,396,345,51,0.0528746024890083,0.0523050450280697,398,347,0.187729637231817,398,347,"21"
"HP301",0.0268579419574018,221,72,149,0.0396962359615786,0.0125391322764826,255,106,0.0450022958212899,255,106,"21"
"HUOBAI",0.00668441607457821,97,2,95,0.0466686114476706,0.00200059685090948,97,2,0.00717439495220065,97,2,"21"
"Hy",0.0341001476575858,114,107,7,0.0745429675636387,0.0141969816459127,137,130,0.0509454907074193,138,131,"21"
"I29",0.0709014466381278,535,247,288,0.0241301902817616,0.0305845044974158,561,273,0.109756286769636,561,273,"21"
"Ia 453",0.0999428130344647,643,319,324,0.0165273842601855,0.038752060345676,634,310,0.139051392638951,634,310,"21"
"IA2132",0.0676344884357505,529,239,290,0.0241102198906377,0.029212288602256,553,263,0.104830984156528,553,263,"21"
"IBB15",0.0165348313315334,369,21,348,0.00736872851120191,0.00597129886288451,378,30,0.0214239147519608,378,30,"21"
"IBC2",0.0877080542996557,580,294,286,0.0248089854201756,0.0266145603598749,535,249,0.0954681950438335,534,248,"21"
"ICI 193",0.0145544715219591,223,16,207,0.0336369232112403,0.00374790975866901,218,11,0.0134334843111707,218,11,"21"
"ICI 740",0.0938592780182097,444,306,138,0.0410608341267238,0.0403860732213806,455,317,0.144947863985304,455,317,"21"
"ICI 893",0.108369523395392,683,333,350,0.00642579634875093,0.0491008143644412,688,338,0.176225973563021,688,338,"21"
"ICI 986",0.0174041975076291,318,23,295,0.023092784626023,0.00818647385060139,349,54,0.0293805627366046,349,54,"21"
"IDS28",0.00719040928416747,332,3,329,0.015479965980041,0.00249570929565336,332,3,0.00895341798061994,332,3,"21"
"IDS69",0.0317838168253418,235,95,140,0.0409468695114095,0.0137637776332805,265,125,0.0493996724294679,265,125,"21"
"IDS91",0.0517732606264922,349,179,170,0.0369009652681664,0.0152654221129556,315,145,0.0547402728837225,315,145,"21"
"INB 101LFY/LFY (A632 X M16 S5)",0.110727351058305,375,335,40,0.0555149390031782,0.0393189635057447,352,312,0.141064310398886,352,312,"21"
"INBRED 141",0.0308203797744202,175,89,86,0.0477660692280732,0.00794600385074004,138,52,0.0284885971212894,138,52,"21"
"INBRED 2-687",0.0748915635882639,280,261,19,0.0656015726877518,0.0332221059074089,306,287,0.119238117606256,306,287,"21"
"INBRED 305",0.0534852853758084,250,187,63,0.0508258764159288,0.0181918691304001,238,175,0.065261266750419,238,175,"21"
"INBRED 321",0.0195392075279685,54,36,18,0.0656684542209525,0.00892116227243269,80,62,0.032018385280705,80,62,"21"
"K150",0.0746137186346195,450,259,191,0.0347811144168605,0.0304376900006824,458,267,0.109224237733683,459,268,"21"
"K41",0.0743172182039872,474,257,217,0.0326588937716416,0.0253443643957357,451,234,0.0909205051571633,451,234,"21"
"K47",0.118886629590707,368,343,25,0.0611750896918559,0.0516109802900969,370,345,0.185237840097332,370,345,"21"
"KUNG-70",0.0531154714405146,359,184,175,0.0362743617638528,0.0153134796702766,322,147,0.0549241709737542,322,147,"21"
"L 127",0.0124626516127297,324,12,312,0.0199295183539735,0.00355807870043569,322,10,0.0127539083644048,322,10,"21"
"L 289",0.0407644433678334,383,130,253,0.0287612243925443,0.0183524840875281,429,176,0.0658626225772903,429,176,"21"
"LH1",0.0540775992245539,474,190,284,0.0250201040996262,0.0167242345826405,448,164,0.0599821379630329,448,164,"21"
"LH119",0.0233087533573668,411,53,358,-0.00393915365024228,0.00836194196321978,416,58,0.0300007047717498,416,58,"21"
"LH128",0.0578186237135798,239,201,38,0.0558633602184905,0.0221455359469623,250,212,0.079461954176667,250,212,"21"
"LH143 (Maintainer)",0.0522925572071294,528,181,347,0.00843815608476246,0.0135374379973491,468,121,0.0485214807482275,467,120,"21"
"LH146Ht",0.0924579806012704,343,301,42,0.0546643555490165,0.039791907860484,356,314,0.142800756600573,356,314,"21"
"LH149",0.0643520105300633,516,225,291,0.0241078463359217,0.0254360880254527,528,237,0.091273062277462,528,237,"21"
"LH165",0.097883450245818,614,315,299,0.022580178662315,0.0431668843975299,627,328,0.154931469808329,627,328,"21"
"LH166",0.0270585319244951,142,73,69,0.0498593839401508,0.0117650319017544,163,94,0.0422261272846805,163,94,"21"
"LH181",0.0164286136293745,226,20,206,0.0337047837146577,0.0046766202898607,222,16,0.0167636391250692,222,16,"21"
"LH184",0.039268873022173,297,123,174,0.0363565221830568,0.0101611533832742,250,76,0.0364312150969591,250,76,"21"
"LH190",0.0653264617425775,445,229,216,0.0329098083901563,0.0210883754154113,415,199,0.0756433741091248,415,199,"21"
"LH192",0.0996143839466492,621,317,304,0.0211036095331642,0.0431263736839627,631,327,0.154785122664047,631,327,"21"
"LH194",0.036624973330243,199,114,85,0.0479711281794915,0.0159793566299536,237,152,0.0573519528259144,237,152,"21"
"LH195",0.0619282540214564,395,219,176,0.0360434037733652,0.0266560774313393,427,251,0.0956702668799601,427,251,"21"
"LH197",0.0705242772917735,597,245,352,0.00370298373435341,0.031032100146462,628,276,0.111378233389146,628,276,"21"
"LH198",0.0819739144563118,625,280,345,0.00928781962653273,0.0384365665559961,654,309,0.137942960074643,654,309,"21"
"LH202",0.11642819832326,480,339,141,0.0409241799368046,0.0501727198190559,481,340,0.180073562159645,481,340,"21"
"LH204",0.101932612455749,429,324,105,0.0451010234293619,0.0437089104618315,437,332,0.156870096299558,437,332,"21"
"LH205",0.049458027648539,295,167,128,0.0424247025176935,0.0149973911653659,268,140,0.053785199287524,268,140,"21"
"LH206",0.015176367135474,195,17,178,0.0359451412803333,0.00492460009891487,195,17,0.0176646195093077,195,17,"21"
"LH208",0.0618990723740801,491,218,273,0.0265911800249355,0.0190858920274802,454,181,0.0684645156770802,454,181,"21"
"LH209",0.0338845240954692,251,105,146,0.0402184366027645,0.0147975578476217,284,138,0.0531036789947409,284,138,"21"
"LH214",0.0335815439191408,287,103,184,0.0352844671465261,0.0124651429399121,289,105,0.0447248564925106,289,105,"21"
"LH215",0.0185504076080093,145,30,115,0.0442522063495645,0.00594021199925394,144,29,0.0213100440419225,144,29,"21"
"LH222",0.0726975235083704,590,252,338,0.013042932922193,0.0321987184689043,620,282,0.115565140256139,620,282,"21"
"LH223",0.15656116823907,583,355,228,0.0315876443290736,0.0671746002900944,582,354,0.241089497155585,582,354,"21"
"LH224",0.0492636498432433,222,166,56,0.0519301505533386,0.0135506249508185,178,122,0.0485950964958621,178,122,"21"
"LH295",0.0496315278928629,447,169,278,0.0256784847660663,0.0150791989182974,421,143,0.0540902237602638,421,143,"21"
"LH60",0.0665568280048327,542,233,309,0.0206964953320521,0.0168181042912968,475,166,0.0602846259351856,475,166,"21"
"LH74",0.0449395682764411,499,148,351,0.00395303828856015,0.0133610505076086,469,118,0.0479131304404393,469,118,"21"
"LH82",0.0881090322129418,454,295,159,0.0383124043033068,0.0397232819141012,472,313,0.142570035013418,472,313,"21"
"LH93",0.0404342829259735,394,129,265,0.0271981969337699,0.0155964850124073,413,148,0.0559634061821007,413,148,"21"
"LIBC 4",0.019189093078922,218,35,183,0.0353264788471258,0.00522854040603369,204,21,0.0187499674182873,204,21,"21"
"LP1 NR HT",0.0215214604589312,299,44,255,0.028482110619089,0.00544392635996014,280,25,0.0195151653038804,280,25,"21"
"LP5",0.0519888009352511,540,180,360,-0.0123892847703572,0.0243853882874963,587,227,0.0875154465881404,587,227,"21"
"M14",0.0643826303551954,347,226,121,0.0435311331566655,0.0197578232123034,308,187,0.0708604615233893,308,187,"21"
"MBPM",0.0525032283734022,263,182,81,0.0486767867377935,0.0236881873228137,301,220,0.0850187447236925,301,220,"21"
"MBWZ",0.0101395235126568,33,6,27,0.0602735132192155,0.00377337948389186,39,12,0.0135393734670106,39,12,"21"
"MM501D",0.0449089896336906,184,147,37,0.0558883822881802,0.0124109702809122,141,104,0.0444849793660377,141,104,"21"
"Mo17",0.0556022926255296,515,194,321,0.0182530191078585,0.0248412887782452,550,229,0.0891579910624376,550,229,"21"
"Mo1W",0.0664675299753179,348,232,116,0.0440878631861748,0.0291823485893964,378,262,0.104739263554995,378,262,"21"
"Mo46",0.060416657603862,471,210,261,0.0280050765131938,0.016572730500925,423,162,0.0594324258294729,422,161,"21"
"Mo47",0.115870402518953,349,338,11,0.0709659396793676,0.0497871019184975,350,339,0.178687564985258,350,339,"21"
"Mo5",0.0161879511269032,374,19,355,0.00126121538551576,0.00703558489877026,400,45,0.0252483574506835,400,45,"21"
"MQ305",0.0483407950978825,221,163,58,0.0516717194133225,0.0157917237421803,209,151,0.0566533934801701,209,151,"21"
"MS116",0.0180574128355839,295,26,269,0.0269501184347233,0.00534605891326314,292,23,0.019170781611394,292,23,"21"
"MS132",0.018609321123571,267,31,236,0.0304786933526449,0.00732684856644578,283,47,0.0262909645545641,283,47,"21"
"MS200",0.0400782887201283,291,127,164,0.0375359524033487,0.0109107531404288,245,81,0.0391267279985363,245,81,"21"
"MS211",0.0437933885964715,300,145,155,0.0389940149005447,0.0144194345861255,288,133,0.0517245209547479,289,134,"21"
"MS221",0.0505383195609114,405,174,231,0.0309380602297516,0.0128657985794946,342,111,0.046115374790441,342,111,"21"
"MS224",0.0300783461913967,214,87,127,0.0429789291072985,0.0130686503263341,240,113,0.0469049469115171,240,113,"21"
"MS225",0.113208742313342,538,336,202,0.0340876326078003,0.0454140913772601,535,333,0.162963301831009,535,333,"21"
"MS226",0.0618135882554371,255,216,39,0.0558403020737365,0.0266064992506292,287,248,0.0954823348046084,288,249,"21"
"MS24A",0.0995361747200651,560,316,244,0.0295698140227314,0.0458520777836709,579,335,0.164563270172988,579,335,"21"
"MS67",0.0967588021524321,436,313,123,0.0431795401248313,0.0419583649002001,448,325,0.150593311444281,448,325,"21"
"MS71",0.0300259720574233,405,86,319,0.019000801710065,0.0126102950651659,426,107,0.0452527817184017,426,107,"21"
"MS72",0.0595167644872526,491,208,283,0.0250496778235195,0.0161264174929228,438,155,0.0578295583987938,438,155,"21"
"N192",0.0240655374727981,415,58,357,-0.00373549886881224,0.00956538657285788,427,70,0.0343239255495464,427,70,"21"
"N193",0.103141712843326,471,326,145,0.040307099487544,0.0413761278032447,467,322,0.14847353072062,467,322,"21"
"N200",0.0591411706355864,261,206,55,0.0521467531643593,0.0218044807384878,262,207,0.0782334312051544,262,207,"21"
"N201",0.0368556532289857,371,115,256,0.0284216038430533,0.0160282475422531,409,153,0.0575273340889286,409,153,"21"
"N209",0.084099443245537,398,286,112,0.0444967837161664,0.0372567629330552,416,304,0.133703992030108,416,304,"21"
"N211",0.0222804033310502,389,47,342,0.0102186082203284,0.00954878951901598,411,69,0.0342696610919153,411,69,"21"
"N217",0.161256004115996,679,356,323,0.016528895346303,0.050717952488932,665,342,0.181941038252555,664,341,"21"
"N218",0.00945997226866353,50,5,45,0.0538434455468135,0.00281217370326828,49,4,0.0100870171086938,49,4,"21"
"N28Ht",0.0145483498394279,226,15,211,0.0334321069499667,0.00530790314522529,233,22,0.0190450464089232,233,22,"21"
"N501",0.0620261496386025,516,220,296,0.0227994009458542,0.0250201677995871,526,230,0.089782597443355,526,230,"21"
"N523",0.0953750134355627,498,311,187,0.0351330451213547,0.0414985365788743,510,323,0.148943354068282,510,323,"21"
"N527",0.0373722131464965,310,117,193,0.0347467699088415,0.0165448864364246,353,160,0.0593816336939657,353,160,"21"
"N534",0.0290292761974224,237,83,154,0.0390537967334042,0.0111698430693117,241,87,0.0400795628099595,241,87,"21"
"N542",0.0930803140669692,382,303,79,0.0488913059636902,0.0306868811107539,353,274,0.110078437844244,353,274,"21"
"NC250",0.038573160963238,348,122,226,0.0316541053095618,0.0136997216673816,350,124,0.0491503938738596,350,124,"21"
"NC262",0.0176786424263427,85,24,61,0.0511407258442541,0.00598401709903387,93,32,0.0214667752041587,93,32,"21"
"NC294",0.0666900231821614,541,235,306,0.0208372087001275,0.0264341468745044,551,245,0.0948546480134259,551,245,"21"
"NC310",0.0211287780515895,384,43,341,0.010411361181986,0.00664846422126089,382,41,0.0238501244470582,382,41,"21"
"NC326",0.0881441545777234,506,296,210,0.0335321178633652,0.0252991215590779,443,233,0.0907382094091345,443,233,"21"
"NC328",0.0503010899097474,367,171,196,0.0345181092395218,0.0210748599798475,394,198,0.0756281972275824,394,198,"21"
"NC342",0.0698608850903898,302,243,59,0.0512503095935811,0.0300851109816218,324,265,0.107965536887398,324,265,"21"
"NC412",0.030878511878517,216,91,125,0.0430767506093402,0.0135237590817283,245,120,0.0485325330688063,246,121,"21"
"ND259",0.0766434437088938,326,266,60,0.0511434290678692,0.0193655077002106,246,186,0.069415901828211,246,186,"21"
"ND265",0.12542624075299,451,347,104,0.0452720942399188,0.0510310232738983,448,344,0.183120362786639,448,344,"21"
"NK740",0.0558582076154402,264,196,68,0.0501784276554734,0.0211574891859551,268,200,0.0759154128984363,268,200,"21"
"NK778",0.0613464359645735,420,212,208,0.0336007934679442,0.0262929674439517,451,243,0.0943637270128629,451,243,"21"
"NK807",0.0625686617610038,379,221,158,0.0383302733789642,0.0197733828381851,346,188,0.0709225630096125,346,188,"21"
"NKS8326",0.018327472200124,57,29,28,0.0601233346019235,0.00519933954448365,48,20,0.0186387357793859,48,20,"21"
"NORTH 7",0.0629335932241518,315,223,92,0.0470086319170462,0.0162257850046235,250,158,0.0581738862025912,250,158,"21"
"NQ508",0.0507114677101562,313,176,137,0.0416493621210234,0.021787237683891,343,206,0.0781888744278005,343,206,"21"
"NS501",0.0868386216929583,411,293,118,0.0437358552049455,0.0246890398094278,346,228,0.0885004511965738,346,228,"21"
"NS701",0.11885797042307,350,342,8,0.0739471670674392,0.0546823413800451,357,349,0.196255394689549,357,349,"21"
"NY6371",0.0477506400903218,294,161,133,0.0420687819119177,0.0220166731959915,344,211,0.0790178390267927,344,211,"21"
"Ny821",0.041877412369104,291,134,157,0.0383654230116407,0.0192695618835904,340,183,0.0691586110196953,340,183,"21"
"OH33",0.0187728395980537,222,32,190,0.0348569589865655,0.00496484816968837,208,18,0.0177951700598879,208,18,"21"
"Oh40B",0.193837449254512,596,359,237,0.0304742607378917,0.0916389242022431,596,359,0.32888227316636,596,359,"21"
"Oh43",0.0480208125255542,416,162,254,0.0287490286751123,0.020624888061081,448,194,0.0740177400862759,448,194,"21"
"Oh7",0.0821066603533577,305,281,24,0.0613239044693367,0.0352286405305986,319,295,0.126428677538468,319,295,"21"
"OQ403",0.07476935141611,502,260,242,0.0297050911170683,0.0190229357216301,422,180,0.0681847718472792,422,180,"21"
"OQ603",0.0287173350538501,420,81,339,0.0111373034756034,0.00746539732939597,388,49,0.0267666217826629,388,49,"21"
"Os420",0.037290678044199,263,116,147,0.0398994651771665,0.0126547696629911,256,109,0.0453973451255497,256,109,"21"
"OS602",0.0945087875496194,382,309,73,0.0496324690470682,0.0241484315417128,298,225,0.0865553138260329,298,225,"21"
"Pa392",0.0240568836995492,186,57,129,0.04226211505578,0.0105113992974708,207,78,0.0377267717958121,207,78,"21"
"Pa405",0.023605547739294,68,55,13,0.0700907777468985,0.00619476955660734,46,33,0.0222118351323289,46,33,"21"
"Pa875",0.045756077950854,253,152,101,0.0458307409271405,0.0213638101204298,305,204,0.0766712667750389,306,205,"21"
"Pa880",0.0222101890863257,349,46,303,0.0216611957904104,0.00630073466025437,338,35,0.0225870124350121,338,35,"21"
"Pa91",0.0506743473773371,265,175,90,0.0473184102182971,0.0143821417197115,222,132,0.051558509213211,222,132,"21"
"PH207",0.0289615431914617,282,82,200,0.0342094648756666,0.0107048351233653,279,79,0.0384086047112062,279,79,"21"
"PHB09",0.0727158673672963,418,253,165,0.03747154368747,0.0341256005941517,456,291,0.122471621754237,456,291,"21"
"PHB47",0.0274800103375389,273,75,198,0.0343243430850013,0.00953160504802102,266,68,0.034194823861298,266,68,"21"
"PHBA6",0.0487980327267764,181,165,16,0.0671475620878529,0.0150566178079604,157,141,0.0540007685666411,157,141,"21"
"PHBB3",0.0437723461627639,462,144,318,0.0191533622884823,0.0192960554591545,502,184,0.0692478373416843,502,184,"21"
"PHEG9",0.0280123456838677,407,77,330,0.0153315674992743,0.0122265846293615,430,100,0.0438827805678794,431,101,"21"
"PHG29",0.0827320076146532,478,284,194,0.0347388262005742,0.0374248236365413,499,305,0.1343090592829,499,305,"21"
"PHG47",0.125832205256412,490,348,142,0.0407849640089848,0.0564275469634704,493,351,0.202523846660475,493,351,"21"
"PHG71",0.0384375768463951,423,121,302,0.0217637618353459,0.0161723768721318,458,156,0.0580345709963292,458,156,"21"
"PHG80",0.0428993456896757,361,142,219,0.0324684793902878,0.012237255806572,320,101,0.0438645731210766,319,100,"21"
"PHG83",0.0807553233191418,592,277,315,0.0194397190020335,0.0223654283435236,528,213,0.0802083158682983,528,213,"21"
"PHG86",0.0786962594927124,442,271,171,0.0366399133795518,0.0241148741895158,395,224,0.0864863887133485,395,224,"21"
"PHH93",0.0534658770151194,419,186,233,0.0308309557581802,0.0164143275303507,392,159,0.0588806439915347,392,159,"21"
"PHHH9",0.0234205561408367,138,54,84,0.0480710052861502,0.0110069125869816,167,83,0.0395029210624084,167,83,"21"
"PHHV4",0.0974504233458546,648,314,334,0.0146928687806243,0.0434509557648702,664,330,0.155950239868076,664,330,"21"
"PHJ70",0.0396374696802619,212,124,88,0.047549200830113,0.0171543799264942,256,168,0.0615688563934997,256,168,"21"
"PHJ89",0.0744243929510547,306,258,48,0.0535796960347805,0.0325278160208472,331,283,0.116746546702726,331,283,"21"
"PHJ90",0.0241858830777142,189,59,130,0.0421313253296042,0.00626979088323694,164,34,0.0224724413345844,164,34,"21"
"PHJR5",0.0678624549309788,474,240,234,0.0306383261031343,0.0291095728988783,495,261,0.104473918919228,495,261,"21"
"PHK35",0.0655714002042991,380,230,150,0.0396904326394675,0.0257967338187589,391,241,0.0925668110557712,391,241,"21"
"PHK42",0.0223079260078276,319,48,271,0.0269002446844822,0.00568188861117685,298,27,0.0203657797166856,298,27,"21"
"PHK56",0.0426423102531483,222,140,82,0.0483811448696042,0.0126468662161666,190,108,0.0453629528538327,190,108,"21"
"PHK74",0.0525183643366136,426,183,243,0.0296781393791347,0.0141911137685275,372,129,0.0508647352508699,372,129,"21"
"PHKE6",0.02730510813183,354,74,280,0.0255550226934047,0.0117574051353134,373,93,0.0421934871713373,373,93,"21"
"PHM10",0.0357058235150018,228,111,117,0.0440618494579172,0.00901698023392109,181,64,0.0323220049610211,180,63,"21"
"PHN11",0.0710937933815176,494,249,245,0.0295147780460712,0.0282477701915916,503,258,0.10136275561665,503,258,"21"
"PHN29",0.0257158400170351,297,65,232,0.030866896044634,0.011027097571663,316,84,0.0395744725599526,316,84,"21"
"PHN66",0.0617977246168039,324,215,109,0.0446935779785547,0.0265078410760494,356,247,0.0951318200692961,356,247,"21"
"PHN82",0.0868135011035465,321,292,29,0.0599007892850902,0.0304482451718802,298,269,0.109235924277407,298,269,"21"
"PHP02",0.0462479574404371,480,154,326,0.0164286763934935,0.0200482993929235,517,191,0.0719555853390384,517,191,"21"
"PHP55",0.0181732453174146,301,27,274,0.0265264688711203,0.00748065410606305,324,50,0.0268439076190345,324,50,"21"
"PHP76",0.0843134253584991,488,287,201,0.0341272785722878,0.0239441157372544,422,221,0.0858314690384494,422,221,"21"
"PHP85",0.0583617968177826,268,202,66,0.0505216885619457,0.0213200918667228,268,202,0.076494205289809,268,202,"21"
"PHPR5",0.0135723408530574,236,14,222,0.0320196136643707,0.00582109523799132,250,28,0.0208908929902302,250,28,"21"
"PHR03",0.0253809346771847,67,62,5,0.0799920877499695,0.00642488222676917,42,37,0.023029581871657,42,37,"21"
"PHR30",0.0230667979230563,304,52,252,0.0288002878141187,0.0100881883174088,326,74,0.0362078197884818,326,74,"21"
"PHR31",0.119815099782251,518,346,172,0.0364492339023646,0.0543928289397814,520,348,0.195218996745102,520,348,"21"
"PHR36",0.0710469686864769,380,248,132,0.0420906342234153,0.01914425046466,314,182,0.0686502408853741,314,182,"21"
"PHR47",0.0293569746239769,407,85,322,0.0175292474842017,0.00992131036652955,394,72,0.03559484875328,394,72,"21"
"PHR63",0.0503521260585965,205,172,33,0.0567255736000175,0.0234226870173269,251,218,0.084063171408385,251,218,"21"
"PHT10",0.0361569828501731,372,113,259,0.0281235862876425,0.013416866546021,378,119,0.0481396091080291,378,119,"21"
"PHT47",0.07614910559201,409,265,144,0.0403555292376595,0.0331031964104167,430,286,0.118811372944251,430,286,"21"
"PHT55",0.0382100963257208,317,120,197,0.0344985538754109,0.0146420469058415,333,136,0.0525390507752848,333,136,"21"
"PHTM9",0.0933335310137475,393,304,89,0.0475269251675433,0.0376426119470313,396,307,0.13507630255192,396,307,"21"
"PHV37",0.0541183583132717,376,191,185,0.0352012633529006,0.0254020620099032,421,236,0.0911641689567272,421,236,"21"
"PHV57",0.0155023202622045,93,18,75,0.0495296428738745,0.00444475570702665,90,15,0.0159359011470429,90,15,"21"
"PHV63",0.0319593298187147,286,97,189,0.0349153245882482,0.0138291647095371,316,127,0.0496343009090891,316,127,"21"
"PHVA9",0.187263601587957,359,357,2,0.0908359540681829,0.0803649157702399,359,357,0.288413041017605,359,357,"21"
"PHVJ4",0.0607892904607928,289,211,78,0.0493014643277956,0.0264466305709979,324,246,0.0949202037766857,324,246,"21"
"PHW03",0.0319356179835674,450,96,354,0.00132875973649689,0.0149567142088975,493,139,0.0536773255361905,493,139,"21"
"PHW17",0.15079687219189,424,353,71,0.0497449211803858,0.0694034297346006,426,355,0.249089401325325,426,355,"21"
"PHW20",0.0463186095622304,222,155,67,0.0503387092002032,0.0208695556541505,263,196,0.07490254274331,263,196,"21"
"PHW30",0.00318190995396756,252,1,251,0.0288088707252043,0.00141658747998633,252,1,0.00508429232749224,252,1,"21"
"PHW43",0.0423511285960565,220,137,83,0.0482644427017131,0.0107166450622277,163,80,0.038416781837804,163,80,"21"
"PHW52",0.0795498223860995,496,275,221,0.0322988533935429,0.0353952892182065,517,296,0.127037729621583,517,296,"21"
"PHW53",0.100702709429998,596,321,275,0.0263017126983723,0.0405597361287025,594,319,0.145543921068381,594,319,"21"
"PHW80",0.094860383000003,327,310,17,0.0661690537195042,0.0436534919387262,348,331,0.156672713526572,348,331,"21"
"PHWG5",0.0593021633535214,411,207,204,0.0340543947357362,0.0257554548390262,443,239,0.0924393726728845,443,239,"21"
"PHZ51",0.0637736380885184,318,224,94,0.0467093856614965,0.0280813783106875,350,256,0.10078769623308,350,256,"21"
"Q381",0.0465735636643745,492,156,336,0.0137955384467228,0.020030952050246,526,190,0.0718852632250233,526,190,"21"
"R168",0.0658805245247112,469,231,238,0.0304711179798687,0.021372885779683,443,205,0.0766648421918448,442,204,"21"
"R177",0.0408707013521501,141,131,10,0.0722942769783349,0.0144640086775096,145,135,0.0518958513915748,145,135,"21"
"R181B",0.0324637664728479,279,100,179,0.0357871774710948,0.0112707538511797,267,88,0.0404377196557154,267,88,"21"
"R226",0.0254471147212351,335,63,272,0.0268129663002475,0.00937672460074254,339,67,0.0336432051399178,339,67,"21"
"R229",0.238523856024038,366,360,6,0.0786421812002827,0.103140454841531,366,360,0.37018135277334,366,360,"21"
"R71",0.0105353779747432,274,8,266,0.0271779619304152,0.00299402812938865,272,6,0.010733584125372,272,6,"21"
"R78",0.0188142730462195,232,33,199,0.0342586018848828,0.00657933507526956,239,40,0.023605850372414,239,40,"21"
"SD101",0.0793030302993735,520,272,248,0.0292532348127188,0.0346489029806005,541,293,0.124359393368811,541,293,"21"
"SD102",0.0454383432613257,410,150,260,0.0280596139874185,0.021072188155574,457,197,0.0756275865113279,457,197,"21"
"SD107",0.0280532261697246,378,78,300,0.0223662809410286,0.010401128142729,377,77,0.0373191112671592,377,77,"21"
"SD40",0.0114421207877392,277,10,267,0.0271223233772458,0.00413416643877438,281,14,0.0148334559306287,281,14,"21"
"SD44",0.0613787282984626,254,213,41,0.0552569559777193,0.0263245246288613,285,244,0.0944782541455605,285,244,"21"
"SG 30A",0.0305681827040074,158,88,70,0.0498544629588702,0.0131009489022096,185,115,0.0470179303976293,185,115,"21"
"Tr",0.0589088455419332,438,203,235,0.0305236525667265,0.0260457231701999,477,242,0.0934813538719775,477,242,"21"
"TZU-CHIAO-HSI-WU 105",0.0263142699377185,234,67,167,0.0371862660599773,0.00675662507644312,209,42,0.024223789556939,209,42,"21"
"Va26",0.0281711356075774,114,79,35,0.0562474655692098,0.00821605850991459,90,55,0.0294689912492152,90,55,"21"
"Va35",0.0847549576740356,581,288,293,0.0236011239936985,0.0365230827483528,594,301,0.13108401002808,594,301,"21"
"Va52",0.0316321057192933,386,94,292,0.0236952170721988,0.0123088080057845,395,103,0.0441670747861991,395,103,"21"
"Va99",0.0346436028228496,244,108,136,0.0418640945735618,0.00890776362047029,197,61,0.031936290952383,197,61,"21"
"W182E",0.116725702285641,402,340,62,0.0509865759817759,0.0398632845488834,377,315,0.143006149774747,377,315,"21"
"W22",0.0399975897491127,240,126,114,0.0443502218359043,0.0171985746839366,283,169,0.0617208194785428,283,169,"21"
"W23",0.0591396691912088,252,205,47,0.0536581987310767,0.0253783975908754,282,235,0.0910831344599517,282,235,"21"
"W24",0.027940145955243,353,76,277,0.025798614675109,0.00803052352961814,330,53,0.0287925747951509,330,53,"21"
"W32",0.0397916635453665,134,125,9,0.0724526029367959,0.0161771173418875,166,157,0.0580506196842744,166,157,"21"
"W37A",0.0679754805486023,404,241,163,0.0375426609144147,0.0294282238427969,427,264,0.105607705332427,427,264,"21"
"W552",0.082708130804587,327,283,44,0.0543735478655237,0.0358148925634422,344,300,0.128543479964409,344,300,"21"
"W603S",0.0901363946265414,434,299,135,0.0419397671625105,0.0305259441861574,405,270,0.109507418741602,405,270,"21"
"W604S",0.0209371291177357,358,41,317,0.0192694708755807,0.00598114010899457,348,31,0.0214392871786455,348,31,"21"
"W605S",0.0855040312511755,403,290,113,0.04444700581456,0.0219122413909246,322,209,0.0785586497984141,322,209,"21"
"W607S",0.0229453452052724,259,50,209,0.033591154921504,0.00638767387329205,245,36,0.0229082297295669,245,36,"21"
"W610S",0.108733155004428,641,334,307,0.0207855819767869,0.041957843217399,631,324,0.150555407132481,631,324,"21"
"W611S",0.0777125188606227,374,268,106,0.0449298420606116,0.0325508564732692,390,284,0.116810359461662,390,284,"21"
"W612S",0.0197478141703535,265,38,227,0.0316082983086835,0.00657551262170169,266,39,0.0235905754004303,266,39,"21"
"W614S",0.117374416893567,561,341,220,0.0323867055838197,0.0507154962152445,561,341,0.182022723437789,562,342,"21"
"W64A",0.0243711516848071,117,60,57,0.051786708066088,0.00690881729036818,101,44,0.0247640595743055,101,44,"21"
"W701BC",0.118936425595597,631,344,287,0.0247513034584965,0.0510164651819973,630,343,0.183097450906,630,343,"21"
"W803G",0.0266861832228297,84,70,14,0.0684835960319345,0.00729134929820304,60,46,0.0261475999089995,60,46,"21"
"W809G",0.0293455990492007,272,84,188,0.035019042819662,0.0128052951864617,298,110,0.045954060356537,298,110,"21"
"W810G",0.0207218432161621,254,40,214,0.033097161888978,0.0065555314534833,252,38,0.0235132475127046,252,38,"21"
"W811G",0.0959076431146835,625,312,313,0.0197853696052181,0.0411337863522803,634,321,0.147613767091535,634,321,"21"
"W813G",0.0816749994212642,405,279,126,0.0430159223917879,0.0354285448350002,423,297,0.127157091133939,423,297,"21"
"W8304",0.0599167474899342,365,209,156,0.03859678192347,0.0170089625947225,323,167,0.0609717656733801,323,167,"21"
"W9",0.115862659902844,497,337,160,0.0382737731806765,0.0521979316855687,506,346,0.187342664818495,506,346,"21"
"WIL900",0.0485735910557271,184,164,20,0.0638908970518056,0.0185375648497097,197,177,0.0665155885590549,197,177,"21"
"WU-TAN-TZAO",0.0540139108160273,201,189,12,0.0708585505097248,0.0156398079718535,162,150,0.0560775296979807,161,149,"21"
"YE 4",0.191864911116011,373,358,15,0.0677627998090275,0.0824248542444123,373,358,0.295825240832224,373,358,"21"
"YING-55",0.0814726762759268,455,278,177,0.0360013080244856,0.0349184610622982,471,294,0.125318502559818,471,294,"21"
"Yu796 NS",0.092912645037728,618,302,316,0.0194064432724152,0.0405724910257886,636,320,0.145619895250083,636,320,"21"
"ZS365",0.0753550548239541,593,262,331,0.0152800341504229,0.0198508580932634,520,189,0.0711779689484916,520,189,"21"
"ZS635",0.0890827075667335,642,298,344,0.00959860586247319,0.0382561138039282,652,308,0.137302033481152,652,308,"21"
"1538",0.0314309684928238,363,178,185,0.0267896477096895,0.0157332226309275,402,217,0.0494885131286179,402,217,"22"
"29MIBZ2",0.053479747718496,585,309,276,0.0208861010772384,0.0264160460642117,592,316,0.0830923430979794,592,316,"22"
"2FACC",0.0191316860693202,418,88,330,0.0137253797714626,0.0105086457366903,453,123,0.0330552184534643,453,123,"22"
"2MA22",0.04833185565756,318,286,32,0.0420565828711896,0.0241818640956252,340,308,0.0760649088413586,340,308,"22"
"3IJI1",0.0241848025093981,404,119,285,0.0202932956807558,0.00853093516322628,375,90,0.0268286691793787,374,89,"22"
"4226",0.0334675858336581,388,199,189,0.0266581992157972,0.0119621375816672,342,153,0.0376196371369029,342,153,"22"
"4N506",0.0542825233956631,501,314,187,0.0267675766785805,0.0222582420539704,474,287,0.070004386074041,474,287,"22"
"6M502",0.0147760101571836,216,52,164,0.0286773474502419,0.00566229853737098,213,49,0.0178068672904536,213,49,"22"
"6M502A",0.019613707703705,131,93,38,0.0405750032814963,0.00653401399795977,95,57,0.020547806944706,95,57,"22"
"764",0.00948447419358488,331,18,313,0.016540226553476,0.00386925748316881,330,17,0.0121691439259911,330,17,"22"
"78010",0.0112728354883879,93,30,63,0.035918150929554,0.00550773251974425,109,46,0.0173243518390445,109,46,"22"
"793",0.0202455295406934,246,99,147,0.0297568768197056,0.0112450649172896,285,138,0.0353717839185714,285,138,"22"
"87916W",0.0535765821980807,629,310,319,0.0159848783122087,0.027996229343689,647,328,0.0880622650911349,647,328,"22"
"911",0.0191687337412325,226,89,137,0.0301438346733877,0.0104251569849838,256,119,0.0327928574465332,256,119,"22"
"912",0.0156941570033805,65,62,3,0.0508737279366768,0.00730981241145731,70,67,0.022992114464329,70,67,"22"
"91IFC2",0.0309538032855327,522,175,347,0.00839936281069047,0.0146645811782335,548,201,0.0461264305363505,548,201,"22"
"A",0.0397086478562489,406,244,162,0.0288336535904183,0.0214913494813373,444,282,0.0676014796237446,444,282,"22"
"A208",0.0405431907359588,259,249,10,0.0487929226081717,0.0136492252339712,193,183,0.0429222971243957,193,183,"22"
"A239",0.0221488399268622,310,108,202,0.025799394985982,0.0111701604214727,336,134,0.0351355563454607,336,134,"22"
"A272",0.0267553106674752,365,144,221,0.0245131930723986,0.0142109145692218,416,195,0.0447012161509122,416,195,"22"
"A305",0.0435305896344882,564,265,299,0.0187627766372396,0.0174423737127705,538,239,0.0548573638590645,538,239,"22"
"A322",0.0263689026596465,291,141,150,0.0295306184897307,0.0115295754874749,293,143,0.0362641438415213,293,143,"22"
"A334",0.0396268574354515,458,242,216,0.0248623622984523,0.0171967523109819,452,236,0.0540889271154934,452,236,"22"
"A340",0.052729007331641,447,305,142,0.0299584293316093,0.0220968675467574,427,285,0.0694991342632923,427,285,"22"
"A374",0.0237032707629979,380,114,266,0.0216258813850178,0.0118245561715955,416,150,0.0371938581930673,416,150,"22"
"A385",0.0140078321485944,135,47,88,0.0337095526502883,0.00549594127247182,133,45,0.0172849315465058,133,45,"22"
"A401",0.0230206377237376,192,111,81,0.0341606781795823,0.0112873578302303,221,140,0.0355039644147296,221,140,"22"
"A427",0.031287621821848,519,177,342,0.010460500392471,0.0141444039017779,534,192,0.0444894212316838,534,192,"22"
"A548",0.077347545397989,702,349,353,0.00543782937238935,0.0365688732844122,706,353,0.115025662669535,706,353,"22"
"A572",0.0306803716696532,458,174,284,0.0203298143461947,0.0126799415891396,451,167,0.0398802605108372,451,167,"22"
"A619",0.0419183013526209,523,254,269,0.0214663459022098,0.0191151099624471,527,258,0.0601243828390503,527,258,"22"
"A627",0.0787281990758056,371,351,20,0.046203679759124,0.0432298063826068,378,358,0.135981325036884,378,358,"22"
"A632",0.0214198111867904,376,102,274,0.0210025432764598,0.00708383141604593,337,63,0.0222762120728452,337,63,"22"
"A635",0.0306746467620386,446,173,273,0.0210100695933073,0.0171617298540739,508,235,0.0539827712570493,508,235,"22"
"A641",0.0279752705297279,204,154,50,0.0380586714734157,0.0091696010546105,149,99,0.0288352281077087,149,99,"22"
"A648",0.0101751411632937,85,20,65,0.0358384239453537,0.00415582346223462,88,23,0.0130696827300747,88,23,"22"
"A663",0.0547526760561514,379,315,64,0.0358483110371092,0.021180903980562,341,277,0.0666101938734185,341,277,"22"
"A672",0.0325365255955312,539,189,350,0.00748818982635426,0.0152205247932968,559,209,0.0478747822253155,559,209,"22"
"A674",0.0338296810419464,451,204,247,0.0226409516344387,0.0148106609136221,449,202,0.0465842282481228,449,202,"22"
"A679",0.0255355899954947,409,132,277,0.0208763585235223,0.00972627315265197,382,105,0.0305890753717436,382,105,"22"
"A680",0.0677806773893372,697,339,358,0.000643922092338094,0.0314809662853673,700,342,0.0990144798197355,700,342,"22"
"A682",0.0378644543780501,263,227,36,0.0408154130792973,0.0211602830620674,312,276,0.0665603411968617,312,276,"22"
"A71",0.0106536640194633,336,26,310,0.0169184991182272,0.00370779149178984,325,15,0.0116599042939885,325,15,"22"
"A73",0.0304475093613018,471,171,300,0.0186783548569041,0.012471967755149,464,164,0.0392229181551641,464,164,"22"
"A797NW",0.0622714253289839,466,333,133,0.0304452384061443,0.0339000503206231,478,345,0.106633378837486,478,345,"22"
"AQA3",0.0637007552327712,684,335,349,0.00786263124646246,0.0296961411483005,686,337,0.0934058064869277,686,337,"22"
"AS6103",0.0306360688452576,504,172,332,0.013198153804867,0.0154114573629696,543,211,0.0484773366563049,543,211,"22"
"AusTRCF 306238",0.039823598703793,267,245,22,0.0443509057992132,0.0182929888287338,270,248,0.0575352484069273,270,248,"22"
"B-18 INBR.FR.SUPERGOLD",0.0463891211402164,617,279,338,0.01158446513395,0.0223365498864946,627,289,0.0702584356472899,627,289,"22"
"B-28",0.0368888425060175,563,223,340,0.0108594445624383,0.0191732633106682,600,260,0.0603104910319342,600,260,"22"
"B103",0.0448678450045401,548,273,275,0.020899321870196,0.0170060016566487,508,233,0.0534804778302507,508,233,"22"
"B104",0.0502467676675746,469,294,175,0.0277411109401972,0.0260521760088588,490,315,0.0819484509098061,490,315,"22"
"B105",0.034464412251607,364,208,156,0.0290372727649483,0.0169410006933801,388,232,0.0532882691042106,388,232,"22"
"B108",0.0245462332869088,372,124,248,0.0226288161900663,0.01353397878364,428,180,0.0425717139442299,428,180,"22"
"B109",0.0132079684213518,359,43,316,0.0162866533358057,0.00546159552782133,360,44,0.0171775263364695,360,44,"22"
"B110",0.0152499333213623,370,56,314,0.0164215951477946,0.00514245672973995,346,32,0.0161713326275579,346,32,"22"
"B111",0.0367093953279466,561,222,339,0.0114961635908376,0.0162797546467154,563,224,0.0512026788225913,563,224,"22"
"B115",0.0510611521246254,305,300,5,0.0504271406334512,0.0213662005554361,284,279,0.0671991476155473,284,279,"22"
"B119",0.0540698605664649,460,312,148,0.0296779118609839,0.0215552462752527,431,283,0.0677924678262953,431,283,"22"
"B120",0.0490750737751915,368,292,76,0.0345168433147562,0.0228519872002317,372,296,0.0718780509187022,372,296,"22"
"B121",0.0277905599142732,334,153,181,0.0275143067015098,0.0120136302499873,335,154,0.0377846639901534,335,154,"22"
"B14A",0.0393791387227905,413,239,174,0.0277595024668463,0.013020254065939,345,171,0.0409442170034897,345,171,"22"
"B164",0.0334640694950428,481,198,283,0.020440932967349,0.0109854903745742,412,129,0.0345455680145895,412,129,"22"
"B2",0.0337215501976752,362,203,159,0.0288754580288105,0.0164896691742561,385,226,0.0518676048415088,385,226,"22"
"B37",0.0791738178178915,664,352,312,0.0165534473776185,0.0429669543801698,669,357,0.135154763866534,669,357,"22"
"B47",0.05608544944622,490,323,167,0.0283958123296211,0.0228613938112826,464,297,0.0718974494361487,464,297,"22"
"B57",0.0122250851215061,103,35,68,0.0355494116352627,0.00521458168834581,104,36,0.0164012010153415,104,36,"22"
"B66",0.00586269917095854,264,6,258,0.0222375358501588,0.00269868400543016,266,8,0.00848843458616058,266,8,"22"
"B68",0.0217380644460011,360,103,257,0.0222388159022513,0.0101182926637258,370,113,0.0318248426775058,370,113,"22"
"B73",0.0207634508687288,339,100,239,0.0230374774188369,0.0111473426886865,372,133,0.035064577933143,372,133,"22"
"B75",0.048058335630532,331,282,49,0.0381959430937353,0.0235477880704202,353,304,0.0740699772402474,353,304,"22"
"B76",0.0267890071200139,215,145,70,0.0354390627589553,0.0108954446369333,197,127,0.0342659345674917,197,127,"22"
"B77",0.0153929825815421,174,59,115,0.0320898995822387,0.00653252448922528,171,56,0.0205463778897375,171,56,"22"
"B79",0.0446931742890965,382,271,111,0.0322879544089121,0.0241438700951046,418,307,0.0759458266672298,418,307,"22"
"B87",0.00876874872802988,278,17,261,0.022080530721888,0.00481950559855835,287,26,0.0151598812590248,287,26,"22"
"B88",0.0284981589482743,446,158,288,0.0200997907714343,0.0127897983854178,456,168,0.0402263005721949,456,168,"22"
"B91",0.063494713523443,538,334,204,0.0257480229830372,0.0247039819295708,514,310,0.0776946257129848,514,310,"22"
"B97",0.0237715276361375,136,115,21,0.0448894649097294,0.00993734956392891,130,109,0.031254893135069,130,109,"22"
"BEI 10 = NORTH 10",0.0315814750667886,340,179,161,0.0288476252725552,0.0150741611148908,368,207,0.0474154291295513,368,207,"22"
"BO9",0.0383982779317965,401,231,170,0.0281591626523965,0.0125383093510861,335,165,0.0394287172164085,335,165,"22"
"CA-4",0.0426614948380066,492,258,234,0.0231752907458012,0.0190345706927676,491,257,0.0598671685492162,491,257,"22"
"CG102",0.0263863618931005,330,142,188,0.0267156289413502,0.0105147622672834,312,124,0.0330674054415538,312,124,"22"
"CH701-30",0.00358293921131861,101,3,98,0.0330950828821647,0.0019055598599012,101,3,0.00599404409604345,101,3,"22"
"CH711-10",0.0602639575459351,348,330,18,0.0464179369419608,0.0274154354783138,340,322,0.0862320115045162,340,322,"22"
"CH753-4",0.0863636360208694,463,357,106,0.0326327403029223,0.0445315468983899,465,359,0.140076187484578,465,359,"22"
"CH9",0.0451960990513554,392,274,118,0.0317907629720583,0.0222652977611857,406,288,0.0700347505025127,406,288,"22"
"CI 40H",0.0541214551980915,602,313,289,0.0200870469848814,0.0266962674728337,606,317,0.0839722443896223,606,317,"22"
"CR 22 INBRED",0.0490480186272265,587,291,296,0.0190573796542165,0.0251578341035493,609,313,0.0791338215197628,609,313,"22"
"DE2",0.0683244937432676,389,342,47,0.0387427819966644,0.0224482652634078,337,290,0.0705931491387225,337,290,"22"
"DE3",0.0102081640688067,22,21,1,0.0565535512066501,0.00394115363027514,21,20,0.0123942218976918,21,20,"22"
"DE4",0.0394053187820389,299,240,59,0.0365556244238406,0.0189521427941428,313,254,0.0596138106046491,313,254,"22"
"DE811",0.0436637022715144,407,266,141,0.0299844016616866,0.0234758007071648,444,303,0.0738444114252944,444,303,"22"
"DJ7",0.0302277912721755,430,167,263,0.0218887346393635,0.0141885078431963,456,193,0.0446289071485665,456,193,"22"
"DK3IIH6",0.0527919139682104,479,306,173,0.0277953996250576,0.029485508439916,507,334,0.0927476880558637,507,334,"22"
"DK4676A",0.0257262513122125,281,138,143,0.0298845107459275,0.00850866042254239,231,88,0.0267573963845275,231,88,"22"
"DK78002A",0.0283658127734726,282,157,125,0.0313580748354663,0.0115500121321533,269,144,0.0363251177439905,269,144,"22"
"DK78010",0.0256275263125378,460,136,324,0.0149344037653356,0.0104393731187484,444,120,0.0328311743133784,444,120,"22"
"DK78371A",0.0153556796056531,137,57,80,0.0341771190208976,0.00659945668736998,139,59,0.0207571163186363,139,59,"22"
"DKFAPW",0.0344984599197178,565,209,356,0.00423082173675643,0.0141081809191469,546,190,0.0443687851385152,546,190,"22"
"DKFBHJ",0.0281946896508425,200,155,45,0.0392408428989248,0.0102355714652779,159,114,0.032190047911747,159,114,"22"
"DKMBNA",0.0106323992277895,216,25,191,0.0265437516396713,0.00358708302890675,205,14,0.0112805731306427,205,14,"22"
"DKPB80",0.0569618722038994,617,324,293,0.0194332656319565,0.0278819580793608,619,326,0.0877016238870287,619,326,"22"
"E8501",0.0155363218570105,325,60,265,0.0216480183520335,0.00516683398264299,298,33,0.0162483510803391,298,33,"22"
"EAST 028",0.0127052179578048,311,39,272,0.0212758338484077,0.00518580698135345,306,34,0.0163089171611551,306,34,"22"
"F118",0.0373305554967848,542,224,318,0.0161312981504823,0.0123070757195098,481,163,0.0387022482974128,481,163,"22"
"F2834T",0.0174812210424807,126,73,53,0.0374180958534123,0.00940142225907599,155,102,0.0295726858029086,155,102,"22"
"FBLA",0.0262977894985362,173,139,34,0.0414615017267528,0.0145582137010374,232,198,0.045793452429573,232,198,"22"
"FR19",0.053812208134379,362,311,51,0.0378266845751447,0.0292956637672411,384,333,0.0921509755010428,384,333,"22"
"H105W",0.0393722041384409,451,238,213,0.0249758382557976,0.0161985581450987,436,223,0.0509464250784275,436,223,"22"
"H110",0.0143874535984792,386,50,336,0.0121963456607056,0.00530677855906151,374,38,0.0166895295866346,374,38,"22"
"H113",0.0555456880358038,351,321,30,0.042285593900453,0.0181614546957778,276,246,0.0571115413218714,276,246,"22"
"H121",0.0197687099675861,203,95,108,0.0325482050902722,0.0110687075908614,238,130,0.0348169835891994,238,130,"22"
"H122w",0.0354661173770813,427,212,215,0.0248795664392494,0.0146461436084126,415,200,0.0460641929494698,415,200,"22"
"H5",0.0256003335338337,254,135,119,0.0317667353646389,0.0119034873471909,271,152,0.0374406676616341,271,152,"22"
"H71",0.0310009321983438,416,176,240,0.022937522739628,0.0102470380972526,355,115,0.0322234059961297,355,115,"22"
"H84",0.0267925217542312,290,146,144,0.0298245852648805,0.0112140605764736,281,137,0.0352704478520102,281,137,"22"
"H91",0.0242370699531833,448,120,328,0.014211105171076,0.012632040015774,494,166,0.0397341214222928,494,166,"22"
"H95",0.0485850110337186,485,287,198,0.0260975411430173,0.0226079518028244,491,293,0.0711102727387482,491,293,"22"
"H96",0.0177923303829423,297,77,220,0.0245606264877573,0.00843764764056824,305,85,0.0265402957356518,305,85,"22"
"H99",0.0250046287935532,356,127,229,0.0236525917021194,0.00818544563674708,308,79,0.0257404058036665,307,78,"22"
"HP301",0.0138569844070861,214,45,169,0.0281730475804527,0.0053246043865733,209,40,0.0167448986382035,209,40,"22"
"HUOBAI",0.00810691940572607,104,13,91,0.0335721995291103,0.00345364801869532,103,12,0.0108625998393925,103,12,"22"
"Hy",0.0148464614008207,69,53,16,0.0473631363145908,0.00619917446665139,68,52,0.0194975799255316,68,52,"22"
"I29",0.044851191041257,567,272,295,0.019069501674718,0.0208866981009901,569,274,0.0656943355997492,569,274,"22"
"Ia 453",0.0586755597994374,643,328,315,0.01630199377822,0.0291664644363695,647,332,0.0917423393530765,647,332,"22"
"IA2132",0.0334585538454084,414,197,217,0.0248354898151617,0.015572156308492,429,212,0.0489801636483835,429,212,"22"
"IBB15",0.0325344236433999,515,188,327,0.0145302265646873,0.0139197944385253,515,188,0.0437796850555282,515,188,"22"
"IBC2",0.0714661004903439,624,345,279,0.020796956131898,0.0343319365861462,629,350,0.107990756313398,629,350,"22"
"ICI 193",0.0240457632608702,320,117,203,0.0257572037647636,0.0111858697949491,339,136,0.0351827726409853,339,136,"22"
"ICI 740",0.0383427552547973,558,229,329,0.0138020967456858,0.0162814468525834,554,225,0.0512072780263124,554,225,"22"
"ICI 893",0.0283275929906293,346,156,190,0.0265485380477524,0.0142939966758973,386,196,0.0449623455993998,386,196,"22"
"ICI 986",0.0123851376417465,345,37,308,0.017525170393579,0.00620086909137942,361,53,0.0195050558521629,361,53,"22"
"IDS28",0.0201444843797225,421,98,323,0.0151795770562645,0.00886004641165923,417,94,0.0278663256882846,417,94,"22"
"IDS69",0.00318833923937755,132,2,130,0.0305666412341775,0.00105846844922674,132,2,0.00332860334050032,132,2,"22"
"IDS91",0.0396331882887468,357,243,114,0.0321871861179158,0.0205767787735892,385,271,0.0647253160075111,385,271,"22"
"INB 101LFY/LFY (A632 X M16 S5)",0.0842361299362275,391,356,35,0.0411732315230225,0.0349985531807022,386,351,0.110076389718935,386,351,"22"
"INBRED 141",0.0326373485274097,244,192,52,0.0375372436249934,0.0157756291043899,270,218,0.0496222402127905,270,218,"22"
"INBRED 2-687",0.0170301211955693,83,71,12,0.0485639850442457,0.00787502982569496,88,76,0.0247701466488567,88,76,"22"
"INBRED 305",0.0570958919118884,350,325,25,0.0433795551088098,0.0287070294088339,354,329,0.0902990651272455,354,329,"22"
"INBRED 321",0.0291585077651834,184,160,24,0.043693852920435,0.0136420525217523,206,182,0.042907368494667,206,182,"22"
"K150",0.0516201757045524,489,303,186,0.0267683503171233,0.0212639512748712,464,278,0.0668778504520049,464,278,"22"
"K41",0.0482150858633277,387,284,103,0.0326961106009523,0.0224851756155245,394,291,0.070725180964155,394,291,"22"
"K47",0.0896569779195309,375,358,17,0.0472765652035966,0.0300447179760209,355,338,0.0944834248017893,355,338,"22"
"KUNG-70",0.039223644212421,372,237,135,0.0302331605576936,0.0190166005372493,391,256,0.0598167994138828,391,256,"22"
"L 127",0.0190722415037542,408,87,321,0.0156895232056842,0.00810266104191498,398,77,0.0254839321969284,398,77,"22"
"L 289",0.016777938574796,339,68,271,0.021435723211351,0.00780747023260666,344,73,0.0245573510723882,344,73,"22"
"LH1",0.0363605731351224,496,218,278,0.0208359341920579,0.0199531903798819,546,268,0.0627632725266118,546,268,"22"
"LH119",0.050642213514861,654,297,357,0.00326364600299076,0.0175143372978491,597,240,0.0550772742336718,597,240,"22"
"LH128",0.0363451460956344,300,217,83,0.034024003680639,0.0188105637155189,336,253,0.0591686159997509,336,253,"22"
"LH143 (Maintainer)",0.0581760195944223,668,327,341,0.0107329314954188,0.0276060232567062,665,324,0.0868337291840539,665,324,"22"
"LH146Ht",0.0249677218765752,249,126,123,0.031530281737259,0.0132843144566374,298,175,0.0417859867289092,298,175,"22"
"LH149",0.0263372030358799,336,140,196,0.0262189872410907,0.0145908362881879,395,199,0.0458960611381299,395,199,"22"
"LH165",0.020144260319151,237,97,140,0.0300318944968803,0.00778329280588484,212,72,0.0244770677463394,212,72,"22"
"LH166",0.0143980066896687,122,51,71,0.0354313807719732,0.00480090858772336,96,25,0.0150976442069093,96,25,"22"
"LH181",0.0103738889939576,247,23,224,0.024255889373985,0.00559558152914047,272,48,0.0176012018876413,272,48,"22"
"LH184",0.0333168544076606,308,195,113,0.0322146991097227,0.015730200579418,329,216,0.0494785347454836,329,216,"22"
"LH190",0.0435195319834021,427,264,163,0.028727869889829,0.0234518041182542,465,302,0.0737689146515028,465,302,"22"
"LH192",0.0555601831861649,592,322,270,0.0214603541892143,0.0184911882415317,520,250,0.0581500219637224,520,250,"22"
"LH194",0.0133482252814572,173,44,129,0.030629784594259,0.00545973616160877,172,43,0.0171713517074944,172,43,"22"
"LH195",0.0129400801113017,334,42,292,0.0195696256425945,0.00604293654262996,343,51,0.0190065032557574,343,51,"22"
"LH197",0.0140155392541555,368,48,320,0.0158461330441487,0.00512137844355931,351,31,0.0161063783925027,351,31,"22"
"LH198",0.0390034593470786,544,235,309,0.0171379570837983,0.0179126883674314,552,243,0.0563424759937962,552,243,"22"
"LH202",0.0153809384069103,362,58,304,0.0182314377064497,0.00715365596511202,368,64,0.0225003281559254,368,64,"22"
"LH204",0.0509871682106662,307,299,8,0.0489558109911516,0.0236923984689631,313,305,0.07452029262479,313,305,"22"
"LH205",0.0362208736260587,319,215,104,0.032671935261766,0.0192947047104792,365,261,0.060692565091957,365,261,"22"
"LH206",0.0113281281525367,242,32,210,0.0252135430002253,0.00531077400157657,249,39,0.0167046188427414,249,39,"22"
"LH208",0.0302692809810993,420,168,252,0.0224804869321855,0.0156582414837932,467,215,0.049253789203018,467,215,"22"
"LH209",0.0186092306349619,291,83,208,0.0253430167520666,0.00946273432471882,311,103,0.0297654503484453,311,103,"22"
"LH214",0.0359540047811197,298,214,84,0.0339932844160247,0.0138990874373365,271,187,0.0437101591576217,271,187,"22"
"LH215",0.00719886077874589,84,12,72,0.0353866467038229,0.00400209084687045,93,21,0.0125887281763755,93,21,"22"
"LH222",0.0506245955472702,644,296,348,0.00813587823885815,0.0165687671695235,575,227,0.0521036212490264,575,227,"22"
"LH223",0.0682963691159936,696,341,355,0.00448102960908928,0.02506527650373,667,312,0.0788287275507254,667,312,"22"
"LH224",0.0750286518276227,362,347,15,0.0475748969432959,0.0287667612094131,345,330,0.0904715777852785,345,330,"22"
"LH295",0.0325722837367802,330,191,139,0.0300676723018575,0.0167203352636379,368,229,0.0525937255930835,368,229,"22"
"LH60",0.0429509768280409,523,261,262,0.0218940903315129,0.0232541679937425,563,301,0.0731464644994295,563,301,"22"
"LH74",0.05089120639814,631,298,333,0.012934811001339,0.0238526988089706,639,306,0.0750267462960035,639,306,"22"
"LH82",0.0301410008303284,375,163,212,0.0250235079987625,0.0130329542413423,384,172,0.0409924322625153,384,172,"22"
"LH93",0.0255533168873672,420,133,287,0.0201082062145224,0.0112487083390122,426,139,0.035380876795346,426,139,"22"
"LIBC 4",0.0160794682276572,315,66,249,0.0225889248233377,0.00705964523035649,311,62,0.0222048638746388,311,62,"22"
"LP1 NR HT",0.0176376208781897,276,75,201,0.025957152761618,0.00853027955287549,290,89,0.0268320011439576,291,90,"22"
"LP5",0.0786095912755728,702,350,352,0.00580040866398703,0.0290448788282129,683,331,0.0913446419593221,683,331,"22"
"M14",0.048271538914848,384,285,99,0.0330254198285637,0.0222284494037011,385,286,0.0699173254432265,385,286,"22"
"MBPM",0.0458270821467828,312,275,37,0.040590691764396,0.0149853562962543,242,205,0.0471237997568819,242,205,"22"
"MBWZ",0.0221053069471756,148,107,41,0.0398649428524223,0.00721629071574573,106,65,0.0226927866710218,106,65,"22"
"MM501D",0.0389356784091638,247,234,13,0.0484121881539559,0.0191416479660872,272,259,0.060209383104889,272,259,"22"
"Mo17",0.0157706764086175,258,63,195,0.026296164172801,0.00736792427764799,264,69,0.0231750802360848,264,69,"22"
"Mo1W",0.00657022066003461,260,9,251,0.0225173252267064,0.00229648043365692,256,5,0.00722176063856185,256,5,"22"
"Mo46",0.065510581807736,545,338,207,0.0255109515930895,0.0295800569195107,542,335,0.0930349617393704,542,335,"22"
"Mo47",0.0160473772012156,154,65,89,0.0336102531215983,0.00785044157791044,163,74,0.0246936868075292,163,74,"22"
"Mo5",0.027051229167935,502,148,354,0.00526548596520482,0.00887627911720853,449,95,0.0279132291461588,449,95,"22"
"MQ305",0.0194005127834799,150,90,60,0.0363056484438315,0.0103819532898756,177,117,0.03265700892883,177,117,"22"
"MS116",0.0319345283685269,406,183,223,0.0244133267017149,0.0121339083638604,380,157,0.038158751419891,380,157,"22"
"MS132",0.0403764758819021,322,247,75,0.0349315563805055,0.0135241552911436,254,179,0.0425289334267604,254,179,"22"
"MS200",0.0277073004761146,345,151,194,0.0263074528423854,0.0141284238869096,385,191,0.04444160081713,385,191,"22"
"MS211",0.0189691886910876,254,86,168,0.0282822627255949,0.00919136325121315,268,100,0.0289109990209202,268,100,"22"
"MS221",0.0427160427722266,486,259,227,0.0240277321565327,0.0214889395165422,508,281,0.0675942927883749,508,281,"22"
"MS224",0.0364720791969508,278,220,58,0.0370592423427488,0.0120606360792333,214,156,0.0379273766180014,214,156,"22"
"MS225",0.0831263118318775,622,355,267,0.0215552768023738,0.0341998482043111,615,348,0.107562659674717,615,348,"22"
"MS226",0.0240750129006564,225,118,107,0.0326053284734475,0.0117341326361894,255,148,0.0369098467040387,255,148,"22"
"MS24A",0.0268065839909121,193,147,46,0.0390890636840583,0.0137051803778817,230,184,0.0431102836567974,230,184,"22"
"MS67",0.0342042321170226,236,207,29,0.0423037906350506,0.0115941630636383,174,145,0.036461173585042,174,145,"22"
"MS71",0.0363431481318811,523,216,307,0.0176944861809707,0.0122218463992245,466,159,0.0384336509118674,466,159,"22"
"MS72",0.0341401428013547,455,205,250,0.0225758694139296,0.0178781566455057,492,242,0.0562366935226717,492,242,"22"
"N192",0.0461852034236379,638,278,360,-0.001152316950657,0.0171013611700397,594,234,0.0537829548384986,594,234,"22"
"N193",0.0820989800655634,514,354,160,0.0288477448527,0.0342320948147249,509,349,0.107666245952365,509,349,"22"
"N200",0.0317080403838136,262,180,82,0.03414365427074,0.0166524632936706,310,228,0.0523804405403543,310,228,"22"
"N201",0.0235911210359892,404,113,291,0.0199307493047153,0.00818679718204,371,80,0.0257461422770397,371,80,"22"
"N209",0.0405170573183788,414,248,166,0.0284760691026869,0.0168267830598224,396,230,0.0529230572198748,396,230,"22"
"N211",0.000841839949674711,338,1,337,0.0116277489613649,0.000391806184845944,338,1,0.00123233993137546,338,1,"22"
"N217",0.100360029335945,718,359,359,0.000272801340102526,0.0484403076502121,719,360,0.152368876522639,719,360,"22"
"N218",0.0055397689317973,47,5,42,0.0397729358252223,0.00275803349981164,51,9,0.00867548226242123,51,9,"22"
"N28Ht",0.0110143777434001,222,29,193,0.0264104870837696,0.00493223145916397,220,27,0.0155127772516454,220,27,"22"
"N501",0.0244819531418969,377,122,255,0.0222658346168491,0.0134477077735357,432,177,0.0423003746934608,432,177,"22"
"N523",0.0349788779425028,277,211,66,0.035792059424956,0.011500341841119,208,142,0.0361651979243513,208,142,"22"
"N527",0.0319726829243059,398,184,214,0.0249173446732615,0.0105038010085114,336,122,0.0330313415612183,336,122,"22"
"N534",0.0177822951359277,309,76,233,0.02329600944162,0.00842657367776667,317,84,0.0265054456980715,317,84,"22"
"N542",0.063941729979137,413,336,77,0.034505967522836,0.0296173806664288,413,336,0.0931586753585281,413,336,"22"
"NC250",0.0277670860270857,438,152,286,0.0202861233008805,0.015034484346593,492,206,0.047291757208893,492,206,"22"
"NC262",0.0328375369332826,344,193,151,0.0294753351712533,0.0129231668034797,321,170,0.0406438735022247,321,170,"22"
"NC294",0.0320735892433571,259,186,73,0.0353566470474118,0.0174095972460458,311,238,0.0547627816500571,311,238,"22"
"NC310",0.00868282879037038,362,16,346,0.00865629960138422,0.0035360214753056,359,13,0.0111208980079763,359,13,"22"
"NC326",0.0686394721420596,435,343,92,0.0335381137776289,0.0341022028852792,438,346,0.107269511646615,438,346,"22"
"NC328",0.0433459221233218,522,263,259,0.0221768587135485,0.0176740388112378,500,241,0.0555835232870784,500,241,"22"
"NC342",0.0446003891133084,303,270,33,0.0415157692777828,0.0206657751157819,305,272,0.0649983111187338,305,272,"22"
"NC412",0.0170172733956855,254,70,184,0.0269089748439963,0.00818503901889277,262,78,0.0257459743747563,263,79,"22"
"ND259",0.0497007110847938,349,293,56,0.0371166467191725,0.0270061953827977,374,318,0.0849493613101956,374,318,"22"
"ND265",0.051183663453955,624,302,322,0.0154145486360312,0.0273855835771904,643,321,0.0861428700181071,643,321,"22"
"NK740",0.0444781806683815,506,268,238,0.0230550739805342,0.0206844061867302,511,273,0.0650598190864357,511,273,"22"
"NK778",0.00848309369719531,135,14,121,0.0315725149415365,0.00387022283455116,139,18,0.0121733439773594,139,18,"22"
"NK807",0.042186259259153,515,255,260,0.0221602144458204,0.0217556311821273,544,284,0.0684334169342162,544,284,"22"
"NKS8326",0.0317846482156097,207,181,26,0.0430581804333387,0.0148736246701642,230,204,0.0467809225893181,229,203,"22"
"NORTH 7",0.046021410639458,343,276,67,0.035594025103131,0.0244328205114906,376,309,0.0768547833113535,376,309,"22"
"NQ508",0.0510816431486657,437,301,136,0.0301588326309438,0.0204640843348193,406,270,0.0643608291148466,406,270,"22"
"NS501",0.0680907190411554,418,340,78,0.0343502316586165,0.0365965067661614,432,354,0.115116310827043,432,354,"22"
"NS701",0.0265878295796073,238,143,95,0.0333814851058491,0.0148731317228266,298,203,0.046783934533635,299,204,"22"
"NY6371",0.0173823459100462,300,72,228,0.0237081779792706,0.00819730125486548,309,81,0.0257841564637066,309,81,"22"
"Ny821",0.0428053473858172,387,260,127,0.031043434006531,0.0142058937284625,321,194,0.0446726748390487,321,194,"22"
"OH33",0.0112886844319847,274,31,243,0.022803809214655,0.0049841762632023,271,28,0.0156768966344293,271,28,"22"
"Oh40B",0.102129369870356,465,360,105,0.0326689954102078,0.0418767045343692,461,356,0.131706396636503,461,356,"22"
"Oh43",0.0303811609782296,341,170,171,0.0281418725167455,0.0111078639023683,303,132,0.0349315583232577,303,132,"22"
"Oh7",0.0347969851384331,264,210,54,0.0373961498396423,0.0161692622721264,276,222,0.050857568954357,276,222,"22"
"OQ403",0.0406564848529112,455,250,205,0.0256185303759287,0.0214558157744076,485,280,0.067490435330605,485,280,"22"
"OQ603",0.0303638452373551,512,169,343,0.0103523387268428,0.0143461838825915,540,197,0.0451252142028332,540,197,"22"
"Os420",0.025682086592018,239,137,102,0.0327018572735035,0.0116065735881085,249,147,0.0365069936329662,249,147,"22"
"OS602",0.0640647497917866,411,337,74,0.035298158487847,0.0338025155296922,418,344,0.106326127598708,418,344,"22"
"Pa392",0.0318469391797614,365,182,183,0.0272988300487848,0.0104098115025802,301,118,0.0327355572434098,301,118,"22"
"Pa405",0.0155524217193808,67,61,6,0.0500725823049094,0.0073566585842431,74,68,0.0231400330352733,74,68,"22"
"Pa875",0.0194852159321735,185,91,94,0.033457026552611,0.0100211061650571,205,111,0.0315213470696181,205,111,"22"
"Pa880",0.0180477031107668,377,79,298,0.0188622073122107,0.00761678237622583,368,70,0.0239565058255735,368,70,"22"
"Pa91",0.0472847002108794,432,280,152,0.029394962224152,0.0228011829587386,446,294,0.0717210344346963,446,294,"22"
"PH207",0.0181464487686938,260,82,178,0.0276056866284446,0.00875714789817028,270,92,0.027545163274326,270,92,"22"
"PHB09",0.0414999309995173,353,252,101,0.032774449945831,0.0169128795065854,332,231,0.0531917234929946,332,231,"22"
"PHB47",0.0272160879921968,386,150,236,0.0230660803798146,0.0111014247910658,367,131,0.0349145757432754,367,131,"22"
"PHBA6",0.0489432649327356,316,289,27,0.0429292545530907,0.019907909185118,294,267,0.0626098005257644,294,267,"22"
"PHBB3",0.0231599995674343,457,112,345,0.00964514402698418,0.00926252655719136,446,101,0.0291293411766458,446,101,"22"
"PHEG9",0.00604573840225247,332,7,325,0.0148763281552439,0.00311974257970739,336,11,0.00981330560016054,336,11,"22"
"PHG29",0.0386710219298182,345,233,112,0.0322215028690973,0.0185298593327757,364,252,0.0582846070258537,364,252,"22"
"PHG47",0.0396039095313668,298,241,57,0.037069341207105,0.0152730335801049,267,210,0.0480309346060889,267,210,"22"
"PHG71",0.0117378636868992,271,34,237,0.0230647190946817,0.00632804393568734,291,54,0.0199052026731088,291,54,"22"
"PHG80",0.0323812712120953,359,187,172,0.0278459857798092,0.0160198221114439,391,219,0.0503907792276935,391,219,"22"
"PHG83",0.0804514553112463,697,353,344,0.0102541066934285,0.0376285149541039,699,355,0.118357048195067,699,355,"22"
"PHG86",0.0555356485457912,574,320,254,0.02227333006863,0.0302136485182736,594,340,0.0950385517860133,594,340,"22"
"PHH93",0.0461848872413188,316,277,39,0.040407668056123,0.0228399797258943,334,295,0.0718424615093146,334,295,"22"
"PHHH9",0.0489405942482964,443,288,155,0.0291208420362893,0.0160448039640702,375,220,0.0504553651557817,375,220,"22"
"PHHV4",0.0335640855126056,350,201,149,0.0295896706895427,0.0156524911891554,363,214,0.0492310872283337,363,214,"22"
"PHJ70",0.0330153674017861,405,194,211,0.0251974132361746,0.0113737598592657,352,141,0.0357684508655847,352,141,"22"
"PHJ89",0.017565443650318,202,74,128,0.0309105472099269,0.00690093583119908,188,60,0.0217023385440972,188,60,"22"
"PHJ90",0.0223342265594561,203,110,93,0.0334871123533133,0.0108538268488208,219,126,0.0341407943425208,219,126,"22"
"PHJR5",0.0287522679719052,291,159,132,0.0304475046400075,0.0133931407682311,308,176,0.042125020011581,308,176,"22"
"PHK35",0.0383547346609774,565,230,335,0.0125844288352515,0.016150423704017,556,221,0.0507966239330901,556,221,"22"
"PHK42",0.0179444631741045,372,78,294,0.0192437597118349,0.00978479728599753,400,106,0.0307785617102005,400,106,"22"
"PHK56",0.0341660305088388,344,206,138,0.030072448600045,0.0139347501953639,327,189,0.0438236996031872,327,189,"22"
"PHK74",0.0366883905018155,375,221,154,0.0291790367174275,0.0201248001718586,423,269,0.0633034873360023,423,269,"22"
"PHKE6",0.00988826417424844,195,19,176,0.0277083469966353,0.00413529080819375,198,22,0.0130062982972923,198,22,"22"
"PHM10",0.0250671709717607,249,129,120,0.0316424274907474,0.0134555351954115,298,178,0.0423251245561827,298,178,"22"
"PHN11",0.0376665432136198,383,226,157,0.0289780126692386,0.0190057991364277,412,255,0.0597824358305395,412,255,"22"
"PHN29",0.01406173467149,351,49,302,0.018568953203776,0.00659674676369901,360,58,0.0207495650457002,360,58,"22"
"PHN66",0.0103055405516848,303,22,281,0.0207268975022235,0.00525093665318752,318,37,0.0165170586937294,318,37,"22"
"PHN82",0.0554302740187415,406,319,87,0.0337129831180656,0.0303314698158629,428,341,0.0954090777034603,428,341,"22"
"PHP02",0.00664869543022525,266,10,256,0.022260413308262,0.00257598526182351,262,6,0.00810152163035873,262,6,"22"
"PHP55",0.0222387721186377,340,109,231,0.0236259038222132,0.00725770250577357,297,66,0.0228230255452175,297,66,"22"
"PHP76",0.062193455875632,497,332,165,0.028623302597691,0.03412498831701,512,347,0.107341719516662,512,347,"22"
"PHP85",0.0220076953614606,370,106,264,0.0218004674468179,0.00835583945461827,346,82,0.0262774619709609,346,82,"22"
"PHPR5",0.00528401856873792,222,4,218,0.024697108606829,0.00199789588535702,222,4,0.00628334999057211,222,4,"22"
"PHR03",0.0444829329410124,271,269,2,0.0513926261266239,0.0196351202607992,267,265,0.0617558018567121,267,265,"22"
"PHR30",0.038482533619308,537,232,305,0.0177662544481895,0.0128131507799163,474,169,0.0402940723107438,474,169,"22"
"PHR31",0.0378681984873355,534,228,306,0.0177057315031146,0.0137293509365636,491,185,0.0431753718616774,491,185,"22"
"PHR36",0.0595322656838588,439,329,110,0.0323125249261077,0.0279548092806372,437,327,0.0879298439920958,437,327,"22"
"PHR47",0.025573482247113,468,134,334,0.0126355085997347,0.0120238079268421,489,155,0.0378200869160117,489,155,"22"
"PHR63",0.0196456609181612,191,94,97,0.033364337376003,0.0106205162605905,222,125,0.0334073957364818,222,125,"22"
"PHT10",0.0219656644794551,323,104,219,0.024575186537979,0.0111778620836155,354,135,0.0351598466947196,354,135,"22"
"PHT47",0.0292832522881435,393,161,232,0.0235557110546544,0.00979507169654439,339,107,0.0308031040148101,339,107,"22"
"PHT55",0.0325540003586413,370,190,180,0.0275415087565173,0.0151427166956146,388,208,0.047628212052319,388,208,"22"
"PHTM9",0.0398668236453614,528,246,282,0.0205073006588465,0.0211529019633794,557,275,0.0665376160007448,557,275,"22"
"PHV37",0.0212634782385733,144,101,43,0.0397399476286793,0.0103440096056706,159,116,0.0325371741164819,159,116,"22"
"PHV57",0.025312397480462,209,130,79,0.0343494394691469,0.0117662143128992,228,149,0.037008813659346,228,149,"22"
"PHV63",0.0301617615519921,370,164,206,0.0255115884747955,0.0100977122544473,318,112,0.0317548565811309,318,112,"22"
"PHVA9",0.0532158708178152,362,307,55,0.037225036120359,0.0271283710388075,375,320,0.0853335236015955,375,320,"22"
"PHVJ4",0.0151046126133478,207,54,153,0.0293171900226213,0.00508278525435221,183,30,0.0159841908225857,183,30,"22"
"PHW03",0.0166313754935241,418,67,351,0.00584572755463962,0.00885509590321285,444,93,0.0278538240227972,444,93,"22"
"PHW17",0.0552312888290085,597,317,280,0.0207598126913666,0.0225637110466387,572,292,0.0709644446043005,572,292,"22"
"PHW20",0.0549322282074513,406,316,90,0.0335876805411853,0.0179722656196099,335,245,0.0565165919225616,335,245,"22"
"PHW30",0.00642128084645643,134,8,126,0.0312070453884764,0.0026317415539856,133,7,0.00827708003259856,133,7,"22"
"PHW43",0.0415359730929277,315,253,62,0.0361611924031879,0.0195669622762618,326,264,0.0615467212961119,326,264,"22"
"PHW52",0.0373744912778491,334,225,109,0.0324205578670703,0.0122438449987216,269,160,0.0385026668527437,269,160,"22"
"PHW53",0.0527202800733358,486,304,182,0.0274816547007747,0.0247578813812032,493,311,0.0778741447529667,493,311,"22"
"PHW80",0.0473989469250607,290,281,9,0.048794087922565,0.0193377271111241,271,262,0.0608148332240512,271,262,"22"
"PHWG5",0.0392194634924595,462,236,226,0.0241674646193886,0.0131522474587349,400,174,0.0413606841252504,400,174,"22"
"PHZ51",0.0320236504437177,229,185,44,0.0392987798682423,0.0104693094206044,165,121,0.0329223866543098,165,121,"22"
"Q381",0.010817635118374,358,27,331,0.013583569148166,0.00518768701111317,366,35,0.0163178000121605,366,35,"22"
"R168",0.0480884834170692,536,283,253,0.0223372991106763,0.0229940684177432,552,299,0.0723264733838968,552,299,"22"
"R177",0.016954836737042,80,69,11,0.0487494779440576,0.00903590744409744,108,97,0.0284229487946082,108,97,"22"
"R181B",0.018144560942314,303,81,222,0.0245069671833813,0.00995882337407094,332,110,0.0313259350181958,332,110,"22"
"R226",0.019996277974681,254,96,158,0.028961096839958,0.00946851924753248,262,104,0.0297828228852129,262,104,"22"
"R229",0.0717566818155029,468,346,122,0.0315505157291016,0.0252896948034114,436,314,0.0795327236587476,436,314,"22"
"R71",0.0160431018351114,365,64,301,0.0186072354810785,0.00767956880090849,372,71,0.0241559537592064,372,71,"22"
"R78",0.0128086160263045,287,41,246,0.0226803421792178,0.00499442874340619,275,29,0.015707615152905,275,29,"22"
"SD101",0.0181267021671734,279,80,199,0.0260731464709497,0.00648382510678104,254,55,0.0203899067103841,254,55,"22"
"SD102",0.027119319801885,390,149,241,0.022914527861289,0.0109701789711718,369,128,0.0344997997179024,369,128,"22"
"SD107",0.0245141892227701,209,123,86,0.0338751623647317,0.00836074894530663,169,83,0.0262928891774865,169,83,"22"
"SD40",0.0243231696326515,438,121,317,0.01622590098715,0.00850236391489468,404,87,0.0267386697946959,404,87,"22"
"SD44",0.0124361430082733,107,38,69,0.0354859684417697,0.00471269374974641,93,24,0.0148204793444314,93,24,"22"
"SG 30A",0.0116187306021802,118,33,85,0.033952973091338,0.00539909279403517,127,42,0.0169818682240052,127,42,"22"
"Tr",0.0357201284355934,539,213,326,0.0145581389910832,0.0137299055889297,512,186,0.0431780252824558,512,186,"22"
"TZU-CHIAO-HSI-WU 105",0.0151085793049044,179,55,124,0.0314607266293842,0.00845153689031556,210,86,0.0265845797330671,210,86,"22"
"Va26",0.0128019781956823,71,40,31,0.0422259944217535,0.00705270298205101,92,61,0.0221845849430161,92,61,"22"
"Va35",0.0105741533446583,221,24,197,0.0261088792731668,0.00388956296281516,216,19,0.012232446563981,216,19,"22"
"Va52",0.0219793847018942,395,105,290,0.0200723926267318,0.00893920612133851,386,96,0.0281136181846712,386,96,"22"
"Va99",0.0301685334179081,409,165,244,0.0227868026070113,0.013072801649009,417,173,0.0411178268053673,417,173,"22"
"W182E",0.0756945684401952,479,348,131,0.030556778386106,0.0360409129437825,483,352,0.113364394980824,483,352,"22"
"W22",0.0249183532675221,165,125,40,0.0402421118516577,0.0116020012261823,186,146,0.0364914718536123,186,146,"22"
"W23",0.0139793753950593,192,46,146,0.0297815883186485,0.00535380402438675,187,41,0.0168367063023765,187,41,"22"
"W24",0.023883766488382,341,116,225,0.024245435603829,0.0122758174844685,387,162,0.0386141796433519,387,162,"22"
"W32",0.0250361737521127,147,128,19,0.0462775344443736,0.0122529026140807,180,161,0.0385417026003582,180,161,"22"
"W37A",0.0440995153705535,383,267,116,0.0320412020646978,0.0179464360092421,360,244,0.0564418421293925,360,244,"22"
"W552",0.00719647808064152,15,11,4,0.0506763959582438,0.00281304050948294,14,10,0.00884654662712536,14,10,"22"
"W603S",0.0578872045846613,354,326,28,0.0425224581339669,0.0302000004242638,367,339,0.0949956875201312,367,339,"22"
"W604S",0.0336919758092756,432,202,230,0.02364516300546,0.0122151465690077,388,158,0.0384135780708793,388,158,"22"
"W605S",0.0532538039899818,453,308,145,0.0298044179347616,0.0274764357826176,468,323,0.0864270632992723,468,323,"22"
"W607S",0.0109526173646403,228,28,200,0.0259618933747498,0.00586926134394698,250,50,0.0184620854674852,250,50,"22"
"W610S",0.0607086344868943,427,331,96,0.0333771076414419,0.0325449393053778,439,343,0.102371900675189,439,343,"22"
"W611S",0.0334216629744511,219,196,23,0.0437729260384133,0.0182225522617077,270,247,0.057319462940698,270,247,"22"
"W612S",0.0187862855839152,327,85,242,0.0228903526939182,0.00786172870404211,317,75,0.024726037925171,317,75,"22"
"W614S",0.0552338508227042,510,318,192,0.0264498700005661,0.0184355995215426,441,249,0.0579753487612765,441,249,"22"
"W64A",0.0335346406148141,317,200,117,0.0320042954255802,0.0156148597136855,330,213,0.049112996440795,330,213,"22"
"W701BC",0.0195342258581268,301,92,209,0.0252791207941656,0.00912653380846574,307,98,0.0287051306090374,307,98,"22"
"W803G",0.0255016100700065,145,131,14,0.0478942953058677,0.0118535555854182,165,151,0.0372830530050394,165,151,"22"
"W809G",0.0433050248453616,573,262,311,0.0168315132570839,0.0173436252025758,548,237,0.0545432839823986,548,237,"22"
"W810G",0.0122937359065408,271,36,235,0.0231095761534535,0.00553147737346834,282,47,0.0173985177885981,282,47,"22"
"W811G",0.0425302129578326,434,257,177,0.02770242047148,0.0229954531024742,477,300,0.0723326591806342,477,300,"22"
"W813G",0.0301798840830586,434,166,268,0.0215194376629147,0.00984720703798335,376,108,0.0309662043554097,376,108,"22"
"W8304",0.048995296968595,424,290,134,0.030424853977711,0.027026181215165,453,319,0.0850120113773154,453,319,"22"
"W9",0.0298183003095047,210,162,48,0.0383099703131442,0.0136177791428632,229,181,0.0428331883775147,229,181,"22"
"WIL900",0.0363710640217409,280,219,61,0.03627825356914,0.0185072156865088,312,251,0.058215273099461,312,251,"22"
"WU-TAN-TZAO",0.0423594132349083,263,256,7,0.0499616346061877,0.0195629477006077,270,263,0.0615333337788127,270,263,"22"
"YE 4",0.0701245112278796,444,344,100,0.0327787214216095,0.0278348891368227,425,325,0.0875421449702525,425,325,"22"
"YING-55",0.0503794745454228,474,295,179,0.0275767479648528,0.0197207726239063,445,266,0.0620224732608927,445,266,"22"
"Yu796 NS",0.0086417177557899,260,15,245,0.0227534354038317,0.00378036607078855,261,16,0.0118904448915534,261,16,"22"
"ZS365",0.041274985177902,548,251,297,0.0189872048747126,0.022874562721097,595,298,0.0719528497876136,595,298,"22"
"ZS635",0.0186187837551479,387,84,303,0.018396954190905,0.00873885660930047,394,91,0.0274874278772156,394,91,"22"
"1538",0.0488467210648027,612,267,345,0.00342205076650651,0.0311421567529806,627,282,0.148681192886403,627,282,"23"
"29MIBZ2",0.0419239979769204,324,225,99,0.0249777383489585,0.0267381559190854,350,251,0.127655389647302,350,251,"23"
"2FACC",0.0388156439350201,541,208,333,0.00610687712435528,0.0102311921969691,444,111,0.0487621622738457,444,111,"23"
"2MA22",0.0992345132193898,700,347,353,-0.00189608724064726,0.0632439609509853,701,348,0.301943972484244,701,348,"23"
"3IJI1",0.0417266308640233,376,223,153,0.020709696279831,0.024164513608709,384,231,0.11534370955357,384,231,"23"
"4226",0.0443922671900184,578,241,337,0.00550942663803495,0.0148170563333918,502,165,0.0706888684773453,502,165,"23"
"4N506",0.0182171052636335,180,89,91,0.0256808628784558,0.0049131241066787,138,47,0.023407841964759,138,47,"23"
"6M502",0.045363933913444,288,246,42,0.0294375598889213,0.0119275755834528,168,126,0.056846201238574,168,126,"23"
"6M502A",0.0315454326515063,227,166,61,0.0276888824680627,0.0086731038834193,147,86,0.0413468630350342,147,86,"23"
"764",0.0297546376388053,425,150,275,0.0125248906369933,0.0167037916071251,454,179,0.0797444715259158,454,179,"23"
"78010",0.0911456430791944,472,341,131,0.0221265640755998,0.058753947409333,475,344,0.280470561314145,475,344,"23"
"793",0.0201354627863078,206,100,106,0.0244880858162387,0.0127941301987443,247,141,0.0610826215075712,247,141,"23"
"87916W",0.0374618171252358,382,204,178,0.019169674412603,0.0243197570539825,410,232,0.116103086238298,410,232,"23"
"911",0.0557326391664688,617,288,329,0.00638441234080612,0.0354275009160732,629,300,0.169140447623023,629,300,"23"
"912",0.000100758046877503,173,1,172,0.0197021997604821,2.59139790399859e-05,173,1,0.000123484006918145,173,1,"23"
"91IFC2",0.01544381545743,367,76,291,0.011244456763369,0.00978537840228646,394,103,0.0467179895761922,394,103,"23"
"A",0.057961129527672,325,292,33,0.0318785718008695,0.0285597584493437,293,260,0.136334063457185,293,260,"23"
"A208",0.0184972370470293,192,90,102,0.0247616013374127,0.0117849570677689,227,125,0.0562646039429874,227,125,"23"
"A239",0.0440870500801096,346,238,108,0.0239617186916618,0.028023060806696,365,257,0.133795220118947,365,257,"23"
"A272",0.0520710602716451,610,283,327,0.00650841800083124,0.0331894487497057,622,295,0.158455513887173,622,295,"23"
"A305",0.0402168355811461,545,213,332,0.00617321879240597,0.0249222874948877,568,236,0.118984741231096,568,236,"23"
"A322",0.00682723008478376,266,33,233,0.0158036667570319,0.00429198233270739,275,42,0.0204910099524344,275,42,"23"
"A334",0.0121376222930739,343,61,282,0.0120784207200396,0.00769344028403961,357,75,0.0367305269722051,357,75,"23"
"A340",0.0108994261957182,272,55,217,0.0167056673074498,0.0067733480290026,283,66,0.0323375545615868,283,66,"23"
"A374",0.0258985676334284,413,127,286,0.0116623732206863,0.0122271821739946,417,131,0.0583514701917525,417,131,"23"
"A385",0.00133161252409512,114,5,109,0.0238055859557961,0.000846487631407166,114,5,0.00404152712241494,114,5,"23"
"A401",0.0111222358083915,164,60,104,0.0246979160391459,0.00708845214644216,176,72,0.0338423902038873,176,72,"23"
"A427",0.0665859215703826,647,305,342,0.00387817417724923,0.0422351899756578,655,313,0.201652084925503,655,313,"23"
"A548",0.00908032648912856,277,45,232,0.0158508227164172,0.00578654767301461,287,55,0.0276267252556877,287,55,"23"
"A572",0.0478427355492925,593,262,331,0.00626150445316501,0.0303150944013237,604,273,0.144739155733656,604,273,"23"
"A619",0.0226533612329389,270,118,152,0.0208084849903901,0.0143312899901882,310,158,0.06842134305303,310,158,"23"
"A627",0.0351809867253473,189,188,1,0.0537966248344297,0.0214322508590952,209,208,0.10232188427307,209,208,"23"
"A632",0.0463289809241038,460,254,206,0.01732744938334,0.0302168326782914,478,272,0.144252792518216,478,272,"23"
"A635",0.0257936870397375,394,126,268,0.0127603288383302,0.0162808343252698,443,175,0.0777289239100027,443,175,"23"
"A641",0.00763746925891966,265,36,229,0.0162608558921761,0.00486770113971485,275,46,0.0232398558016817,275,46,"23"
"A648",0.0830196685798229,407,334,73,0.0266793869036313,0.0407516193808332,383,310,0.194487328575631,383,310,"23"
"A663",0.0298975579330723,408,155,253,0.0138751101123503,0.0104763183939144,366,113,0.0499669159712301,366,113,"23"
"A672",0.090475196265384,695,340,355,-0.00389029406307725,0.0451760220077151,674,319,0.215656339167389,674,319,"23"
"A674",0.0412842471610179,541,220,321,0.00746097285221856,0.0262958499719232,567,246,0.125543559675546,567,246,"23"
"A679",0.0517142161402168,582,281,301,0.0102936926163697,0.0336078463969239,597,296,0.160443865154618,597,296,"23"
"A680",0.0218798102001322,269,111,158,0.0204712338413841,0.0139488522799417,310,152,0.0665958629885355,310,152,"23"
"A682",0.0510521192332616,348,277,71,0.0268900277358038,0.0323417949929105,358,287,0.154416077306198,358,287,"23"
"A71",0.0533895525271847,634,286,348,0.00235869160571203,0.0340406233483953,646,298,0.162519270111629,646,298,"23"
"A73",0.0273094367455792,392,138,254,0.0137417808771162,0.0126486183649322,393,139,0.0603611339439444,394,140,"23"
"A797NW",0.0399586609926111,506,212,294,0.0111966038106549,0.0252319405012756,532,238,0.120463840906113,532,238,"23"
"AQA3",0.045713354605503,584,249,335,0.00583014681970677,0.0292034092796908,599,264,0.139427835171429,599,264,"23"
"AS6103",0.0336292742063738,253,176,77,0.02653595119541,0.0165422287294193,254,177,0.0789665730730636,254,177,"23"
"AusTRCF 306238",0.0705984493016582,330,316,14,0.0367542824313515,0.0301106570749933,285,271,0.143716871983983,285,271,"23"
"B-18 INBR.FR.SUPERGOLD",0.0455432739124533,599,247,352,-0.00166137039379369,0.0217919862118247,564,212,0.104024642675947,564,212,"23"
"B-28",0.00324033313598501,273,17,256,0.013621820906703,0.00195115464995338,278,22,0.00931516488447989,278,22,"23"
"B103",0.0373181690941928,397,202,195,0.0180582110938945,0.0238037927439542,425,230,0.11364882464954,425,230,"23"
"B104",0.0396326250399556,338,211,127,0.022571058216291,0.0134743483960822,273,146,0.0642604524060031,273,146,"23"
"B105",0.0177104565872983,307,85,222,0.0166047647525789,0.0112960493264772,342,120,0.0539304428398051,342,120,"23"
"B108",0.0331923935008339,441,175,266,0.0129809588349492,0.00850127585568238,349,83,0.0405084227409861,349,83,"23"
"B109",0.00380189100224281,180,19,161,0.0203816212523225,0.00237902028248347,185,24,0.0113580278001511,185,24,"23"
"B110",0.0298791561090304,425,153,272,0.0126824894704841,0.0143260448891704,429,157,0.0683691704120836,429,157,"23"
"B111",0.0752119444563497,533,325,208,0.0171450870008792,0.0493748779460138,541,333,0.235704818648969,541,333,"23"
"B115",0.0286864146613539,201,142,59,0.0278582466092645,0.00853526596887524,144,85,0.0406858276403053,143,84,"23"
"B119",0.072008118517241,339,319,20,0.0349344149976874,0.0459264454283417,342,322,0.219265579027221,342,322,"23"
"B120",0.0633394668898588,415,302,113,0.0235572056796015,0.0167698034350069,294,181,0.0798872386499625,294,181,"23"
"B121",0.0493781201672607,423,269,154,0.0206428650519777,0.0232640878789844,382,228,0.111022313649518,382,228,"23"
"B14A",0.019948559890823,306,99,207,0.0172383109318545,0.0128185209843399,349,142,0.0611987590085555,349,142,"23"
"B164",0.0178389098290748,248,88,160,0.0203932354151619,0.0113774754955962,283,123,0.0543192241924463,283,123,"23"
"B2",0.0424603209182823,328,231,97,0.0252889583692508,0.0270850471057659,351,254,0.129314819005286,351,254,"23"
"B37",0.0722916354335661,544,320,224,0.0165830551521965,0.0459773076312519,547,323,0.21951670763877,547,323,"23"
"B47",0.0451404994641035,305,245,60,0.0276915523425087,0.0294887861401978,326,266,0.140776128777905,326,266,"23"
"B57",0.0198836925127169,230,98,132,0.0221015957954275,0.0126164911375556,270,138,0.0602344987217791,270,138,"23"
"B66",0.039500408121125,497,209,288,0.011603274338835,0.0252716205924406,527,239,0.120655249382598,527,239,"23"
"B68",0.0520248726901793,608,282,326,0.00655267869269075,0.0139905027687817,479,153,0.0666877553463453,479,153,"23"
"B73",0.0214493502396136,326,106,220,0.0166430972194473,0.0130579871418307,363,143,0.0623414462000977,363,143,"23"
"B75",0.0589173619149243,317,294,23,0.033841147398625,0.0375719301304312,327,304,0.179378962950718,327,304,"23"
"B76",0.0493139627704968,566,268,298,0.0105983965551178,0.03130324879197,582,284,0.149457119091013,582,284,"23"
"B77",0.0370483803054265,238,200,38,0.0309317238167323,0.0145603465313691,200,162,0.0694878741330586,200,162,"23"
"B79",0.113272617539673,383,352,31,0.0321186275833352,0.0724990978533503,383,352,0.346134553700387,383,352,"23"
"B87",0.0289729830028639,449,143,306,0.00937307204692356,0.018395295980116,498,192,0.0878240736929784,498,192,"23"
"B88",0.0262271961250916,198,130,68,0.027040623236799,0.0167223468037578,248,180,0.079837272274976,248,180,"23"
"B91",0.0686648235869044,658,309,349,0.00142715645640376,0.0310471754575772,629,280,0.148196635909655,629,280,"23"
"B97",0.0441406847486017,274,239,35,0.0315020668552726,0.0280786019547918,293,258,0.134054850286916,293,258,"23"
"BEI 10 = NORTH 10",0.0687325447887525,644,310,334,0.00592230930636876,0.0435520327904312,650,316,0.207939806821115,650,316,"23"
"BO9",0.00718117608753734,219,34,185,0.018659080917238,0.00296546662616513,215,30,0.0141490835903873,215,30,"23"
"CA-4",0.0208483622611343,413,101,312,0.00879335192389149,0.0132185764033707,456,144,0.0631122189561496,456,144,"23"
"CG102",0.0260840005531861,326,128,198,0.0179751152281538,0.0169673044460818,383,185,0.0809968031753752,382,184,"23"
"CH701-30",0.0897096791701988,383,338,45,0.029273505526267,0.056937834442981,386,341,0.271849374731281,386,341,"23"
"CH711-10",0.0876878412434548,374,337,37,0.0309789288184075,0.056097678611297,377,340,0.267829328881841,377,340,"23"
"CH753-4",0.0352155531496144,285,190,95,0.0254242377623557,0.0119999988127419,224,129,0.0572523828695003,223,128,"23"
"CH9",0.0786321333117904,569,332,237,0.0156250514274463,0.0511282692311505,574,337,0.244085776598531,574,337,"23"
"CI 40H",0.00787983643256283,262,37,225,0.0165561072559258,0.00502433467410258,273,48,0.0239876070561884,273,48,"23"
"CR 22 INBRED",0.0107735837891232,328,54,274,0.0126395715811275,0.00337534073208813,309,35,0.0160929043575519,309,35,"23"
"DE2",0.0466265121783096,471,257,214,0.0168395359392642,0.0297301861971126,483,269,0.141940383474505,483,269,"23"
"DE3",0.00110884924382591,22,3,19,0.034939528550074,0.000436054976333158,21,2,0.00208103309653911,21,2,"23"
"DE4",0.0109357463301741,146,56,90,0.0257061915054714,0.00695015700860246,159,69,0.0331819226981218,159,69,"23"
"DE811",0.0462214794455152,446,253,193,0.0181238997642177,0.0256875651162957,434,241,0.12263268677714,434,241,"23"
"DJ7",0.0449491887920231,482,244,238,0.0155557025077769,0.0174747931590185,427,189,0.0833672859614359,427,189,"23"
"DK3IIH6",0.076403907291595,636,328,308,0.00932927437797145,0.0484062243314859,640,332,0.23111545724566,640,332,"23"
"DK4676A",0.0351916163890917,311,189,122,0.022981304848889,0.0226228268918502,343,221,0.108006714251675,343,221,"23"
"DK78002A",0.0619152763162659,324,297,27,0.0327834405249212,0.039296622509033,333,306,0.187618913961449,333,306,"23"
"DK78010",0.116069954574486,711,353,358,-0.0098774026937913,0.0739553852617086,711,353,0.3530832163103,711,353,"23"
"DK78371A",0.00479570825850028,202,25,177,0.0192158183259845,0.00123702541177537,188,11,0.00589060550087188,188,11,"23"
"DKFAPW",0.00289681953706901,263,13,250,0.0142116894519055,0.00184400745530466,270,20,0.00880379290191743,270,20,"23"
"DKFBHJ",0.0150217488781656,278,73,205,0.017377323802053,0.00953017984002855,300,95,0.0455018533959106,300,95,"23"
"DKMBNA",0.0255001921860347,403,125,278,0.0123715847515062,0.00648432369450742,341,63,0.0308956646384307,341,63,"23"
"DKPB80",0.0215010556526272,394,107,287,0.0116390075282895,0.00689989760807119,355,68,0.0329141806657397,355,68,"23"
"E8501",0.0254271283362939,300,124,176,0.01924417055819,0.0074974510675106,249,73,0.0357373506132009,249,73,"23"
"EAST 028",0.0323033942614001,454,170,284,0.011938202947794,0.00982669202796011,389,105,0.0468461670724322,389,105,"23"
"F118",0.0152071116607627,276,75,201,0.0177561976880898,0.00963589175103272,301,100,0.0460067037265654,301,100,"23"
"F2834T",0.0395899529747185,253,210,43,0.0294123460574775,0.0252181740159229,280,237,0.120398442923479,280,237,"23"
"FBLA",0.0403395921461982,384,214,170,0.0198342417683443,0.0227670872737559,393,223,0.10867116834568,393,223,"23"
"FR19",0.000845984461300795,72,2,70,0.026986805824655,0.000536778208129138,73,3,0.00256281445386146,73,3,"23"
"H105W",0.0195868226145804,257,94,163,0.0202789847792155,0.0124668072560021,295,132,0.0595199249566543,296,133,"23"
"H110",0.00320295448196594,271,16,255,0.0137326737443797,0.0020428204503288,278,23,0.0097529912670586,278,23,"23"
"H113",0.0323401371932477,271,171,100,0.024943107515766,0.0144427837238141,260,160,0.0689195659207108,260,160,"23"
"H121",0.0505566543704692,303,271,32,0.031955266546044,0.0215871354030734,242,210,0.10303461381081,242,210,"23"
"H122w",0.0133678045197443,168,65,103,0.024706419720481,0.00852359985873485,187,84,0.0406940963732483,188,85,"23"
"H5",0.0171051757145044,262,83,179,0.0190957084368869,0.0107033162608092,298,119,0.0511002633454041,298,119,"23"
"H71",0.0345713114917765,245,182,63,0.0274752290634842,0.00980246247325635,167,104,0.0467381137860634,167,104,"23"
"H84",0.0442611104167698,281,240,41,0.0297429320294769,0.0154701572107087,209,168,0.0737845650511702,209,168,"23"
"H91",0.0211265946801885,375,105,270,0.0127345257930701,0.00581776080205712,326,56,0.0277349640775067,326,56,"23"
"H95",0.0477493956639068,586,261,325,0.00684619855673895,0.012480500527152,458,133,0.0594481907187185,457,132,"23"
"H96",0.041654824059678,288,222,66,0.0271521558623637,0.02639309533177,314,248,0.12601366159262,314,248,"23"
"H99",0.0413839804653556,549,221,328,0.0064478232238928,0.0263366543716093,575,247,0.125738337811022,575,247,"23"
"HP301",0.00848676415190245,206,42,164,0.0202509855688405,0.0054089419507061,216,52,0.0258239022888883,217,53,"23"
"HUOBAI",0.00131800285746954,142,4,138,0.0217690695726715,0.000835516094982857,142,4,0.00398914789070323,142,4,"23"
"Hy",0.00293731825748466,180,15,165,0.0201007609356333,0.00182261080456697,184,19,0.00870156765505712,184,19,"23"
"I29",0.0296720000160763,336,149,187,0.0186245908092965,0.0146196043290999,350,163,0.0697724497812507,350,163,"23"
"Ia 453",0.0185549415153351,362,91,271,0.0127019856720171,0.0099002609892323,377,106,0.0472532548361546,377,106,"23"
"IA2132",0.00170004468989665,254,8,246,0.0146261900957667,0.000927304703248469,252,6,0.00442691760982784,252,6,"23"
"IBB15",0.0405153119631217,281,217,64,0.027356787159169,0.0258349463432196,307,243,0.123343356601829,307,243,"23"
"IBC2",0.0548217884766772,554,287,267,0.0128519739629622,0.034943778562492,566,299,0.166831911311368,566,299,"23"
"ICI 193",0.0223773609841834,201,115,86,0.0262200039778274,0.00919286739429475,178,92,0.0438749958086855,178,92,"23"
"ICI 740",0.0327819312425751,496,172,324,0.00705230273118445,0.00846681475880163,405,81,0.0403254612936709,405,81,"23"
"ICI 893",0.0902653008464516,349,339,10,0.0415348405782068,0.0575712296961488,352,342,0.274860993639277,352,342,"23"
"ICI 986",0.00808669466005218,270,39,231,0.015925013692819,0.00255921675173866,257,26,0.0122075541219115,257,26,"23"
"IDS28",0.00584125851254912,259,32,227,0.0163897779738892,0.00301556992325273,258,31,0.0143957357588992,258,31,"23"
"IDS69",0.0303227795796617,302,156,146,0.0209850973251403,0.0195400370426904,344,198,0.09327718600275,344,198,"23"
"IDS91",0.0403954771325579,266,215,51,0.0287087433637528,0.025762891267101,293,242,0.122999217093127,293,242,"23"
"INB 101LFY/LFY (A632 X M16 S5)",0.0149018125782913,252,72,180,0.0190693886897903,0.00964164662348798,281,101,0.0460301497344601,281,101,"23"
"INBRED 141",0.0131018210167081,144,62,82,0.0264553063772421,0.00833828779438314,161,79,0.0398098335366044,161,79,"23"
"INBRED 2-687",0.0593661040078872,334,295,39,0.03050719876878,0.0199550247242084,239,200,0.0951641164441966,239,200,"23"
"INBRED 305",0.0502609935381433,304,270,34,0.0317899496956805,0.0321149158910612,319,285,0.153328309662981,319,285,"23"
"INBRED 321",0.0478731409626953,373,263,110,0.0237022612643846,0.030510501749794,385,275,0.145666262826994,385,275,"23"
"K150",0.0305560132677349,421,158,263,0.0131718765148072,0.00996151550207222,371,108,0.0475010856378156,370,107,"23"
"K41",0.022437452997145,231,116,115,0.023501497007855,0.00635415653958576,176,61,0.0302818479547855,176,61,"23"
"K47",0.04311947416198,477,234,243,0.0148927716677561,0.0273477749484957,498,255,0.130565564522199,498,255,"23"
"KUNG-70",0.013294894781846,232,64,168,0.0198958428803722,0.00847135395365279,250,82,0.040444829939636,250,82,"23"
"L 127",0.0103029821959496,292,51,241,0.0149451298104361,0.00433523257372116,284,43,0.0206853181491383,284,43,"23"
"L 289",0.0875486089204831,633,336,297,0.0107310303137387,0.0555394150568327,636,339,0.265173048859798,636,339,"23"
"LH1",0.00485359006794313,218,26,192,0.0182255754402448,0.00304629825308677,224,32,0.0145437912458714,224,32,"23"
"LH119",0.0321164921978202,290,169,121,0.0230298999928674,0.0204841861689448,326,205,0.0977971691932431,326,205,"23"
"LH128",0.00800165303774101,219,38,181,0.0189550844435714,0.0050798671503306,230,49,0.0242526466776952,230,49,"23"
"LH143 (Maintainer)",0.0197139457770375,307,95,212,0.0169152507703492,0.0125649238361651,348,136,0.0599901690961176,349,137,"23"
"LH146Ht",0.0448168632085614,544,242,302,0.0102433978033185,0.028392546939576,561,259,0.13556028759299,561,259,"23"
"LH149",0.0355043501773181,297,192,105,0.024512529434682,0.0124964034678764,239,134,0.059625335584618,239,134,"23"
"LH165",0.0363547512771686,249,196,53,0.0286343566983727,0.0231849298143728,280,227,0.110691220466854,280,227,"23"
"LH166",0.0404930852785176,312,216,96,0.0252972258521328,0.0256770715280907,336,240,0.122594162384802,336,240,"23"
"LH181",0.007295039908731,209,35,174,0.0194724015635154,0.00188142768388528,195,21,0.0089591935603427,195,21,"23"
"LH184",0.0457532302956374,306,250,56,0.0282059527375721,0.0290530334063314,319,263,0.1387111570368,319,263,"23"
"LH190",0.0338407174927369,271,178,93,0.0256397308348615,0.0143592399832449,252,159,0.0685355945907577,252,159,"23"
"LH192",0.0382093367730524,512,205,307,0.00933563901728822,0.0243697539603252,541,234,0.116347959051175,541,234,"23"
"LH194",0.0509014630544501,515,275,240,0.0150050928219923,0.0324205881618735,528,288,0.154789803994295,528,288,"23"
"LH195",0.0331434157898816,479,174,305,0.00946594702102522,0.00821266261249007,383,78,0.039114627676514,383,78,"23"
"LH197",0.0507298511631262,331,273,58,0.0280665101299444,0.0323324502094893,344,286,0.154363965157053,344,286,"23"
"LH198",0.0110898167936298,246,57,189,0.0184141647510209,0.00707306554668857,260,71,0.0337687742981697,260,71,"23"
"LH202",0.0760160125366971,674,327,347,0.00256306184412953,0.0481559406482912,678,331,0.229920942817198,678,331,"23"
"LH204",0.0111078889838424,62,59,3,0.0454309187245379,0.00646456725353095,65,62,0.0308625826928249,65,62,"23"
"LH205",0.0316055325825609,239,167,72,0.0267494164836715,0.0152489019248302,239,167,0.0727915622214372,239,167,"23"
"LH206",0.0140438461923258,332,68,264,0.0131622148931684,0.00889674487351582,352,88,0.042477589970929,352,88,"23"
"LH208",0.0110898855265946,248,58,190,0.018360079633911,0.00385478217843731,230,40,0.0183850108559259,230,40,"23"
"LH209",0.0360467322754012,474,195,279,0.0123647442526425,0.0229908360899626,504,225,0.10976461178176,504,225,"23"
"LH214",0.0573501579326138,308,290,18,0.0349629622541785,0.0212186661144655,225,207,0.101253305311005,225,207,"23"
"LH215",0.019197302338416,191,93,98,0.0250905701991438,0.0047571094775505,143,45,0.0226571718632552,143,45,"23"
"LH222",0.00198247311711767,195,9,186,0.0186401890417643,0.00125788843153643,198,12,0.00600571051432701,199,13,"23"
"LH223",0.0271005118596242,483,137,346,0.00331642383742501,0.0172683393826118,534,188,0.0824437718350026,534,188,"23"
"LH224",0.150550081097852,359,357,2,0.053164871596611,0.096027411350673,359,357,0.458461262770449,359,357,"23"
"LH295",0.0422549524943089,290,228,62,0.0276464629471693,0.0106889723837592,179,117,0.0509268055947229,178,116,"23"
"LH60",0.0016338578510013,80,6,74,0.0266051571754065,0.00103676687783494,83,9,0.00494997669364311,83,9,"23"
"LH74",0.0465023156790127,305,255,50,0.0287091906143973,0.0296527694229013,317,267,0.141570721493021,317,267,"23"
"LH82",0.0911817850216403,615,342,273,0.012656251089751,0.0594221100296516,618,345,0.283677560685467,618,345,"23"
"LH93",0.0150886267627877,236,74,162,0.0203582114038284,0.00962204977633582,259,97,0.0459383737108979,260,98,"23"
"LIBC 4",0.0264287532949292,435,132,303,0.0101754674379826,0.0168241209932872,485,182,0.0803229282332938,485,182,"23"
"LP1 NR HT",0.0705307325828261,519,315,204,0.0174347298119752,0.0452276273632717,524,320,0.215899266778318,524,320,"23"
"LP5",0.103869980819934,379,349,30,0.0322313953780842,0.0658032842901946,379,349,0.314178021308693,379,349,"23"
"M14",0.0138776559886029,248,66,182,0.0188799074149478,0.00375005910272238,221,39,0.0178668134633591,221,39,"23"
"MBPM",0.0107300147876469,188,53,135,0.021950125177743,0.00344378108247284,171,36,0.0164206499406565,171,36,"23"
"MBWZ",0.0100290585540464,190,50,140,0.0216327099504082,0.00652880349151545,205,65,0.0311665707964556,205,65,"23"
"MM501D",0.056929779287065,304,289,15,0.0360134140835161,0.0146871130489945,179,164,0.0699387190675473,179,164,"23"
"Mo17",0.0587375700926094,329,293,36,0.0314318275251694,0.0374092080922185,339,303,0.178601757323536,339,303,"23"
"Mo1W",0.0422928569459127,542,229,313,0.00851073081913976,0.0269750905665428,566,253,0.128786532076738,566,253,"23"
"Mo46",0.143113298209935,384,355,29,0.0322568929933385,0.0911198097056765,384,355,0.435045736453385,384,355,"23"
"Mo47",0.0477089408202461,601,260,341,0.0041843537888224,0.0304264029328405,615,274,0.145264001948925,615,274,"23"
"Mo5",0.0723462031079874,617,321,296,0.0107942563046107,0.0467261776760796,620,324,0.223077066210793,620,324,"23"
"MQ305",0.0197799835969618,269,96,173,0.0195127320304138,0.0125336477270185,308,135,0.0598420812362393,308,135,"23"
"MS116",0.0483547530373673,340,264,76,0.0265376268756637,0.0307510282009103,352,276,0.146813724911226,352,276,"23"
"MS132",0.076467298725282,345,329,16,0.0359002926108613,0.0481255100085502,346,330,0.229763448065582,346,330,"23"
"MS200",0.00914715528034154,276,46,230,0.0161815117538854,0.00583207613528158,287,57,0.0278439305979761,287,57,"23"
"MS211",0.0371574046709512,324,201,123,0.0229390743751875,0.0243691664346689,356,233,0.116332173638232,356,233,"23"
"MS221",0.0344771901091202,391,181,210,0.0170045671825097,0.0219865128796047,425,215,0.104969790647774,425,215,"23"
"MS224",0.0748199323690642,346,324,22,0.0341251524073157,0.0474725309031302,349,327,0.226654699470749,349,327,"23"
"MS225",0.0468509840778769,594,258,336,0.00574000299263443,0.0296837248529334,604,268,0.1417248477724,604,268,"23"
"MS226",0.0156915372228052,274,78,196,0.0180552579269938,0.0101367684635318,306,110,0.0483942527378867,306,110,"23"
"MS24A",0.177368178999526,363,358,5,0.044311281517994,0.112905137089845,363,358,0.539058879146077,363,358,"23"
"MS67",0.0266138124312347,162,134,28,0.0324099863273772,0.016970655384587,214,186,0.081022715417145,214,186,"23"
"MS71",0.0178329814714882,242,87,155,0.0206209684901483,0.0046811420766752,199,44,0.0223098216344206,199,44,"23"
"MS72",0.00243453182073641,247,11,236,0.0156275273142434,0.00154899061002184,252,16,0.00739542236022082,252,16,"23"
"N192",0.0374378490537609,479,203,276,0.0124396482587063,0.0219461489117497,490,214,0.104755834722541,490,214,"23"
"N193",0.046186950669046,333,252,81,0.0264891013319402,0.0286814265586823,342,261,0.136931833746255,342,261,"23"
"N200",0.00392320273540502,204,21,183,0.0187479470159759,0.00249956448219717,208,25,0.0119336915160027,208,25,"23"
"N201",0.00428582422350702,217,23,194,0.0180849400097545,0.00273197246700277,222,28,0.013043238095451,222,28,"23"
"N209",0.00271032092661417,148,12,136,0.0219374358262945,0.0016265251195,153,17,0.00776531477747717,153,17,"23"
"N217",0.0261996706669705,451,129,322,0.00745506914772874,0.0165987978076675,500,178,0.079247056938143,500,178,"23"
"N218",0.021608768679707,190,110,80,0.0264922773759527,0.0137820284408021,231,151,0.065799221846111,231,151,"23"
"N28Ht",0.0315125951403674,353,165,188,0.0184427993632975,0.0202861195371186,392,204,0.0968501116368237,392,204,"23"
"N501",0.0221787032267943,232,114,118,0.0232190407312607,0.0141430391355879,273,155,0.0675228601357259,273,155,"23"
"N523",0.0208831455465191,209,102,107,0.0243664159120635,0.0132895708156366,252,145,0.0634480183132168,252,145,"23"
"N527",0.0420551563131906,372,227,145,0.0212060121902567,0.026677903443999,395,250,0.127373721488669,395,250,"23"
"N534",0.0407370775457296,528,218,310,0.00902658683186544,0.0259839964031176,554,244,0.124054739408972,554,244,"23"
"N542",0.0353281275123409,260,191,69,0.0269956632039673,0.0225154797820649,289,220,0.107495631315308,289,220,"23"
"NC250",0.0215708821889837,276,109,167,0.0199548256329908,0.00681889916190404,234,67,0.0325121343719598,234,67,"23"
"NC262",0.057871205161278,630,291,339,0.00481064183362413,0.0369086920302358,641,302,0.176212363048743,641,302,"23"
"NC294",0.0508347721413506,287,274,13,0.0369284630336425,0.0126672926069543,153,140,0.0603409746218914,152,139,"23"
"NC310",0.036875414654093,491,199,292,0.0112404304789537,0.0119621813024195,419,127,0.0570643390508064,419,127,"23"
"NC326",0.0188629580808473,149,92,57,0.0281385568327818,0.0119978225336204,185,128,0.0572819161736499,186,129,"23"
"NC328",0.0509541297721559,413,276,137,0.0218222422291045,0.0326307682424858,427,290,0.155789646328128,427,290,"23"
"NC342",0.00291732502627228,183,14,169,0.0198758885016235,0.00175756201092106,187,18,0.00839092029503599,187,18,"23"
"NC412",0.0283948280383236,400,140,260,0.013276016132827,0.00904726462224499,349,89,0.0431566916233992,349,89,"23"
"ND259",0.0458268002555189,329,251,78,0.0265314382212803,0.029245296657752,343,265,0.139628450680121,343,265,"23"
"ND265",0.0967358312061839,695,344,351,-0.00137669945134073,0.0612819811772384,697,346,0.292591282557808,697,346,"23"
"NK740",0.0979259548688537,700,346,354,-0.00362346735110712,0.0624577547994388,701,347,0.298190601318349,701,347,"23"
"NK778",0.0431626813097412,260,235,25,0.0334747689259357,0.0169416212073061,208,183,0.0808521158224344,208,183,"23"
"NK807",0.051218233174566,601,278,323,0.00728259650912806,0.032663691521929,614,291,0.155945605978563,614,291,"23"
"NKS8326",0.0697208296600111,436,312,124,0.0228156407232065,0.0421499645361758,436,312,0.201199459569393,436,312,"23"
"NORTH 7",0.0132135369240895,229,63,166,0.0200978387451927,0.00837100103934374,246,80,0.0399653753811876,246,80,"23"
"NQ508",0.11001798772298,398,351,47,0.0289453052432373,0.0700322200437555,398,351,0.334364692021991,398,351,"23"
"NS501",0.0383527545840452,298,206,92,0.0256796869552944,0.0244566403767282,327,235,0.116762913591479,327,235,"23"
"NS701",0.0701663327739616,657,314,343,0.00378888165230572,0.0447538745924498,661,318,0.213667338929124,661,318,"23"
"NY6371",0.0685407900808998,627,308,319,0.00756602336886347,0.0434575737699418,634,315,0.207488595564401,634,315,"23"
"Ny821",0.0696473858607632,357,311,46,0.029201284449359,0.0441234104667108,363,317,0.210667324024247,363,317,"23"
"OH33",0.00389950866810875,243,20,223,0.0165831171852915,0.000966356066762351,231,8,0.0046025932042492,231,8,"23"
"Oh40B",0.0475413966789894,402,259,143,0.0214114982701688,0.0308782589054786,421,278,0.147413200861955,421,278,"23"
"Oh43",0.0699485796855901,330,313,17,0.0350044856050895,0.0265965841725837,266,249,0.126922602141384,266,249,"23"
"Oh7",0.0166943667868115,208,82,126,0.0227095857390467,0.010605694844779,240,114,0.0506344391626154,240,114,"23"
"OQ403",0.0428363719711432,312,233,79,0.0265190211057597,0.0236362121330717,308,229,0.112817469657426,308,229,"23"
"OQ603",0.00229159586132626,244,10,234,0.0157885056653999,0.00134269423677816,248,14,0.00641019430178626,248,14,"23"
"Os420",0.0348658014161526,341,185,156,0.0205408777939697,0.0221805754109985,373,217,0.105900103141063,373,217,"23"
"OS602",0.066770825683258,477,306,171,0.019766438423515,0.0356684179796595,472,301,0.170243061298925,472,301,"23"
"Pa392",0.0449318777699273,543,243,300,0.0104257700790772,0.0115212231008374,424,124,0.0548674406963799,424,124,"23"
"Pa405",0.0291582938831029,210,145,65,0.0272047508286018,0.0185834655003965,259,194,0.0887225490616112,259,194,"23"
"Pa875",0.00993937038447413,206,49,157,0.020483362439333,0.00402187922417486,198,41,0.0191887978538588,198,41,"23"
"Pa880",0.00513362285955358,220,29,191,0.0182876393125701,0.00327067044311922,225,34,0.0156150739435094,225,34,"23"
"Pa91",0.0483953782767992,569,265,304,0.0101479262207372,0.030865886939441,581,277,0.147362312308744,581,277,"23"
"PH207",0.0148686220823112,230,71,159,0.0204708020970462,0.0096839616307105,261,102,0.0462307724823096,261,102,"23"
"PHB09",0.0247782542692526,235,121,114,0.0235325553277365,0.0150942609951341,280,166,0.0720516166131731,280,166,"23"
"PHB47",0.0313519650813157,479,163,316,0.00815103030853677,0.019993800076747,517,201,0.0954560115406713,517,201,"23"
"PHBA6",0.0319113075531563,467,168,299,0.0105351193629649,0.0202487278508571,502,203,0.0966728362634795,502,203,"23"
"PHBB3",0.0347295607115318,499,184,315,0.00832938431739674,0.0106951979879827,433,118,0.0510118295968183,433,118,"23"
"PHEG9",0.0265584634604233,414,133,281,0.0122599706914257,0.0169652869480996,465,184,0.080998556377329,466,185,"23"
"PHG29",0.0803273913549342,377,333,44,0.0293110517413958,0.0512585048439195,382,338,0.244728173441981,382,338,"23"
"PHG47",0.0741703621543654,348,322,26,0.0329704348143645,0.0477686327724651,354,328,0.228056819747056,354,328,"23"
"PHG71",0.0145709445873304,198,70,128,0.0225249450973761,0.00928911718258582,221,93,0.0443489424734431,221,93,"23"
"PHG80",0.030922109406336,261,160,101,0.024866993741875,0.00797755990434458,177,76,0.0379884273703788,177,76,"23"
"PHG83",0.0209303349296257,322,104,218,0.0167002284178335,0.0135659866873923,366,148,0.0647648088840499,366,148,"23"
"PHG86",0.0533007796222253,575,285,290,0.0114756639284968,0.0337906190164253,587,297,0.161333677346614,587,297,"23"
"PHH93",0.0602324072700818,300,296,4,0.0451966520437103,0.0158404743116444,176,172,0.075494988543798,176,172,"23"
"PHHH9",0.0644031711098225,647,303,344,0.00371526753198732,0.0409921135523361,655,311,0.195707487527118,655,311,"23"
"PHHV4",0.149441748629771,362,356,6,0.0435110968819895,0.0947334944333101,362,356,0.452306169560866,362,356,"23"
"PHJ70",0.0843416099064723,653,335,318,0.0079221520374787,0.0467810308853828,643,325,0.223332871982773,643,325,"23"
"PHJ89",0.0198647742266813,323,97,226,0.0164695098235411,0.0106851321256475,342,116,0.050999780883127,343,117,"23"
"PHJ90",0.0455957906353875,315,248,67,0.027063031033942,0.0288848191444463,329,262,0.137910803374802,329,262,"23"
"PHJR5",0.0328680775775655,314,173,141,0.0215695198998837,0.0134937385137464,288,147,0.0643817671149505,288,147,"23"
"PHK35",0.0973070531822265,702,345,357,-0.00821980767087422,0.0494629304205349,691,334,0.236123765940223,691,334,"23"
"PHK42",0.0144093817101987,318,69,249,0.0142427600632871,0.00916558378121223,340,91,0.0437589786256382,340,91,"23"
"PHK56",0.0627555019648741,614,300,314,0.0085040085998592,0.0397712041977927,622,308,0.189888164324533,622,308,"23"
"PHK74",0.0387677094641244,346,207,139,0.0216741338391182,0.015494935474192,309,170,0.0739261479725385,309,170,"23"
"PHKE6",0.0275083270112818,222,139,83,0.0263463557942862,0.0135816580145132,232,149,0.0648340746257459,232,149,"23"
"PHM10",0.00990638150199772,198,47,151,0.0208806681230637,0.00631755772260323,211,60,0.030161791648525,211,60,"23"
"PHN11",0.0221589364737654,201,113,88,0.0257521078121888,0.0141252947754487,242,154,0.0674382951100176,242,154,"23"
"PHN29",0.0252177635646396,374,122,252,0.013883298850812,0.00961810299946592,348,96,0.0458991757910473,349,97,"23"
"PHN66",0.0407612185865597,549,219,330,0.00636732241652178,0.0229467035950829,554,224,0.109548497824397,554,224,"23"
"PHN82",0.0294379670584133,429,146,283,0.0119839990855704,0.0187685061936574,478,195,0.0896062530515234,478,195,"23"
"PHP02",0.0347005672829595,238,183,55,0.0282101843845722,0.0221274300089474,271,216,0.105642613715058,271,216,"23"
"PHP55",0.0785766684325167,425,331,94,0.025576846083023,0.0504948194334785,430,336,0.24107456947342,430,336,"23"
"PHP76",0.0436830259381209,386,236,150,0.0208814709401537,0.0267731217416276,402,252,0.127800536637889,402,252,"23"
"PHP85",0.00907223801643882,291,44,247,0.0145250150107774,0.00350166465659037,284,37,0.016710865731422,284,37,"23"
"PHPR5",0.0298548900924076,362,151,211,0.0169969439279452,0.0164036353106775,387,176,0.0782955272262594,387,176,"23"
"PHR03",0.0338206122724768,393,177,216,0.0167930583758218,0.0215714409864735,425,209,0.102988014027714,425,209,"23"
"PHR30",0.0710189487979487,626,317,309,0.00918074443787353,0.0387679809603614,614,305,0.18507695500146,614,305,"23"
"PHR31",0.0363635646851592,445,197,248,0.0142536423198035,0.0230398817559468,474,226,0.109998500243811,474,226,"23"
"PHR36",0.026886037173904,374,135,239,0.015095891912438,0.0100528756849138,348,109,0.0479722565574331,348,109,"23"
"PHR47",0.031402110379624,433,164,269,0.0127367618531738,0.0198994446107636,468,199,0.0950096389257607,468,199,"23"
"PHR63",0.0161725107745777,308,80,228,0.0162809505808301,0.0102551032533815,340,112,0.0489625866516799,340,112,"23"
"PHT10",0.00539213479608457,164,30,134,0.0220972142896543,0.00148711834404895,149,15,0.00708610634868077,149,15,"23"
"PHT47",0.00822250302173972,243,41,202,0.0174883260727798,0.00522086850573948,252,50,0.0249258260973715,252,50,"23"
"PHT55",0.0349828510179565,389,186,203,0.0174596834780388,0.022306686149571,421,218,0.10649845525644,421,218,"23"
"PHTM9",0.0423980189247758,570,230,340,0.00437670077306823,0.0125783085804478,477,137,0.0599851552402333,476,136,"23"
"PHV37",0.0756558669123689,335,326,9,0.0415455849326992,0.0480771262867375,338,329,0.229533149973457,338,329,"23"
"PHV57",0.0298552585707011,351,152,199,0.017824793580213,0.01903449687439,395,196,0.0908761708717354,395,196,"23"
"PHV63",0.0298827577474493,412,154,258,0.0135069398466513,0.00963387881024075,357,99,0.045956570100479,357,99,"23"
"PHVA9",0.074207794543396,673,323,350,0.000997974075030773,0.047182784922907,676,326,0.225263361495669,676,326,"23"
"PHVJ4",0.00991505244344806,283,48,235,0.0156500784712607,0.00615021500890924,294,59,0.0293625527015617,294,59,"23"
"PHW03",0.0225991899769632,394,117,277,0.0123777243570668,0.0142973978904929,433,156,0.0682595338340056,433,156,"23"
"PHW17",0.0350156035551403,504,187,317,0.00802401552731613,0.0223334431260068,536,219,0.106626028059504,536,219,"23"
"PHW20",0.0514084071601755,600,280,320,0.00751169974785845,0.0327837004768022,613,293,0.156518384719971,613,293,"23"
"PHW30",0.0622814533292181,347,299,48,0.0288874726854498,0.0311232634283294,329,281,0.148539017759871,329,281,"23"
"PHW43",0.0234514626676181,378,119,259,0.0132998314323505,0.00604940818828695,317,58,0.028806739481477,317,58,"23"
"PHW52",0.00496051692454045,138,27,111,0.0236734212041338,0.00315061811405049,144,33,0.0150423260675323,144,33,"23"
"PHW53",0.0221125651182859,256,112,144,0.0212108671638936,0.0145150626949198,305,161,0.0692917486670622,305,161,"23"
"PHW80",0.00504682045471392,153,28,125,0.0227941248954165,0.00125825759989846,138,13,0.00599205711036283,137,12,"23"
"PHWG5",0.0247683390055037,240,120,120,0.0230462206532155,0.0157335064719298,291,171,0.0751159886221557,291,171,"23"
"PHZ51",0.00883024002203904,159,43,116,0.0233561440371168,0.0056296370594539,170,54,0.0268775137599913,170,54,"23"
"Q381",0.0263476152899559,376,131,245,0.0147972839162885,0.00815246847592228,322,77,0.0388846623612669,322,77,"23"
"R168",0.0290118076351701,433,144,289,0.011599269837843,0.0183790446963863,480,191,0.0877509416445646,480,191,"23"
"R177",0.0252689036728897,212,123,89,0.0257472937151611,0.0161167905497506,263,174,0.076946013115442,263,174,"23"
"R181B",0.0309559787391293,361,161,200,0.0177869407147092,0.0200775998217064,402,202,0.0958513346118503,402,202,"23"
"R226",0.0364598463498944,247,198,49,0.0287444825840755,0.00937976771152827,143,94,0.0446658421092357,143,94,"23"
"R229",0.028623017695045,434,141,293,0.011206584790312,0.0180767581642688,483,190,0.0863031451474679,483,190,"23"
"R71",0.0296551690363585,392,148,244,0.0148023205665237,0.015471898680412,413,169,0.0738446590044598,413,169,"23"
"R78",0.0309735690016453,375,162,213,0.0168974065481832,0.0184528208097253,406,193,0.0880821381204359,406,193,"23"
"SD101",0.046585260666021,405,256,149,0.0208990233243263,0.029844340463155,419,270,0.142486115028055,419,270,"23"
"SD102",0.0215223043955683,388,108,280,0.0123220292330058,0.0137278426686928,430,150,0.0655404957722706,430,150,"23"
"SD107",0.100966635108388,359,348,11,0.0401148780896003,0.0324648695786313,300,289,0.15480011142881,300,289,"23"
"SD40",0.0426465904697007,416,232,184,0.0186943667830299,0.0278568410979212,440,256,0.132985467801319,440,256,"23"
"SD44",0.0506617985673632,533,272,261,0.0132156729301064,0.032817207405068,555,294,0.156671673302805,555,294,"23"
"SG 30A",0.0139493872843934,242,67,175,0.0194467399598381,0.00883354355247896,262,87,0.042173670386584,262,87,"23"
"Tr",0.00427789181821417,284,22,262,0.0132147123252948,0.00272286831303136,289,27,0.01299989336576,289,27,"23"
"TZU-CHIAO-HSI-WU 105",0.0343023261420049,298,179,119,0.0231538713783188,0.0217311866275594,330,211,0.103755815460311,330,211,"23"
"Va26",0.0209032350210081,190,103,87,0.0260448938524109,0.0054165302059193,140,53,0.0257985155363356,139,52,"23"
"Va35",0.0304722591570232,241,157,84,0.026285601444546,0.0193304982832945,281,197,0.0922924186395337,281,197,"23"
"Va52",0.01729808788104,299,84,215,0.0168104221500219,0.0112993480848502,336,121,0.0539418293535102,336,121,"23"
"Va99",0.0532961842994945,622,284,338,0.00511074525142494,0.0208653191545393,544,206,0.0995771403868665,544,206,"23"
"W182E",0.0103190213112552,249,52,197,0.0179984021646157,0.00649885038844785,261,64,0.0310271746190583,261,64,"23"
"W22",0.0358123559092319,247,193,54,0.028263186487796,0.00962674130893999,152,98,0.0458641902722243,150,96,"23"
"W24",0.0652892110737036,452,304,148,0.0209017162408355,0.0312948104384101,431,283,0.149350323726981,431,283,"23"
"W32",0.00436086468856157,233,24,209,0.0170683798738314,0.00277760091092061,238,29,0.0132611473133541,238,29,"23"
"W37A",0.0632062841898754,376,301,75,0.0265963347297877,0.0404002393866185,384,309,0.192885176653042,384,309,"23"
"W552",0.125098585132533,362,354,8,0.0428484339318629,0.0794858107381195,362,354,0.379503056866802,362,354,"23"
"W603S",0.0919059207206072,355,343,12,0.0401142681619748,0.0586146078345976,355,343,0.279842458151988,355,343,"23"
"W604S",0.0419106514806212,276,224,52,0.0286766702857089,0.010649675931771,167,115,0.0507418495666289,167,115,"23"
"W605S",0.0765437829830844,572,330,242,0.0149434578015515,0.0498338256490912,577,335,0.237904734719138,577,335,"23"
"W607S",0.0307994347175743,306,159,147,0.0209162738769027,0.0160537825881469,320,173,0.0766218156412059,320,173,"23"
"W610S",0.0420544986816257,233,226,7,0.0432221507065104,0.0262358143983781,252,245,0.125256103460203,252,245,"23"
"W611S",0.0715080676670198,339,318,21,0.0347996038393671,0.0456098790120885,342,321,0.217754133876904,342,321,"23"
"W612S",0.0512659104568745,564,279,285,0.011886965557661,0.0327696822867201,577,292,0.156454139645233,577,292,"23"
"W614S",0.0295534167338498,458,147,311,0.00885309589852545,0.00909736512460518,401,90,0.043390740550942,401,90,"23"
"W64A",0.0344723094161387,431,180,251,0.0140188174091187,0.0219011150529389,464,213,0.104564580902317,464,213,"23"
"W701BC",0.00814699232138431,261,40,221,0.0166314613478026,0.00525099300789993,272,51,0.0250691836543224,272,51,"23"
"W803G",0.0057170134739688,160,31,129,0.0225091593882255,0.00350454107161599,167,38,0.016731422854012,167,38,"23"
"W809G",0.0621495752011612,654,298,356,-0.00633894153613433,0.0393716437550761,663,307,0.187980212304006,663,307,"23"
"W810G",0.0164632566365132,300,81,219,0.016650207888259,0.00769068600487021,293,74,0.0367015509412239,293,74,"23"
"W811G",0.0486689030801136,306,266,40,0.0303518373819391,0.0310350337126069,319,279,0.14817002179765,319,279,"23"
"W813G",0.0156325896959445,334,77,257,0.0135962433016488,0.00995458835976154,364,107,0.0475259161395389,365,108,"23"
"W8304",0.0159160300797165,212,79,133,0.0220982817686435,0.00703211625703462,203,70,0.0335560310892922,203,70,"23"
"W9",0.108759914072875,374,350,24,0.033708888058966,0.0692300264928498,374,350,0.33053469297061,374,350,"23"
"WIL900",0.0358755358863986,459,194,265,0.0131122662612654,0.0227550944973709,487,222,0.108638886778139,487,222,"23"
"WU-TAN-TZAO",0.00368657572934678,148,18,130,0.0221303042971877,0.000950860942861449,137,7,0.00452791599126763,137,7,"23"
"YE 4",0.0269253762935525,278,136,142,0.0215102543041908,0.0172072196457787,329,187,0.0821534758559063,329,187,"23"
"YING-55",0.0437581134485639,532,237,295,0.0110739944123817,0.0121895690675197,425,130,0.0580864469627947,425,130,"23"
"Yu796 NS",0.0672449912548867,392,307,85,0.0262668536200193,0.0430404308683654,399,314,0.205489163444861,399,314,"23"
"ZS365",0.00168610045075391,119,7,112,0.0236159812648888,0.00107022364628916,122,10,0.00510970346181534,122,10,"23"
"ZS635",0.0177632253887958,203,86,117,0.0233429703020598,0.0113290177605563,239,122,0.0540878790109101,239,122,"23"
"1538",0.0226217568355438,446,127,319,-0.00758401185847397,0.0137217432662475,449,130,0.0500410738677467,450,131,"24"
"29MIBZ2",0.0404544189899028,430,256,174,0.0107755697304994,0.0336531817471,454,280,0.122691977780301,454,280,"24"
"2FACC",0.00673871383380784,285,20,265,0.00263712601326724,0.00504490179554106,292,27,0.0183928133460409,292,27,"24"
"2MA22",0.0783368384060092,619,320,299,-0.00140884441395634,0.0665239874659005,623,324,0.242532638681764,623,324,"24"
"3IJI1",0.0455219847310827,290,280,10,0.0302902898559456,0.0233080429507657,223,213,0.0850164988305477,223,213,"24"
"4226",0.00241055917090794,318,5,313,-0.00541062914580064,0.00114313626575791,315,2,0.00417086334951876,315,2,"24"
"4N506",0.0307683943707213,298,190,108,0.0156682064547484,0.0150555652930687,249,141,0.0549244815754645,249,141,"24"
"6M502",0.0245739486200472,237,140,97,0.0166752544863983,0.0155752664720615,242,145,0.0567922412311581,242,145,"24"
"6M502A",0.0296810825168332,322,180,142,0.0126704338531576,0.0189349125596863,316,174,0.0690421731042679,316,174,"24"
"764",0.0382931184904015,344,238,106,0.0157049051739913,0.0316431901446294,376,270,0.11536618764869,376,270,"24"
"78010",0.0477334870264269,523,286,237,0.00558513161804364,0.039060108480699,537,300,0.142404090092273,537,300,"24"
"793",0.0210291749789344,256,113,143,0.012546148113159,0.0145595444052022,280,137,0.053087737086815,280,137,"24"
"87916W",0.0206011204866635,218,111,107,0.015701154505475,0.0142164936783325,241,134,0.0518375356803121,241,134,"24"
"911",0.0490094327875878,520,289,231,0.0060672217802756,0.0396544279961458,532,301,0.144570705734305,532,301,"24"
"912",0.0122894977097921,292,50,242,0.00517876608583702,0.0101239171173068,322,80,0.0369102645209437,322,80,"24"
"91IFC2",0.00682328627511395,279,21,258,0.00336167960531924,0.00274193208694238,269,11,0.0100048870712733,270,12,"24"
"A",0.0398653377564809,334,250,84,0.017732626192429,0.034033629261496,366,282,0.124079707595939,366,282,"24"
"A208",0.0266113935883025,360,160,200,0.00920156997589928,0.0214969944336979,397,197,0.0783729724359153,397,197,"24"
"A239",0.0284557874042851,268,173,95,0.0171040955348716,0.0209445268693974,285,190,0.0763608939973164,285,190,"24"
"A272",0.0421986814538642,518,270,248,0.00473742253623367,0.0349519464723476,534,286,0.127426891476926,534,286,"24"
"A305",0.0379539551853412,507,236,271,0.00212128342140106,0.031189037022039,538,267,0.113708046812949,538,267,"24"
"A322",0.00518160240017755,264,13,251,0.00461606309477096,0.00361538319324816,268,17,0.0131822716724094,268,17,"24"
"A334",0.0123628085533559,356,51,305,-0.00325288578414235,0.010454136786411,390,85,0.0381135726630583,389,84,"24"
"A340",0.0219900576889058,327,120,207,0.00866576030989967,0.0109884043092403,302,95,0.04008347924257,302,95,"24"
"A385",0.0403209890926059,467,255,212,0.00824516095913766,0.0213208757719093,408,196,0.0777620561885212,408,196,"24"
"A401",0.0346051984689347,264,223,41,0.0212641157612723,0.017063169636527,196,155,0.0622462486159094,196,155,"24"
"A548",0.0170483905307562,275,80,195,0.00958768858218632,0.00942332004858506,268,73,0.0343660440482957,268,73,"24"
"A572",0.0148653347336282,380,64,316,-0.00675621283146637,0.012269825517843,427,111,0.0447329851510086,427,111,"24"
"A619",0.0299384292780028,410,183,227,0.00682056996235734,0.0252006397811029,464,237,0.0918772939522188,464,237,"24"
"A627",0.0327826649840948,210,209,1,0.0431202163555906,0.0179391188967932,167,166,0.0654235771295789,167,166,"24"
"A632",0.0391289786008284,452,244,208,0.00863045811973766,0.032568124225181,483,275,0.118736111844502,483,275,"24"
"A635",0.030465744630689,355,187,168,0.01116867669564,0.0240344649512581,390,222,0.0876269717773167,390,222,"24"
"A641",0.0259029964106146,412,150,262,0.00291366380817738,0.0140668245699644,394,132,0.0513021180693259,394,132,"24"
"A648",0.0319346838793015,356,202,154,0.0118729183738843,0.0249803640583765,388,234,0.0910726373624938,388,234,"24"
"A663",0.0397331718644963,516,248,268,0.00236785500285699,0.0247125193778294,494,226,0.0901110115904418,494,226,"24"
"A672",0.0410309989136615,584,262,322,-0.00836664015175067,0.0306499068617196,587,265,0.111744242506897,587,265,"24"
"A674",0.0272515479023302,433,164,269,0.00226886069871702,0.0188930246978108,442,173,0.0688883665981408,442,173,"24"
"A679",0.0113994966620521,369,45,324,-0.00914931549973697,0.00520329084487246,354,30,0.0189857100969071,354,30,"24"
"A680",0.00238627929814812,76,4,72,0.0191073571257547,0.00164648069568233,77,5,0.0060035587536266,77,5,"24"
"A71",0.0315705306261326,503,196,307,-0.00382105304571001,0.0237516532435135,526,219,0.0865940718671673,526,219,"24"
"A73",0.0358690426562453,463,230,233,0.00602620205922635,0.0224369341130133,439,206,0.0818129534381468,439,206,"24"
"A797NW",0.0434500822183434,424,275,149,0.0121584473888813,0.036768013230045,440,291,0.13404985687128,440,291,"24"
"AQA3",0.00808715141025846,352,26,326,-0.0106595086008186,0.00553351619021417,359,33,0.0201777172147062,359,33,"24"
"AS6103",0.0214673523206598,152,117,35,0.0233339878362665,0.00830414259037019,93,58,0.0303034752774841,93,58,"24"
"AusTRCF 306238",0.0406113805128477,304,257,47,0.0209039004613803,0.0326597814677399,323,276,0.119073289746546,323,276,"24"
"B-28",0.00729559966391647,277,23,254,0.00378707369232108,0.0049841368754967,280,26,0.018174633382532,280,26,"24"
"B103",0.0317336219675106,411,201,210,0.00847870436562603,0.025885556307147,454,244,0.0943727002507896,454,244,"24"
"B104",0.0177156032479248,303,88,215,0.00790818559753238,0.0086245189934675,277,62,0.0314641182123007,277,62,"24"
"B105",0.0198737445141381,234,105,129,0.0137876159976213,0.0169471922128352,283,154,0.061786006440554,283,154,"24"
"B108",0.0297413380749334,270,182,88,0.017443950274392,0.0236250007805745,304,216,0.0861339444016772,304,216,"24"
"B109",0.0316371582776319,255,200,55,0.0201934917151313,0.0119458097543646,161,106,0.0435977439168802,161,106,"24"
"B111",0.0331153325097266,261,215,46,0.020933745026948,0.0253955183193087,286,240,0.0925865944975727,286,240,"24"
"B115",0.00557116808776052,167,16,151,0.011930705154621,0.00433149193953627,173,22,0.0157916349206479,173,22,"24"
"B119",0.0513590389278239,329,293,36,0.0221828259215626,0.0383850551436089,334,298,0.139945208074457,334,298,"24"
"B120",0.0204876926486915,122,109,13,0.0287922060909666,0.0145032666488596,149,136,0.05287952368369,149,136,"24"
"B121",0.0095999995142188,274,33,241,0.00521437440971228,0.00656789439326094,282,41,0.0239495494596783,282,41,"24"
"B14A",0.0238549869058497,249,133,116,0.0149227689511757,0.0201189251672475,297,181,0.0733493041158234,297,181,"24"
"B164",0.0171954270832866,269,82,187,0.0100450412546734,0.0127790818319761,303,116,0.0465904641470983,303,116,"24"
"B2",0.0142529256626445,94,62,32,0.0241235644442656,0.0103371218117259,113,81,0.0376882656865073,113,81,"24"
"B37",0.0487998549865652,485,288,197,0.00945953335707294,0.0378911401566724,492,295,0.138142518037577,492,295,"24"
"B57",0.0372475401858307,459,234,225,0.00705915241920528,0.0271475084232327,475,250,0.0989795851058185,475,250,"24"
"B66",0.0182218160573632,403,95,308,-0.00396460714916336,0.00689171817003605,353,45,0.0251511921242525,353,45,"24"
"B68",0.0203215670256665,323,107,216,0.00781313629788933,0.0169207645268399,369,153,0.0616893350588808,369,153,"24"
"B73",0.0156095314715126,247,70,177,0.0106032962094952,0.0106981085976748,267,90,0.0390097690153677,267,90,"24"
"B75",0.0416780419014945,301,264,37,0.0220544867495103,0.0289630377130943,296,259,0.105605166394743,296,259,"24"
"B76",0.0132766089377414,374,59,315,-0.00647795085203703,0.0112046510312571,412,97,0.0408497705418598,412,97,"24"
"B77",0.0110516439871748,67,43,24,0.026081676406196,0.00416483558098293,44,20,0.0151999972200091,44,20,"24"
"B79",0.0761896458863724,352,319,33,0.0240000731134796,0.0591218567752227,355,322,0.215544930386228,355,322,"24"
"B87",0.0181673163294601,373,92,281,0.000539641546501317,0.0127012045303322,396,115,0.0463094183669344,396,115,"24"
"B88",0.0131932243612036,74,58,16,0.0279508984469267,0.00668704637890194,58,42,0.0243918455851705,58,42,"24"
"B91",0.0254440966779578,454,145,309,-0.00421883843736733,0.0175878267999064,472,163,0.0641299919593798,472,163,"24"
"B97",0.0288675434252888,220,175,45,0.0209692819042243,0.0249691067240693,278,233,0.0910326280049482,278,233,"24"
"BEI 10 = NORTH 10",0.0305181494474376,509,189,320,-0.00787578488208798,0.0219600344694696,519,199,0.0800651697312705,519,199,"24"
"BO9",0.00495153064501584,273,12,261,0.00305994689092598,0.00310643465136442,275,14,0.0113271232543875,275,14,"24"
"CG102",0.0219409448172497,305,119,186,0.010062748850053,0.0189759157474084,361,175,0.0691825880952238,361,175,"24"
"CH701-30",0.0726660845773209,435,318,117,0.01491531062759,0.0557254938846564,435,318,0.203163158999842,435,318,"24"
"CH711-10",0.0477108820491528,304,285,19,0.0271159568079256,0.0325566261761053,293,274,0.118718734998845,293,274,"24"
"CH753-4",0.0227496426120831,295,128,167,0.011180413546586,0.0181515745764635,335,168,0.0661784030607105,335,168,"24"
"CH9",0.0397484429368091,529,249,280,0.000563014415781542,0.027824233106793,534,254,0.101450788464619,534,254,"24"
"CI 40H",0.014110443436369,216,61,155,0.0118363305326553,0.00997180538376407,232,77,0.0363576469072708,232,77,"24"
"CR 22 INBRED",0.0195881319383774,400,102,298,-0.00140806735144565,0.0136661507758947,427,129,0.0498290070202845,427,129,"24"
"DE2",0.0346413069748622,383,224,159,0.0115447341335417,0.0253734650402356,398,239,0.0925085834579277,398,239,"24"
"DE3",0.0155934588455971,84,69,15,0.0282050831925307,0.0118346929428586,118,103,0.0431485011650079,118,103,"24"
"DE4",0.0539907490612878,310,298,12,0.0289574973481714,0.0355901803004786,301,289,0.129768839034417,301,289,"24"
"DE811",0.0421203650661559,407,269,138,0.0134694459254501,0.0237287549751794,356,218,0.0865403845829087,356,218,"24"
"DJ7",0.021353252686654,182,116,66,0.0194261446076661,0.0106731781707561,155,89,0.0389335590353742,155,89,"24"
"DK3IIH6",0.0514709337402056,567,294,273,0.0018415205288502,0.0382941726215642,569,296,0.139614254473197,569,296,"24"
"DK4676A",0.0216967570701612,214,118,96,0.0167150073175187,0.0129880089690848,214,118,0.0473657384162234,214,118,"24"
"DK78002A",0.0369372086456048,263,233,30,0.0249342974436476,0.0262852303986602,275,245,0.0958361781217502,275,245,"24"
"DK78010",0.0915430622681832,637,325,312,-0.00484011869125268,0.0693779274439064,637,325,0.252938060492952,637,325,"24"
"DKFAPW",0.00322646021579891,206,7,199,0.00929653644113196,0.00274194504481152,211,12,0.0099965638294898,210,11,"24"
"DKFBHJ",0.00278074294145293,258,6,252,0.00435474503846837,0.00137315904804645,256,4,0.00500923698594816,255,3,"24"
"DKMBNA",0.0136625890102963,263,60,203,0.00901838172297972,0.00984963909993021,279,76,0.0359118765160082,279,76,"24"
"DKPB80",0.00442548089162462,270,10,260,0.00321389180563831,0.00184737461245631,268,8,0.00674148437137288,268,8,"24"
"E8501",0.0101775650934146,92,36,56,0.0200504446612866,0.00851825963111303,116,60,0.0310557055628608,115,59,"24"
"F118",0.0280979913840453,349,171,178,0.0105578583460777,0.0160543783189231,325,147,0.0585459487011457,325,147,"24"
"F2834T",0.0316064832953636,289,198,91,0.0173316621756856,0.0243930382995105,314,223,0.0889316137854066,314,223,"24"
"FBLA",0.0172050004446157,368,83,285,6.91903104142637e-05,0.00864865904442006,349,64,0.0315479111922548,349,64,"24"
"FR19",0.0522770943157324,300,295,5,0.033595042268007,0.0349743657000363,292,287,0.12752216360123,292,287,"24"
"H105W",0.0258828278253968,381,149,232,0.00604736523625905,0.0190449056300323,408,176,0.069435150780246,408,176,"24"
"H113",0.00811859206944473,185,27,158,0.0115676442003194,0.00338752622650308,174,16,0.0123595639228745,174,16,"24"
"H121",0.0316324054790538,292,199,93,0.0172090181527583,0.0254051615151919,334,241,0.0926212097873293,334,241,"24"
"H122w",0.0223551283411668,150,125,25,0.0256987001222964,0.0137226457161481,156,131,0.050038488954347,155,130,"24"
"H5",0.0650521225916254,382,315,67,0.0194122824269723,0.037670648228188,361,294,0.13737208517945,361,294,"24"
"H71",0.00354767819612233,52,8,44,0.0209779160540193,0.00137302661860447,47,3,0.00501044118881733,48,4,"24"
"H91",0.0155880589911759,214,68,146,0.0123881573167704,0.0120314515347186,253,107,0.0438656196194008,253,107,"24"
"H95",0.0166574930528283,371,78,293,-0.000743450055664982,0.0120639622771115,401,108,0.0439852275911123,401,108,"24"
"H96",0.0256871753529055,196,147,49,0.0207263983454414,0.0185881145083686,220,171,0.0677708539864856,220,171,"24"
"H99",0.0262153198917344,445,157,288,-0.000124099230269051,0.0223050998038257,492,204,0.0813197988948812,492,204,"24"
"HP301",0.0234691875067517,305,132,173,0.0108439564724036,0.00884781634298292,239,66,0.0322905456878774,239,66,"24"
"HUOBAI",0.0324834173987554,285,205,80,0.018093034273988,0.0170773509922447,236,156,0.0622857728011823,236,156,"24"
"Hy",0.00548426324257578,203,15,188,0.0100274736078829,0.00243674071669669,198,10,0.00889146427546181,198,10,"24"
"I29",0.0311639906446127,396,192,204,0.00900284525697433,0.0173384868385083,361,157,0.0632312970139051,361,157,"24"
"Ia 453",0.0276748976735538,456,167,289,-0.000420022615995998,0.020886598172676,478,189,0.0761485031663089,478,189,"24"
"IA2132",0.0419185611122133,578,267,311,-0.0047602313847004,0.0295448468103164,573,262,0.107721975382657,573,262,"24"
"IBB15",0.0299639424310373,227,184,43,0.021044998469957,0.0157273544071608,189,146,0.0573627313092231,189,146,"24"
"IBC2",0.0424043417293133,506,271,235,0.00583266868964833,0.0233208012160693,449,214,0.0850544522351706,449,214,"24"
"ICI 740",0.0156920195046407,330,71,259,0.00335820389461964,0.00747544054398625,307,48,0.0272748479490464,307,48,"24"
"ICI 893",0.0602653167057267,315,307,8,0.0314036672024904,0.0454690527386135,316,308,0.165771408575815,316,308,"24"
"ICI 986",0.0223455745593842,273,123,150,0.0121377854806968,0.0119362005935188,255,105,0.0435330819024159,255,105,"24"
"IDS28",0.0339224566530836,437,219,218,0.0077300405303607,0.0177102987521186,382,164,0.064595362422413,383,165,"24"
"IDS69",0.0258203243651691,259,148,111,0.0153734282615523,0.0203445479702685,293,182,0.0741714595776878,293,182,"24"
"IDS91",0.0274923871296633,235,166,69,0.0192420414377116,0.022977064157948,278,209,0.0837693109842258,278,209,"24"
"INB 101LFY/LFY (A632 X M16 S5)",0.0313487894488102,432,194,238,0.00547523100708565,0.0153522300865608,382,144,0.0560065206023669,382,144,"24"
"INBRED 141",0.0262109624338447,226,156,70,0.0192029450825599,0.0107955145438254,161,91,0.0393890380821478,161,91,"24"
"INBRED 2-687",0.0161544639082753,208,76,132,0.0136834422278567,0.00619446462999871,171,39,0.0226054352484441,171,39,"24"
"INBRED 305",0.0506419948375897,395,291,104,0.015779023562034,0.0207151135657705,291,187,0.0755832690894466,292,188,"24"
"INBRED 321",0.0471539303589293,331,283,48,0.020768891089054,0.0323613264928223,320,272,0.11800199497294,320,272,"24"
"K150",0.0209057575829542,340,112,228,0.00676767864008634,0.0129568670094196,345,117,0.0472456994984094,345,117,"24"
"K41",0.0181804056427394,239,94,145,0.0125105070766043,0.00889160713597275,212,67,0.0324377147035121,212,67,"24"
"K47",0.0588563217389992,451,304,147,0.0122739543925393,0.0389568045942807,446,299,0.142043808287314,446,299,"24"
"KUNG-70",0.00738358893853298,186,24,162,0.011470924877212,0.00523777903852261,193,31,0.019097091141526,193,31,"24"
"L 127",0.0171131493857023,355,81,274,0.00176169344214794,0.0114147387631935,374,100,0.0416200569702062,374,100,"24"
"L 289",0.054175766961802,574,299,275,0.00158777561432529,0.0426297215769482,581,306,0.155418006139327,581,306,"24"
"LH1",0.024537862750038,225,139,86,0.0175569206436683,0.0109390111100334,179,93,0.0399067687461946,179,93,"24"
"LH119",0.0179964726498544,178,91,87,0.0174947882502787,0.0130466443002918,207,120,0.0475669761981434,207,120,"24"
"LH128",0.0259884575483416,273,153,120,0.0147260120714093,0.0162279029729439,269,149,0.0591727367242196,269,149,"24"
"LH143 (Maintainer)",0.0326271933643304,387,208,179,0.0105185381715044,0.012569317837934,293,114,0.0458685050819025,293,114,"24"
"LH146Ht",0.0251910387247949,421,143,278,0.000684853333885689,0.0209846837222509,469,191,0.0765054845095452,469,191,"24"
"LH149",0.0334098451479739,450,216,234,0.00595944906347797,0.0249412623469695,466,232,0.0909315489418038,466,232,"24"
"LH165",0.0259476352625775,213,152,61,0.0196394671935891,0.0223927225718377,266,205,0.0816395659169051,266,205,"24"
"LH166",0.0398892002256633,442,251,191,0.00983831465264031,0.031480046871211,459,268,0.114768865821296,459,268,"24"
"LH184",0.0328863576934122,295,210,85,0.0176169066508006,0.0240158185182566,306,221,0.0875590115855844,306,221,"24"
"LH190",0.0417716345574769,394,266,128,0.0137963346607313,0.0256644434713956,370,242,0.0935831803305009,370,242,"24"
"LH192",0.0228587844406786,382,129,253,0.00392462659550068,0.0153278678069025,396,143,0.0558945999776061,396,143,"24"
"LH194",0.0324286764396656,487,204,283,0.000155244962847362,0.0142977015256287,418,135,0.0521606174824121,418,135,"24"
"LH195",0.0109179838697451,264,42,222,0.00717812652599532,0.00801143302424935,277,55,0.0292095320369799,277,55,"24"
"LH197",0.0430749606943652,378,273,105,0.0157526072528923,0.0357030614779543,395,290,0.130165301629607,395,290,"24"
"LH198",0.0297161669723473,402,181,221,0.00725889374061029,0.0199454506504883,401,180,0.0727241663386016,401,180,"24"
"LH202",0.0444143486498538,591,277,314,-0.00609505480366331,0.0374179860290016,607,293,0.136417952814927,607,293,"24"
"LH204",0.0103966235084049,41,38,3,0.0398182540528494,0.00792786404559921,57,54,0.0289033398255029,57,54,"24"
"LH205",0.0277769712540029,260,170,90,0.0173649044283886,0.0181260431797893,257,167,0.0660916256250537,257,167,"24"
"LH206",0.0225087200179741,421,126,295,-0.00113794722047966,0.0121549917065493,404,109,0.0443300814002682,404,109,"24"
"LH208",0.0122873623773223,143,49,94,0.0171857079883227,0.0054267009873202,126,32,0.0197975360017593,126,32,"24"
"LH209",0.0295199739928511,384,178,206,0.00866972959614336,0.0247928176770281,435,229,0.0903892365954428,435,229,"24"
"LH214",0.0130481234178694,78,56,22,0.0267122452862497,0.0105912639452876,110,88,0.0386132619977854,110,88,"24"
"LH215",0.0119773225522159,149,48,101,0.01634145008733,0.00576540183068798,135,34,0.0210351545382405,135,34,"24"
"LH222",0.0389759240954243,297,243,54,0.0202337773563437,0.0228976507905268,261,207,0.0834984392889559,261,207,"24"
"LH223",0.0104836708140025,363,40,323,-0.00881969896935323,0.0039518103812212,342,19,0.0144223451850786,342,19,"24"
"LH224",0.1228458416744,347,326,21,0.0270125852253157,0.0943740366343392,347,326,0.344067250283453,347,326,"24"
"LH295",0.0411493640365239,434,263,171,0.0110161593695241,0.0250303636360532,406,235,0.091271988508672,406,235,"24"
"LH60",0.0157992961743919,203,73,130,0.013762290578186,0.00670542521461469,173,43,0.0244642791990355,173,43,"24"
"LH74",0.0244699549586787,171,137,34,0.0235078116100627,0.0167547063081812,185,151,0.0610950079831255,185,151,"24"
"LH82",0.0375657027394956,553,235,318,-0.00736137551664873,0.0258210157642352,561,243,0.094152721292249,561,243,"24"
"LH93",0.0353783697054491,283,226,57,0.0198207061904667,0.0247724295493642,285,228,0.0903218152972357,285,228,"24"
"LIBC 4",0.0111363878615291,320,44,276,0.00148890040117429,0.00787285259842232,328,52,0.0287048271116592,328,52,"24"
"LP1 NR HT",0.0242678118887593,431,135,296,-0.00126597075556871,0.0184029112813468,466,170,0.0670933206853855,466,170,"24"
"LP5",0.0641773737923979,331,313,18,0.027236002329919,0.0493319831979644,333,315,0.179853671672812,333,315,"24"
"M14",0.028379758487991,456,172,284,0.000118811842118414,0.0207296992087172,472,188,0.0755802353186478,471,187,"24"
"MBPM",0.0102959740780906,257,37,220,0.00758697424153737,0.00783003845685732,271,51,0.0285467163126887,271,51,"24"
"MBWZ",0.00852424471515845,163,28,135,0.0136122647711773,0.00611684514298163,173,38,0.0223017892004785,173,38,"24"
"Mo17",0.050957478578593,370,292,78,0.0181203744709733,0.0423018028216919,383,305,0.154225692428133,383,305,"24"
"Mo1W",0.0393379683326348,459,245,214,0.00815253690187735,0.0273535270525333,465,251,0.0997363730981469,465,251,"24"
"Mo47",0.0194411097539639,422,101,321,-0.00788956300046233,0.0135655850846413,448,127,0.0494623080496547,448,127,"24"
"Mo5",0.0431221229047954,540,274,266,0.00251726455485435,0.0302697717634248,530,264,0.110366805163978,530,264,"24"
"MQ305",0.0564434203042064,366,302,64,0.0194449137447827,0.0346411609843232,349,285,0.126316142728594,349,285,"24"
"MS116",0.0491922461502081,486,290,196,0.00947512716134164,0.0413648399408787,500,304,0.150807274234518,500,304,"24"
"MS132",0.0617579378754777,380,309,71,0.0191892128980819,0.0488230228763403,385,314,0.177997263942945,385,314,"24"
"MS200",0.0300072620222742,485,185,300,-0.00158791475544594,0.0252297867575646,538,238,0.0919835793389745,538,238,"24"
"MS211",0.0172394771563229,278,84,194,0.00962518591422964,0.0119200978962898,298,104,0.0434638641312975,298,104,"24"
"MS221",0.0439513252483453,379,276,103,0.0158077868315144,0.0332565491985267,381,278,0.121251290913102,381,278,"24"
"MS224",0.0535035355060767,336,297,39,0.021561206444619,0.0405912642372219,342,303,0.147987574902675,342,303,"24"
"MS225",0.0200603967275728,431,106,325,-0.0102064547966527,0.0099795827836481,403,78,0.0364040995102588,403,78,"24"
"MS226",0.0329088069590396,435,212,223,0.00711566280321262,0.0192204450253406,400,177,0.0700896741007107,400,177,"24"
"MS67",0.0186940166631951,102,96,6,0.0328250662544723,0.00934789141723595,76,70,0.0340991348158881,76,70,"24"
"MS71",0.00601745671679235,172,19,153,0.0119142295000883,0.00476400561354418,177,24,0.017369014318493,177,24,"24"
"MS72",0.00766285687210489,271,25,246,0.00494560284924198,0.00602165330428689,282,36,0.0219535443566235,282,36,"24"
"N192",0.0129458890277203,182,55,127,0.013963891471279,0.0104202514984161,210,83,0.0379908649510918,210,83,"24"
"N200",0.00544151618130647,171,14,157,0.011611554899455,0.0029208451282217,170,13,0.0106530144130697,170,13,"24"
"N201",0.00218267938191287,169,3,166,0.0111916130444894,0.00178663765963517,173,7,0.00651381902502038,173,7,"24"
"N209",0.00941436664451146,131,32,99,0.0164801706247207,0.00766102983504894,148,49,0.0279303218019174,148,49,"24"
"N217",0.0407715730958913,470,261,209,0.00854432337694937,0.0203621333034872,392,183,0.0742714829669997,392,183,"24"
"N218",0.00878763552377522,87,29,58,0.0197662857720266,0.00737637042346619,105,47,0.0268926438269642,105,47,"24"
"N28Ht",0.0263132724339147,294,158,136,0.0135659293194764,0.0220861235457705,337,201,0.0805212065807572,337,201,"24"
"N501",0.0159239500618625,186,74,112,0.0153420383384447,0.012248177838128,222,110,0.044654182285231,222,110,"24"
"N523",0.0244234008823722,297,136,161,0.0115267495051027,0.0206088851997334,346,185,0.0751356023410758,346,185,"24"
"N527",0.0386936043893093,454,241,213,0.00820223308970162,0.029727022372534,476,263,0.108378268816204,476,263,"24"
"N534",0.0329774256076571,443,213,230,0.006317013006784,0.0247397781874475,457,227,0.0901967221408722,457,227,"24"
"N542",0.0295281114036613,300,179,121,0.0143204587088073,0.0234799073095058,336,215,0.0856021954159652,336,215,"24"
"NC250",0.0330510300875035,221,214,7,0.0321679316823403,0.0281851245144864,263,256,0.102757216669111,263,256,"24"
"NC262",0.0387457204855573,524,242,282,0.000161197733584307,0.0265180554712219,529,247,0.0966967277043043,529,247,"24"
"NC294",0.0175886120385172,160,87,73,0.0190616598521767,0.012455257730524,185,112,0.045412367631162,185,112,"24"
"NC310",0.039384186521034,344,246,98,0.016552882388142,0.0292021916318775,359,261,0.106470178004303,359,261,"24"
"NC326",0.0420057236718114,393,268,125,0.0140598459428634,0.0182102650097465,294,169,0.0664499233811497,294,169,"24"
"NC328",0.024855408923017,216,141,75,0.0188421103767093,0.0204648412573432,259,184,0.0746101174980259,259,184,"24"
"NC342",0.0187882147436212,354,98,256,0.00343860620731362,0.013329310687563,379,123,0.048599165687608,379,123,"24"
"NC412",0.025467423352032,348,146,202,0.00902903485298572,0.0152759114262586,344,142,0.0557036962637248,344,142,"24"
"ND259",0.0211581770238398,143,115,28,0.0251300885366446,0.0103695239787986,110,82,0.0378240324100642,110,82,"24"
"ND265",0.0622811045685342,627,310,317,-0.00730488877034967,0.0463466829487644,627,310,0.16897235970742,627,310,"24"
"NK740",0.0794415862948348,608,321,287,-0.000105533442786968,0.0574447310851438,606,319,0.209439304878791,606,319,"24"
"NK778",0.0548516901563376,315,301,14,0.028730242459331,0.0238757576181479,234,220,0.087123038393438,234,220,"24"
"NK807",0.035781098991081,493,229,264,0.00279251825297637,0.026685334338947,513,249,0.0972901925825848,513,249,"24"
"NKS8326",0.0271766345163296,406,163,243,0.00515634115793064,0.0197127012186527,422,179,0.071870819687223,422,179,"24"
"NORTH 7",0.0234530790203448,371,131,240,0.00523108254539638,0.0175738698828189,402,162,0.0640711673257481,402,162,"24"
"NS501",0.0407673588502699,457,259,198,0.00936604799977702,0.0316292014358229,467,269,0.115312925481956,467,269,"24"
"NS701",0.0624458650830948,550,311,239,0.00527921271429302,0.0467449504458895,550,311,0.170423772909934,550,311,"24"
"NY6371",0.0417181011146445,556,265,291,-0.000548937996367052,0.0286699230710456,549,258,0.104540958645301,549,258,"24"
"Ny821",0.0534901944428532,398,296,102,0.0159566708084793,0.0400877990484172,404,302,0.146152888901813,404,302,"24"
"OH33",0.018737723706342,354,97,257,0.00343440364348202,0.0133546658273619,381,124,0.0486915011754347,381,124,"24"
"Oh40B",0.0451138892275015,404,278,126,0.0140038075835876,0.0345442684335651,410,284,0.125945712279736,410,284,"24"
"Oh43",0.0360337174442804,297,232,65,0.0194355565267286,0.0244413356759246,290,225,0.0891271709445537,290,225,"24"
"Oh7",0.0325108403228,329,206,123,0.0141554559388329,0.0173719705997545,283,160,0.0633580918332858,282,159,"24"
"OQ403",0.0346486218345618,252,225,27,0.0251741570359,0.0131983846497568,148,121,0.0481692256848393,148,121,"24"
"OQ603",0.00988441819394454,199,34,165,0.0112932546359576,0.00587852765248503,200,35,0.0214362911597639,200,35,"24"
"Os420",0.0399796694629955,497,252,245,0.00500253708727997,0.0324044674896626,518,273,0.118139069572363,518,273,"24"
"Pa392",0.0487062093963411,450,287,163,0.0113891781412003,0.02491219300676,393,230,0.0908679340089882,393,230,"24"
"Pa405",0.0312109506944517,353,193,160,0.01154135555814,0.0230851596167799,371,211,0.0841650328184221,371,211,"24"
"Pa875",0.0104337842362447,211,39,172,0.0109500593010697,0.00418662774835164,193,21,0.0152787633619564,193,21,"24"
"Pa880",0.00560567312769063,198,17,181,0.0104303140881417,0.00450945986125269,204,23,0.0164404246498951,204,23,"24"
"Pa91",0.047412662502271,440,284,156,0.0118336454512053,0.0350357509376116,444,288,0.127735186681384,444,288,"24"
"PH207",0.00561366571698756,132,18,114,0.0152530068969436,0.00389866265526061,132,18,0.0142153500373339,132,18,"24"
"PHB09",0.042731480522245,295,272,23,0.0265230037142863,0.0213100251465403,218,195,0.0777352331313104,218,195,"24"
"PHB47",0.0355295283162881,530,227,303,-0.00217164751778795,0.0136012017012577,431,128,0.0496392015848991,431,128,"24"
"PHBA6",0.0154081095399718,377,67,310,-0.00437727475833989,0.00792255157888281,363,53,0.0288973111425354,363,53,"24"
"PHBB3",0.0219987784770109,303,121,182,0.0103518708196224,0.0161702118327679,330,148,0.0589544561946392,330,148,"24"
"PHG29",0.0315797345823255,239,197,42,0.0211157734475839,0.0135119911663111,168,126,0.0492968155005751,168,126,"24"
"PHG71",0.0277203690778192,282,169,113,0.0153267019084007,0.0104488877788683,197,84,0.0381343540602354,198,85,"24"
"PHG83",0.00417166390634481,92,9,83,0.0178742347806647,0.00210432695717621,92,9,0.00767591387144558,92,9,"24"
"PHG86",0.0400215425661774,477,253,224,0.0070710644387424,0.0330317207888082,501,277,0.120426118568701,501,277,"24"
"PHH93",0.0463849639765284,310,281,29,0.0250205359964073,0.0276918529635852,282,253,0.100979030939946,282,253,"24"
"PHHH9",0.0407694081549148,557,260,297,-0.00134389493134735,0.0345088597023341,580,283,0.125812035709869,580,283,"24"
"PHHV4",0.0837357148873675,326,324,2,0.0415331611626536,0.0583362527596281,322,320,0.212704321708956,322,320,"24"
"PHJ70",0.0800249584551662,412,323,89,0.0173650568137427,0.063375879554597,412,323,0.231053531207,412,323,"24"
"PHJ89",0.00995359452347519,337,35,302,-0.00179704103415831,0.00860011016336704,363,61,0.0313544095600216,363,61,"24"
"PHJ90",0.0303101263428752,265,186,79,0.0180931873074394,0.022124302869892,281,202,0.0806627908115577,281,202,"24"
"PHJR5",0.00683275138639542,269,22,247,0.00476305274413827,0.00485982396450093,272,25,0.0177189754883091,272,25,"24"
"PHK42",0.0177175873785846,273,89,184,0.0101878286017417,0.00938548601734308,255,71,0.0342315586950806,255,71,"24"
"PHK74",0.00122919819239776,237,1,236,0.00583087015259901,0.000585195774361451,237,1,0.00213465090954901,237,1,"24"
"PHKE6",0.019343321019889,176,100,76,0.0187333243830577,0.0086448592107717,139,63,0.031537310440946,139,63,"24"
"PHM10",0.0166168466035248,225,77,148,0.0122057011992984,0.0100921712046228,227,79,0.0368006643244859,227,79,"24"
"PHN11",0.0221118281660816,175,122,53,0.020256371327458,0.00851569215882075,112,59,0.0310758660937626,113,60,"24"
"PHN29",0.0304798331148511,265,188,77,0.0183262352513277,0.0222617401823845,280,203,0.0811638249024712,280,203,"24"
"PHN66",0.0203849622915254,398,108,290,-0.000441113912955722,0.0173675473746777,448,158,0.063318521159319,448,158,"24"
"PHN82",0.0245250608523121,382,138,244,0.00512207040178603,0.0133711062966465,369,125,0.0487668360091939,369,125,"24"
"PHP02",0.0228845470080603,182,130,52,0.0203534806973273,0.00868602238213011,117,65,0.0317008093283708,117,65,"24"
"PHP55",0.0386501266267197,256,239,17,0.027476989122463,0.0229647264123703,225,208,0.0837501425406672,225,208,"24"
"PHP76",0.0294477304708498,369,177,192,0.00973939382719002,0.0215884065325503,390,198,0.0787109491242145,390,198,"24"
"PHPR5",0.0128980657029234,194,54,140,0.0130327946460727,0.0105259215682449,227,87,0.0383759941997058,227,87,"24"
"PHR03",0.0360059019910077,340,231,109,0.0154030037414496,0.0276524026222981,361,252,0.100814665847154,361,252,"24"
"PHR30",0.0576432793585682,437,303,134,0.013641541406904,0.0426348375066057,441,307,0.15544023162642,441,307,"24"
"PHR31",0.0338317944348094,388,218,170,0.0111301339222097,0.0230571529073041,380,210,0.0840794146989087,380,210,"24"
"PHR36",0.0407606418837934,380,258,122,0.0142349947622354,0.0251172337443102,358,236,0.0915875619610958,358,236,"24"
"PHR47",0.0546702772571686,431,300,131,0.0136912639735287,0.0369772410717817,423,292,0.134824019603725,423,292,"24"
"PHR63",0.0261730560253449,348,155,193,0.00970518264186465,0.010481890593617,279,86,0.0382471034203683,279,86,"24"
"PHT10",0.0313981844307648,235,195,40,0.0213665586707647,0.0173942885789908,201,161,0.0634352455752873,201,161,"24"
"PHT47",0.0130784100171505,196,57,139,0.0132361513441737,0.0109721040525815,233,94,0.0400024720225781,233,94,"24"
"PHT55",0.0355495922694323,328,228,100,0.016358224857988,0.0279214135450899,355,255,0.101794971423457,355,255,"24"
"PHTM9",0.0240698474175764,438,134,304,-0.00238776174832501,0.0093931633066633,376,72,0.0342808022674891,376,72,"24"
"PHV37",0.0601737026715286,337,306,31,0.0246570208936237,0.0498067034301645,347,316,0.181583956415442,347,316,"24"
"PHV57",0.0210716324683964,294,114,180,0.010470056418294,0.016766109922369,332,152,0.0611252748014657,332,152,"24"
"PHV63",0.0128509497939949,242,53,189,0.00997852537854634,0.00913428434967286,258,69,0.033303745441322,258,69,"24"
"PHVA9",0.0591314998106682,597,305,292,-0.00064916338873569,0.0457593001714145,601,309,0.166828165781352,601,309,"24"
"PHVJ4",0.0386876031286585,469,240,229,0.00639840152935771,0.0188656897547108,401,172,0.0688254972121909,401,172,"24"
"PHW03",0.0269741577368549,299,162,137,0.0135100034355724,0.0220703277345701,337,200,0.080463291645409,337,200,"24"
"PHW17",0.0266006279126841,422,159,263,0.00290581955202494,0.0211205222075246,456,193,0.077000439390556,456,193,"24"
"PHW20",0.0326074763454769,479,207,272,0.00190864846400829,0.0237142008239372,489,217,0.0864597018466107,489,217,"24"
"PHW30",0.0464157742064985,333,282,51,0.0203810797731856,0.0339869129610192,332,281,0.123915748083581,332,281,"24"
"PHW52",0.0345775367345169,391,222,169,0.0111532330338533,0.0173719451822778,328,159,0.0633681587009596,329,160,"24"
"PHW53",0.0173794109516335,195,85,110,0.0153951295106017,0.0149325803047491,249,139,0.0544412521189858,249,139,"24"
"PHW80",0.028925440593593,258,176,82,0.0180038759108924,0.0149640137131968,222,140,0.0545799892793393,222,140,"24"
"PHWG5",0.0252913153827327,319,144,175,0.0107187133194373,0.0210737299415382,367,192,0.0768314312314051,367,192,"24"
"PHZ51",0.0115766732110403,165,46,119,0.0147380327169093,0.00512295723898436,147,28,0.0186893646361991,147,28,"24"
"R168",0.0308427137112848,458,191,267,0.00246593256920662,0.0117828880257347,369,102,0.0429997660073998,369,102,"24"
"R177",0.0260627499361967,318,154,164,0.0113231466144456,0.0206545182301748,350,186,0.0753015061029075,350,186,"24"
"R181B",0.02866261321623,393,174,219,0.00766820827188604,0.0211329266503666,413,194,0.0770476690419578,413,194,"24"
"R226",0.00198294445326492,61,2,59,0.0197496609795073,0.00168876573639893,65,6,0.00615689343676135,65,6,"24"
"R229",0.0451313153361264,496,279,217,0.00774052851273573,0.0310077850291214,483,266,0.113057502915597,483,266,"24"
"R71",0.0152836330529885,267,66,201,0.00917895598925464,0.0124787352118786,314,113,0.0454945619132309,314,113,"24"
"R78",0.011932736141673,180,47,133,0.0136754638916973,0.00895780388262196,201,68,0.0326585090452153,201,68,"24"
"SD101",0.0396322360861678,423,247,176,0.01063934138878,0.0317887368018082,447,271,0.115894213036706,447,271,"24"
"SD102",0.0167971039363903,328,79,249,0.00469278499613604,0.00717619461193316,295,46,0.0261815241986089,295,46,"24"
"SD107",0.0181798418900093,208,93,115,0.0151144891867704,0.0081378888676584,171,56,0.0296941895146171,171,56,"24"
"SD40",0.0150614694717359,133,65,68,0.0193810345335561,0.011341260512736,167,99,0.041348090229547,167,99,"24"
"SG 30A",0.034385112149878,475,220,255,0.00350026185959394,0.0249292899789635,486,231,0.0908921917455466,486,231,"24"
"Tr",0.0223462296557394,401,124,277,0.000772873986836641,0.0130280219606999,396,119,0.047508363550499,396,119,"24"
"TZU-CHIAO-HSI-WU 105",0.0337771499226997,407,217,190,0.00986630299666103,0.0283003061497988,447,257,0.103176728373335,447,257,"24"
"Va26",0.0188482089901298,191,99,92,0.0172135932309791,0.00967461542528827,167,75,0.0352880874344652,167,75,"24"
"Va35",0.0205785992008458,160,110,50,0.02059893748442,0.0113008209509339,148,98,0.0412158434463034,148,98,"24"
"Va99",0.0274171088456228,415,165,250,0.00468206931567334,0.0192541772521424,428,178,0.0702027045037472,428,178,"24"
"W182E",0.0259377457021239,430,151,279,0.000592485118179998,0.0177114607856333,444,165,0.064585007708793,443,164,"24"
"W22",0.0124446433062713,176,52,124,0.0141130847518946,0.00683235729177267,168,44,0.024917313383579,168,44,"24"
"W24",0.0196698231411929,373,103,270,0.00220789395842266,0.0076872182623479,320,50,0.0280514001147517,320,50,"24"
"W32",0.0157373485612367,358,72,286,1.46309712772945e-05,0.0133197172651673,408,122,0.0485613981173084,408,122,"24"
"W552",0.0693214393170426,320,316,4,0.0388280268430044,0.0487396910672738,317,313,0.177709439626309,317,313,"24"
"W603S",0.079944035963339,385,322,63,0.0195031668321604,0.0587566462832967,384,321,0.214218989365514,384,321,"24"
"W604S",0.0107569437079874,103,41,62,0.0195073020000966,0.0064253131033026,102,40,0.0234300500108262,102,40,"24"
"W605S",0.0343969018098916,522,221,301,-0.00164233263709328,0.0244363999091609,525,224,0.0890955788998532,525,224,"24"
"W607S",0.0251068331218398,162,142,20,0.027063108069099,0.0148206323289699,158,138,0.0540445166380804,158,138,"24"
"W610S",0.0268516669507876,170,161,9,0.0311660638213061,0.0232607515324581,221,212,0.0848043271907818,221,212,"24"
"W611S",0.0710988766299158,458,317,141,0.012978817243972,0.0556607790667698,458,317,0.202926321059945,458,317,"24"
"W612S",0.027704974135408,462,168,294,-0.00102357454491405,0.0140723658433078,427,133,0.0513283376827127,427,133,"24"
"W614S",0.0174918535377875,392,86,306,-0.00374458091634034,0.0117545664303842,407,101,0.0428589152823075,407,101,"24"
"W64A",0.0328875817869573,396,211,185,0.0101237636498754,0.0263317555551824,431,246,0.0960022456193417,431,246,"24"
"W701BC",0.00446551214170392,237,11,226,0.00690628519017102,0.0033819150146529,241,15,0.0123302459276236,241,15,"24"
"W803G",0.0321844964648534,347,203,144,0.0125146009611636,0.0165045649705951,294,150,0.0602004326663635,294,150,"24"
"W810G",0.00901028480540732,182,30,152,0.0119165937530717,0.00517802389901943,181,29,0.0188826921344666,181,29,"24"
"W811G",0.0381256015325577,311,237,74,0.0190114289405,0.0265828545157111,322,248,0.0969255747390802,322,248,"24"
"W813G",0.0143041501853007,274,63,211,0.00837780725595232,0.0108612186285983,303,92,0.0395978024194996,303,92,"24"
"W8304",0.0177207379371499,208,90,118,0.014821962660077,0.0110876943162018,214,96,0.0404296235304684,214,96,"24"
"W9",0.0643467713372068,325,314,11,0.0292111009271203,0.0475106538676867,323,312,0.173216950717292,323,312,"24"
"WIL900",0.061496302128389,491,308,183,0.0102221369917653,0.0383475081372543,480,297,0.139828901996743,480,297,"24"
"YE 4",0.0196901543335374,164,104,60,0.0197489496087657,0.0095490178870099,134,74,0.0348377006345627,134,74,"24"
"YING-55",0.016152791472518,280,75,205,0.00869331078993304,0.00818492212237166,262,57,0.029855561037907,262,57,"24"
"Yu796 NS",0.040029230253111,292,254,38,0.0217999065103913,0.0290192290706866,298,260,0.105801687897719,298,260,"24"
"ZS365",0.06244980115068,338,312,26,0.025195592521417,0.0332705935194403,305,279,0.121343421990721,305,279,"24"
"ZS635",0.00921323431007037,112,31,81,0.0180163624417702,0.00604840081596661,118,37,0.022056381871263,118,37,"24"
"1538",0.0202510509092934,424,115,309,-0.00698527383930674,0.0157825735049732,460,151,0.0555974443118394,460,151,"25"
"29MIBZ2",0.0222108978419061,426,133,293,-0.00357234150753367,0.0181085217695939,470,177,0.0637902005863351,470,177,"25"
"2FACC",0.00599683340418866,269,10,259,0.0017749168339994,0.00258121664220951,264,5,0.00908968270169528,264,5,"25"
"2MA22",0.0489870622075188,358,294,64,0.0190933967155066,0.0393889383766935,365,301,0.138751967303042,365,301,"25"
"3IJI1",0.0662093167522149,322,317,5,0.0332547336405133,0.0517650725192502,321,316,0.182353333599426,321,316,"25"
"4226",0.013743494198951,383,64,319,-0.01047852113966,0.00680918908421605,361,42,0.0239815963831461,361,42,"25"
"4N506",0.0454952713628299,457,285,172,0.00983766253612802,0.0355732281747489,465,293,0.125314161750772,465,293,"25"
"6M502",0.032638810400203,344,211,133,0.0123583931683077,0.0214272273410568,337,204,0.0754765112706728,337,204,"25"
"6M502A",0.0363697281282076,452,234,218,0.00570157209818864,0.0248736597372552,452,234,0.087617442492408,452,234,"25"
"764",0.0328505599523908,238,212,26,0.0253705050251324,0.025536877943279,263,237,0.0899590441859466,263,237,"25"
"78010",0.0274636135752996,228,171,57,0.0196973827734467,0.017427296785448,226,169,0.0613862464757338,226,169,"25"
"793",0.0310597980474342,351,196,155,0.0108426324384094,0.0133095261463459,275,120,0.0468645302583271,275,120,"25"
"87916W",0.0107829750442911,216,33,183,0.00901427135422664,0.00857565634047466,247,64,0.0302086653123217,247,64,"25"
"911",0.0279754497795564,272,175,97,0.0152170025587467,0.0214444044234978,302,205,0.0755416384122793,302,205,"25"
"912",0.0140791543316683,339,68,271,0.000493905863554979,0.0107957793681455,363,92,0.0380297305410839,363,92,"25"
"91IFC2",0.029184553003677,493,186,307,-0.0068265298259163,0.0122172731178294,415,108,0.0430206345940961,415,108,"25"
"A",0.0283627638631258,380,180,200,0.00717814086859366,0.023170752753067,422,222,0.0816226578960926,422,222,"25"
"A208",0.0221810432643427,372,132,240,0.00370473350370434,0.0166830398266004,398,158,0.058766303332263,398,158,"25"
"A239",0.00712383222728348,177,13,164,0.0103838039907424,0.00324982362704579,173,9,0.0114449295922923,173,9,"25"
"A272",0.0262072949936473,292,161,131,0.0126898184944123,0.0203751122281429,329,198,0.0717756347646649,329,198,"25"
"A305",0.0276341502558793,398,173,225,0.00535582977412833,0.0211805177329737,428,203,0.0746119565692807,428,203,"25"
"A322",0.0301710946332293,404,190,214,0.00626058093078207,0.0134095108591868,338,124,0.0472231046130441,338,124,"25"
"A334",0.0291201503078715,497,185,312,-0.00784023403163197,0.0161870434798878,466,154,0.0570136953158586,466,154,"25"
"A340",0.0366423610353907,404,238,166,0.0102608399572603,0.021797478442245,375,209,0.0767779344415039,375,209,"25"
"A385",0.0394392821662312,544,256,288,-0.00234746231294832,0.0318563860305998,565,277,0.112217777414782,565,277,"25"
"A401",0.0467203698685787,323,289,34,0.0234499335135051,0.0380936264334072,332,298,0.134190964451322,332,298,"25"
"A548",0.0214368428837817,332,128,204,0.00691185739671266,0.0177579912210188,378,174,0.0625549532440786,378,174,"25"
"A572",0.0209621609528502,427,123,304,-0.00567064926690029,0.0094060630164769,380,76,0.033120282523795,380,76,"25"
"A619",0.0343720809221282,490,225,265,0.000946201539184021,0.026352493141976,508,243,0.0928306397628362,508,243,"25"
"A627",0.0298830273507782,197,189,8,0.030659712985361,0.0134027508654893,131,123,0.0471932651457022,131,123,"25"
"A632",0.0342178962152237,498,222,276,0.000279001977115669,0.0262869112211246,517,241,0.0925988640166852,517,241,"25"
"A635",0.0319023007167334,312,204,108,0.0144401028144333,0.0245477186200081,338,230,0.0864742604130251,338,230,"25"
"A641",0.0435549125872943,528,279,249,0.00298784932598598,0.0334792796595681,536,287,0.11793735783829,536,287,"25"
"A648",0.00716206433999244,56,14,42,0.0219946937282214,0.00554489472933945,69,27,0.0195330550400148,69,27,"25"
"A663",0.0584406018326432,583,308,275,0.000361003559940292,0.0449013573687041,586,311,0.158173792317083,586,311,"25"
"A672",0.013665472254096,350,63,287,-0.00215027598759969,0.00732514006467807,334,47,0.0257999920289049,334,47,"25"
"A674",0.0255027718336313,410,154,256,0.00210941749825066,0.0113752969595466,352,96,0.0400557788226953,352,96,"25"
"A679",0.0372343026291993,559,241,318,-0.00938366696257368,0.0247515633747637,551,233,0.0871852762985022,551,233,"25"
"A680",0.0364371436008129,371,235,136,0.0120719156266353,0.0168499110153258,300,164,0.0593412230107175,300,164,"25"
"A71",0.05175748857145,427,299,128,0.0127557052293286,0.0236875330268434,353,225,0.0834208312710457,353,225,"25"
"A73",0.0399057524379776,539,258,281,-0.00136125356627859,0.0324419328233594,562,281,0.114282101979152,562,281,"25"
"A797NW",0.0426348240737468,334,271,63,0.0191719324063437,0.0327213946457372,345,282,0.115267294078171,345,282,"25"
"AQA3",0.00447407499257887,332,6,326,-0.0174929975360037,0.00295933840871899,333,7,0.0104240030115124,333,7,"25"
"AS6103",0.0252943994544406,173,152,21,0.0259058972466014,0.0158500664678719,174,153,0.0558303322896146,174,153,"25"
"AusTRCF 306238",0.0385471594030187,354,251,103,0.0148390406054526,0.0308833501787384,374,271,0.108792364161715,374,271,"25"
"B-28",0.0307521270784736,426,192,234,0.00428032470349934,0.0129897740244379,348,114,0.045741741453442,348,114,"25"
"B103",0.018498048924288,382,97,285,-0.00208692888654001,0.0142444538772945,420,135,0.0501789733534298,420,135,"25"
"B104",0.030590009257274,376,191,185,0.00877142290101164,0.0240454854566499,412,227,0.0847051924052472,412,227,"25"
"B105",0.0119124212948023,97,44,53,0.0201749102706896,0.00941984859882638,130,77,0.033183315402667,130,77,"25"
"B108",0.037273172666407,298,242,56,0.0197353145967469,0.0287364064639253,309,253,0.101226602115365,309,253,"25"
"B109",0.050513113773509,321,297,24,0.025527311745933,0.0332176457137778,309,285,0.117007826468159,309,285,"25"
"B111",0.0115000585482788,141,39,102,0.014906889897361,0.00881412232975099,169,67,0.0310492036115974,169,67,"25"
"B115",0.0133478420993612,274,59,215,0.00618855277612959,0.0056976000295057,243,28,0.0200636911983122,243,28,"25"
"B119",0.0142591403136018,304,69,235,0.00422938488675595,0.00603704651199879,266,31,0.0212587374908556,266,31,"25"
"B120",0.0252965463377163,167,153,14,0.027171328628022,0.016766697849497,175,161,0.0590592177797046,175,161,"25"
"B121",0.00851037440250115,233,21,212,0.00637494047040043,0.00660549241640547,253,41,0.0232692401697867,253,41,"25"
"B14A",0.0382349711572893,351,246,105,0.0145522100323274,0.0243842542211773,333,228,0.0858903934925989,333,228,"25"
"B164",0.00887964479407952,253,22,231,0.00462032005408792,0.00423827206444809,245,14,0.0149265496411529,245,14,"25"
"B2",0.00951908915971757,70,27,43,0.0218000109790207,0.00407985869287992,55,12,0.0143670200220212,55,12,"25"
"B37",0.0239449346839956,220,145,75,0.0173521749403631,0.0185698071908492,257,182,0.0654160576202478,257,182,"25"
"B57",0.0482113640586197,538,292,246,0.00325543331177874,0.0369913669238745,542,296,0.130309001564936,542,296,"25"
"B66",0.0541162271059594,533,305,228,0.00493450404164206,0.0366758243241147,523,295,0.129188155074687,523,295,"25"
"B68",0.0122378614076815,169,51,118,0.0136403318476563,0.00734381485559965,166,48,0.0258674436624799,166,48,"25"
"B73",0.00763490737414783,159,16,143,0.011950740609247,0.00438924132747691,160,17,0.0154601158191364,160,17,"25"
"B75",0.028479436188154,275,182,93,0.0154293424949653,0.0132975863567827,212,119,0.0468299221781888,212,119,"25"
"B76",0.0121486049497894,370,48,322,-0.0118058151684959,0.0096887085911187,403,81,0.0341303391868803,403,81,"25"
"B77",0.018637228206454,121,99,22,0.025805558164704,0.0141948306945841,155,133,0.0500016632817596,155,133,"25"
"B79",0.032274556238002,409,208,201,0.00709756247096298,0.0219930347305134,413,212,0.077469115791099,413,212,"25"
"B87",0.0256514438911555,412,157,255,0.00219490809859862,0.013269572029759,372,117,0.0467360656916777,372,117,"25"
"B88",0.0417695805650155,292,265,27,0.0248603471567193,0.026613677194956,271,244,0.0937432208533777,271,244,"25"
"B91",0.019391454882793,367,105,262,0.0012724422935243,0.0148649260605272,401,139,0.0523640080916368,401,139,"25"
"B97",0.0252831625618757,237,151,86,0.0163517839251777,0.0202754061897179,282,196,0.0714238773879019,282,196,"25"
"BEI 10 = NORTH 10",0.00604454551273527,312,11,301,-0.00515487141678971,0.0046331139535809,319,18,0.0163209382308253,319,18,"25"
"BO9",0.0347213758313238,546,226,320,-0.010999285671659,0.0152258757472694,462,142,0.0536188024511028,462,142,"25"
"CG102",0.0419914630687205,412,268,144,0.0118502560611676,0.0288234845328506,399,255,0.101529147799176,399,255,"25"
"CH701-30",0.020098922675135,416,113,303,-0.00546142162073068,0.0155750260355069,452,149,0.0548638935305035,452,149,"25"
"CH711-10",0.0362941944136701,362,232,130,0.0127048813801757,0.028907453511139,386,256,0.101832108507892,386,256,"25"
"CH753-4",0.0191429456222377,343,102,241,0.00367226922732258,0.0154183340699203,386,145,0.0543128298540453,386,145,"25"
"CH9",0.0263033159762018,390,163,227,0.0052891136769534,0.0122646386530122,338,111,0.0431921217845441,338,111,"25"
"CI 40H",0.0200919404182523,280,112,168,0.0102093238509884,0.0154435900527079,314,146,0.0544018496650641,314,146,"25"
"CR 22 INBRED",0.0275695047866565,489,172,317,-0.0088635152340813,0.0118865074784971,422,105,0.0418539195858213,422,105,"25"
"DE2",0.0147423601407953,168,74,94,0.015377456804172,0.00895029217366678,163,69,0.0315257192177127,163,69,"25"
"DE3",0.0333060804129134,236,216,20,0.0266953263276973,0.0255987329455674,258,238,0.0901765693129747,258,238,"25"
"DE4",0.0746375776108081,328,322,6,0.032956769232024,0.0573625305383846,328,322,0.202070777854197,328,322,"25"
"DE811",0.0311060537414912,273,197,76,0.0172509108091517,0.0183428207858487,256,180,0.0646092364187841,256,180,"25"
"DJ7",0.0419950183985207,378,269,109,0.0143891434988733,0.0322041980384096,388,279,0.113443999054389,388,279,"25"
"DK3IIH6",0.0109771516453817,212,34,178,0.00950308816271906,0.00847238260485728,240,62,0.02984466720622,240,62,"25"
"DK4676A",0.0315824751711071,301,200,101,0.015004879679656,0.0146301136203167,239,138,0.051522074806711,239,138,"25"
"DK78002A",0.0323058372035839,398,209,189,0.00859240499224436,0.0193980916991218,378,189,0.0683258440209139,378,189,"25"
"DK78010",0.00897745867926077,73,23,50,0.02070113434464,0.00596551050578076,80,30,0.0210133370446086,80,30,"25"
"DKFAPW",0.0122874985526677,197,52,145,0.011806714073749,0.0054626474336722,171,26,0.01923733473097,171,26,"25"
"DKFBHJ",0.0208093796634131,344,122,222,0.00558885869380898,0.0115921010254207,321,99,0.0408295185733228,321,99,"25"
"DKMBNA",0.0164289614414969,278,82,196,0.00793530810723802,0.0126277422876783,308,112,0.0444837071290468,308,112,"25"
"DKPB80",0.0180526397956013,350,92,258,0.00182916251925635,0.00751747054686717,307,49,0.0264705298603625,307,49,"25"
"E8501",0.0356986360188102,326,228,98,0.0152106715386313,0.0210876734006486,300,202,0.0742765795074281,300,202,"25"
"F118",0.0336329753649676,425,218,207,0.00675401394495369,0.0278507249275886,455,248,0.0981077074009716,455,248,"25"
"F2834T",0.0137670844888691,294,65,229,0.00488147661607365,0.00615207047072684,262,33,0.021662938347949,262,33,"25"
"FBLA",0.0294428450003454,481,187,294,-0.00364511386296564,0.0188474787180153,481,187,0.0663889198461258,481,187,"25"
"FR19",0.0724328870044774,323,321,2,0.0391618062802743,0.0555532723470515,323,321,0.195694392003624,323,321,"25"
"H105W",0.0201611815367182,397,114,283,-0.00172674135630031,0.00870936385054958,348,65,0.0306699372064691,348,65,"25"
"H113",0.0118241954917326,159,43,116,0.0138256308814166,0.00936606797450784,191,75,0.0329938464034475,191,75,"25"
"H121",0.0178411966206374,252,91,161,0.0104502443708523,0.0136831659595975,289,128,0.0482014505764633,289,128,"25"
"H122w",0.0382866859489403,273,248,25,0.0253852379769143,0.0297433253090548,288,263,0.104772058616075,288,263,"25"
"H5",0.0872823627780391,372,325,47,0.0212161195511253,0.0682772753418504,372,325,0.240521017313264,372,325,"25"
"H71",0.0360211759460466,330,230,100,0.0151141813312769,0.0175432966507517,272,172,0.061785782264604,272,172,"25"
"H91",0.0117962485722094,125,42,83,0.0166648647938773,0.00908809927020785,155,72,0.0320136368485946,155,72,"25"
"H95",0.0466236942948045,557,288,269,0.000605276722710627,0.0292629718917435,528,259,0.103074511202051,528,259,"25"
"H96",0.0194274975711278,276,107,169,0.010005752355524,0.01022635385879,255,86,0.0360180412506994,255,86,"25"
"H99",0.0313207814368297,374,199,175,0.00967512313839034,0.0139719594862819,305,130,0.0491996634418912,305,130,"25"
"HP301",0.032174102410643,449,206,243,0.00343928689121098,0.0255192709746987,479,236,0.0898966972461454,479,236,"25"
"HUOBAI",0.0436523348199697,339,280,59,0.0192722181629797,0.0347485274365199,349,290,0.122408446253477,349,290,"25"
"Hy",0.00998555963547884,238,30,208,0.00672962711887339,0.00767132325328492,261,53,0.0270237291425279,261,53,"25"
"I29",0.0372254580873148,420,240,180,0.00932658134254204,0.0307531372530269,449,269,0.108332269065426,449,269,"25"
"Ia 453",0.0228155596204036,457,136,321,-0.0111079436180461,0.0105918051104565,410,89,0.0373018511030814,410,89,"25"
"IA2132",0.0493809898221484,621,296,325,-0.0152640802286789,0.0380082624763572,622,297,0.133891756514118,622,297,"25"
"IBB15",0.031737052095415,341,202,139,0.0120202938821414,0.024702523685558,371,232,0.0870198547536234,371,232,"25"
"IBC2",0.0271315340224645,327,170,157,0.010668031180391,0.0223193487581252,374,217,0.0786232098803861,374,217,"25"
"ICI 740",0.0228424170804825,414,137,277,0.000211481332437059,0.0188032643366818,462,185,0.066237262454935,462,185,"25"
"ICI 893",0.0340458166480319,238,219,19,0.0267787218916693,0.0205211599393159,218,199,0.0722817286451432,218,199,"25"
"ICI 986",0.0317149208459598,293,201,92,0.0155964031726979,0.0200097801457643,285,193,0.0704826947876234,285,193,"25"
"IDS28",0.0459120644025801,535,287,248,0.00304286564376134,0.0353587602486806,540,292,0.124554365625994,540,292,"25"
"IDS69",0.0232501822591756,146,139,7,0.0316038378098244,0.00990657883632603,90,83,0.0348852093107363,90,83,"25"
"IDS91",0.0198186877974234,221,110,111,0.0140834276106853,0.0157612038420423,261,150,0.0555219231345515,261,150,"25"
"INB 101LFY/LFY (A632 X M16 S5)",0.0642033234774881,437,314,123,0.0130943146780624,0.0492633617698918,436,313,0.17353941092978,436,313,"25"
"INBRED 141",0.0265400271208383,238,166,72,0.0180417215351114,0.0135883868289245,198,126,0.0478585649116426,198,126,"25"
"INBRED 2-687",0.0235490103349719,208,142,66,0.018753964860524,0.0188116708082169,252,186,0.0662676904410212,252,186,"25"
"INBRED 305",0.0404059641574088,316,262,54,0.020142178764147,0.031679009009024,329,275,0.111595912331441,329,275,"25"
"INBRED 321",0.0389282847289859,286,253,33,0.0238230752947124,0.0167312736183422,192,159,0.0589129465706136,192,159,"25"
"K150",0.0370591338989801,433,239,194,0.008313870601119,0.0284377419324368,445,251,0.100175809804231,445,251,"25"
"K41",0.0341234532862992,399,220,179,0.00940079111103934,0.0200463523910498,373,194,0.070609494776579,373,194,"25"
"K47",0.0619240819656367,367,312,55,0.0200798088379864,0.0498892743981483,370,315,0.175743909497033,370,315,"25"
"KUNG-70",0.0138098948305809,264,66,198,0.00733230496039291,0.00757841724098997,248,50,0.0266923883289796,248,50,"25"
"L 127",0.0255839861945899,438,156,282,-0.00162072243534435,0.0196256641480758,474,192,0.0691341635216284,474,192,"25"
"L 289",0.014052521358294,243,67,176,0.00966985299624271,0.0107888682845758,267,91,0.0380051839565184,267,91,"25"
"LH1",0.0332954486744764,245,215,30,0.0242206604323013,0.022033789362773,243,213,0.0776132872712491,243,213,"25"
"LH119",0.00912047478043943,182,26,156,0.0107085535299113,0.00479467772864169,175,19,0.0168872283396156,175,19,"25"
"LH128",0.0384144664806879,374,250,124,0.012963808518866,0.0294495818278274,384,260,0.103741345229803,384,260,"25"
"LH143 (Maintainer)",0.0402027026154841,499,260,239,0.0038753181541253,0.0300832119020659,503,264,0.105970229440153,503,264,"25"
"LH146Ht",0.0147423319740393,311,73,238,0.00390402751024832,0.0115053829532188,335,97,0.0405288203667207,335,97,"25"
"LH149",0.0438975555680008,542,281,261,0.00140220687929739,0.0206408805138783,461,200,0.0726931451087182,461,200,"25"
"LH165",0.0205323805668598,232,119,113,0.0139978717725956,0.0167545800302633,273,160,0.059020015821911,273,160,"25"
"LH166",0.0185329806056537,382,98,284,-0.00194954821202135,0.0142298017461209,418,134,0.0501263046867682,418,134,"25"
"LH184",0.00412736450858638,211,5,206,0.00676499040263934,0.00317411890726775,214,8,0.0111811888754537,214,8,"25"
"LH190",0.0492870156730407,468,295,173,0.00983317996010897,0.0401317237667854,475,302,0.141370574559335,475,302,"25"
"LH192",0.0213639091830941,286,126,160,0.0104980807896317,0.0168005397999099,322,162,0.0591833684456759,322,162,"25"
"LH194",0.040158625103485,470,259,211,0.0064870669348253,0.0308086074731988,481,270,0.108529040483976,481,270,"25"
"LH195",0.0175463468493443,250,88,162,0.0104368036651463,0.00787091647473101,216,54,0.0277167797913925,216,54,"25"
"LH197",0.0237461727015805,395,144,251,0.00267666609002606,0.0194889192582367,441,190,0.0686526748499782,441,190,"25"
"LH198",0.0417174999446069,488,264,224,0.00536048962809499,0.0320398084576302,502,278,0.112866414722068,502,278,"25"
"LH202",0.0288074079079016,463,184,279,-0.000415537788538026,0.023606669294272,502,223,0.0831581305678906,502,223,"25"
"LH204",0.059862607731762,323,310,13,0.028173813343394,0.0392288364529968,313,300,0.138179670431591,313,300,"25"
"LH205",0.0441124861009772,329,283,46,0.0215063134400213,0.0338730348926311,334,288,0.119324275558118,334,288,"25"
"LH206",0.0278946409820701,489,174,315,-0.00802002957328498,0.0225274623056664,533,218,0.0793569476650026,533,218,"25"
"LH208",0.0255560703148627,229,155,74,0.0176775960077077,0.0117125724137566,175,101,0.0412468192407024,175,101,"25"
"LH209",0.0199628865621555,198,111,87,0.0162714310282694,0.0144202357097754,223,136,0.0507959307837621,223,136,"25"
"LH214",0.0418998210181617,336,267,69,0.0183045682071261,0.0175246616717655,240,171,0.0617093691788342,240,171,"25"
"LH215",0.0235126529234533,220,141,79,0.0170242908381456,0.0153007871513505,222,143,0.0538962352561827,222,143,"25"
"LH222",0.062325056987294,390,313,77,0.0172064827940176,0.0477702135034636,389,312,0.168278686498553,389,312,"25"
"LH223",0.0132036172202124,382,58,324,-0.0150815326372354,0.0101318152631247,409,85,0.0356912205159549,409,85,"25"
"LH224",0.0342999326894691,514,223,291,-0.00352987708260969,0.0263377512512712,533,242,0.092778089678951,533,242,"25"
"LH295",0.0537102858600923,492,304,188,0.00871244493439497,0.0424045538923755,496,308,0.149378651648286,496,308,"25"
"LH60",0.0318764128016746,337,203,134,0.012270275996581,0.0133418727191649,255,121,0.0469787708879019,255,121,"25"
"LH74",0.0196797036109868,198,109,89,0.0156664497152403,0.0150929158889578,229,140,0.0531675488390367,229,140,"25"
"LH82",0.0246597851231856,426,148,278,-0.000344057880422354,0.019489575531901,469,191,0.0686559681597125,469,191,"25"
"LH93",0.0542034203775465,309,306,3,0.0368992697233796,0.025853145236077,243,240,0.0910491198710747,243,240,"25"
"LIBC 4",0.0032022090476706,274,4,270,0.000527336428714061,0.00256676614543368,274,4,0.00904191117408088,274,4,"25"
"LP1 NR HT",0.0124617385722681,290,53,237,0.00398900200165339,0.00519211052957456,261,24,0.0182826405545757,261,24,"25"
"LP5",0.0183227185565559,285,95,190,0.00842321110296632,0.00958932613634804,268,78,0.0337743535269955,268,78,"25"
"M14",0.039501047308504,552,257,295,-0.00448258563886943,0.0303363761763833,560,265,0.106863700626463,560,265,"25"
"MBPM",0.0329427197281642,390,213,177,0.00960561473770666,0.0162416787465479,332,155,0.0572021187705561,332,155,"25"
"MBWZ",0.0121834393639234,159,49,110,0.0141805134718177,0.00509223190978786,133,23,0.0179305581931785,133,23,"25"
"Mo17",0.0472301022826053,553,290,263,0.00116497500714668,0.0303736360008844,529,266,0.106989162770994,529,266,"25"
"Mo1W",0.0262056867903707,228,160,68,0.018590353817731,0.0155050354601131,215,147,0.0546137376569933,215,147,"25"
"Mo47",0.022003006615153,427,131,296,-0.00470650804672264,0.0136426681149271,423,127,0.0480540913054851,423,127,"25"
"Mo5",0.0207564473865364,249,120,129,0.0127062248036213,0.0135204680788434,254,125,0.0476251676537824,254,125,"25"
"MQ305",0.0697824040902544,349,318,31,0.0242007199103143,0.0546876354535805,351,320,0.192648608572122,351,320,"25"
"MS116",0.0350791320108137,527,227,300,-0.00513780610136532,0.0272495943746654,545,245,0.0959924475158061,545,245,"25"
"MS132",0.0207624171758021,385,121,264,0.000998604769338035,0.0168336501373766,427,163,0.0592993980699089,427,163,"25"
"MS200",0.0442445817764914,592,284,308,-0.00693977041065075,0.032397361648357,588,280,0.11411965684168,588,280,"25"
"MS211",0.024990016166215,346,149,197,0.0077572462107907,0.0120992120730334,304,107,0.0426114872567563,304,107,"25"
"MS221",0.0523313736089137,358,300,58,0.019587287713466,0.0407130126864515,362,304,0.143420183352728,362,304,"25"
"MS224",0.0111290609267062,226,35,191,0.00839430577495361,0.0085327510303582,254,63,0.0300578982767486,254,63,"25"
"MS225",0.03840271796541,572,249,323,-0.0133532086479463,0.0294638450292573,584,261,0.103790466927154,584,261,"25"
"MS226",0.038273576107664,521,247,274,0.000363953322836281,0.0306494124495601,542,268,0.107965939641234,542,268,"25"
"MS67",0.0361036395384838,235,231,4,0.0336243164094857,0.0279575590731697,253,249,0.098482179855827,253,249,"25"
"MS71",0.00988373320784729,176,29,147,0.0117193644715523,0.00758024747295887,198,51,0.0267025154843088,198,51,"25"
"MS72",0.00260290067736116,288,2,286,-0.00214577134561704,0.0011670151402251,288,2,0.00410930785125988,288,2,"25"
"N192",0.0120311686320046,204,46,158,0.010581924323209,0.0096207836775196,237,79,0.0338902656784654,237,79,"25"
"N200",0.0120461271823362,137,47,90,0.015665894856778,0.0093108532254439,164,74,0.032798154289427,164,74,"25"
"N201",0.0145523885417498,289,72,217,0.00613284334423662,0.00617562967154099,251,34,0.0217468307257333,251,34,"25"
"N209",0.0259477876029081,281,159,122,0.0131169954575129,0.0115448820542802,220,98,0.0406566524982254,220,98,"25"
"N217",0.0457002980657613,331,286,45,0.0215144616954324,0.0365295521737674,339,294,0.128682271304252,339,294,"25"
"N218",0.0144196707341722,151,71,80,0.016867283177189,0.00643400583942882,119,39,0.0226562319548431,119,39,"25"
"N28Ht",0.0131318616676614,93,57,36,0.0225725278907319,0.0106679139518482,126,90,0.0375795120625405,126,90,"25"
"N501",0.008182520628689,146,19,127,0.0127842398698323,0.00633705758061142,164,37,0.0223226607651588,164,37,"25"
"N523",0.0166044613168931,325,83,242,0.00344167833691837,0.0132814977024365,360,118,0.046786581685956,360,118,"25"
"N527",0.00534468181062532,322,9,313,-0.0078494538346936,0.00437911261978167,329,16,0.0154261001019922,329,16,"25"
"N534",0.0203544475192191,283,116,167,0.010230258173736,0.00980288448573265,249,82,0.0345245121025883,249,82,"25"
"N542",0.0154589336496917,279,77,202,0.00708171195519462,0.0118601707610748,306,104,0.0417796582083213,306,104,"25"
"NC250",0.0212939637102672,126,125,1,0.0487573497989858,0.0163211100000791,157,156,0.0574937377426956,157,156,"25"
"NC262",0.0283510222373497,338,179,159,0.0105740645524277,0.022932773134256,380,221,0.0807846741794488,380,221,"25"
"NC294",0.0133716580528942,225,60,165,0.0102844297172613,0.0104823144209775,253,88,0.0369261382467952,253,88,"25"
"NC310",0.0428495370796943,313,274,39,0.0222517859605956,0.0333379591020898,325,286,0.117439999873982,325,286,"25"
"NC326",0.0420110539392299,451,270,181,0.00915204644332265,0.0339400353798533,470,289,0.119559726011948,470,289,"25"
"NC328",0.0169530082469437,231,85,146,0.0117458392085466,0.0107970003406954,239,93,0.0380316098291728,239,93,"25"
"NC342",0.0280779574012638,442,176,266,0.000759142782391706,0.0215779580052758,472,206,0.076010917745952,472,206,"25"
"NC412",0.0335591601756675,355,217,138,0.012056183892983,0.0221083413861693,352,214,0.0778757892683147,352,214,"25"
"ND259",0.0244586167083995,198,146,52,0.0206401847178817,0.0187601327142194,236,184,0.0660860129541608,236,184,"25"
"ND265",0.0119591724590331,292,45,247,0.00307585236841563,0.00605170340985479,279,32,0.0213140755900405,279,32,"25"
"NK740",0.0432521242311804,403,277,126,0.0127860492112387,0.0181943205896876,304,178,0.0640647281994393,304,178,"25"
"NK778",0.0910631236282655,370,326,44,0.0215662531266363,0.0708634569123544,370,326,0.249631488346535,370,326,"25"
"NK807",0.00638012632761735,204,12,192,0.00838740925267629,0.00428775714061084,207,15,0.0151033054892937,207,15,"25"
"NKS8326",0.0113898216425144,141,37,104,0.0145563108399957,0.00835641029886762,164,60,0.0294354547178857,164,60,"25"
"NORTH 7",0.00813287169911055,315,18,297,-0.00493389646441538,0.00370009770501409,308,11,0.0130306289381957,308,11,"25"
"NS501",0.0143917802860699,362,70,292,-0.00354364468998939,0.0111184655372325,387,95,0.0391656370398337,387,95,"25"
"NS701",0.0259111704690387,229,158,71,0.0181382494400893,0.0122621125452102,181,110,0.0431849951249639,181,110,"25"
"NY6371",0.0321826052016827,420,207,213,0.00628089111628607,0.0189831226346817,401,188,0.0668645914127335,401,188,"25"
"Ny821",0.0204080199620603,427,117,310,-0.00724746824878998,0.00909761398922144,383,73,0.0320383796396865,383,73,"25"
"OH33",0.0195628956412708,398,108,290,-0.003469987215906,0.0153373534926619,434,144,0.054029024748481,434,144,"25"
"Oh40B",0.053314205171983,473,302,171,0.00987133560480243,0.0410878055597284,476,305,0.144740187853037,476,305,"25"
"Oh43",0.0343689971059576,356,224,132,0.0125209216010163,0.0187435481303976,315,183,0.0660180291634617,315,183,"25"
"Oh7",0.0429793504958767,401,276,125,0.0128375560455151,0.0350199293147825,416,291,0.123361872473343,416,291,"25"
"OQ403",0.0427162791109419,367,272,95,0.0152400017857977,0.0328979441134825,378,283,0.115889680064885,378,283,"25"
"OQ603",0.0114243849294969,191,38,153,0.0109582791943693,0.00903972273911099,223,70,0.0318442397756039,223,70,"25"
"Os420",0.0225798046315637,450,134,316,-0.00876512171420333,0.0173073284298066,483,167,0.0609680325411306,483,167,"25"
"Pa392",0.0768845410434932,555,323,232,0.00455581847146399,0.0601808969669497,555,323,0.211999808510943,555,323,"25"
"Pa405",0.0156966072166132,323,78,245,0.00333081450106135,0.00707163857304782,288,43,0.0249039342692178,288,43,"25"
"Pa875",0.0205014575037585,305,118,187,0.00872470135677497,0.0110074089838936,281,94,0.038769626139406,281,94,"25"
"Pa880",0.00478881815301946,202,7,195,0.00829463526502136,0.00367465803657287,205,10,0.0129444835270975,205,10,"25"
"Pa91",0.00904714238335233,40,25,15,0.0270817625707173,0.00408479774423701,28,13,0.0143845327460108,28,13,"25"
"PH207",0.0129248040602639,217,54,163,0.0103883140686281,0.00723248971008786,208,45,0.0254742176355429,208,45,"25"
"PHB09",0.070679091288644,352,320,32,0.0240521633957086,0.0546349228239574,351,319,0.192462910101881,351,319,"25"
"PHB47",0.0530075196874399,568,301,267,0.000743314245946675,0.0415883627144469,574,307,0.146503657747782,574,307,"25"
"PHBA6",0.0366159506204234,539,237,302,-0.00535467074076608,0.0169228841953356,467,165,0.059596191269697,467,165,"25"
"PHBB3",0.0115375852476285,147,40,107,0.0144769906629159,0.00480616936326245,127,20,0.0169234356157898,127,20,"25"
"PHG29",0.0418796127205364,303,266,37,0.0225388370518867,0.0221806489771406,252,215,0.0781226246631854,252,215,"25"
"PHG71",0.0363169753501812,407,233,174,0.00979660097871994,0.0290665253371529,431,257,0.102392297909739,431,257,"25"
"PHG83",0.0173235188774139,175,87,88,0.0159887242787526,0.00967565615996635,168,80,0.0340794887063201,168,80,"25"
"PHG86",0.030778464955293,336,194,142,0.0119946828886803,0.0236242433805821,366,224,0.0832195271981293,366,224,"25"
"PHH93",0.0427986843914757,388,273,115,0.0138540790773687,0.0296304055610594,377,262,0.1043734039397,377,262,"25"
"PHHH9",0.0378964310856055,385,245,140,0.01201829715517,0.0184131767119323,321,181,0.0648485007202991,321,181,"25"
"PHHV4",0.034176680821207,259,221,38,0.0223249261816094,0.0281620266450001,288,250,0.0992048324258456,288,250,"25"
"PHJ70",0.0570135362630757,317,307,10,0.0298455100784263,0.0430053418336491,319,309,0.151487163532404,319,309,"25"
"PHJ89",0.0281598785771325,477,178,299,-0.00504042868033143,0.015799511298949,451,152,0.0556489817893641,451,152,"25"
"PHJ90",0.00302866999025055,189,3,186,0.0087564713213643,0.00232137336441307,189,3,0.00817741147838908,189,3,"25"
"PHJR5",0.0591503728070229,430,309,121,0.0131290941888903,0.0273520675406901,367,246,0.0963272190636149,367,246,"25"
"PHK42",0.022658813284941,270,135,135,0.0122616587712597,0.0131063129853748,251,116,0.0461641790147871,251,116,"25"
"PHK74",0.00209339150688521,253,1,252,0.00246999954401501,0.00105995392232943,253,1,0.00373314476380948,253,1,"25"
"PHKE6",0.0181315325649707,177,93,84,0.0166525976554116,0.0141308574868476,215,131,0.0497772962473979,215,131,"25"
"PHM10",0.021947375712309,282,130,152,0.0109917758796463,0.0175059749383497,322,170,0.0616681600891582,322,170,"25"
"PHN11",0.026442044139362,213,165,48,0.0210303162215883,0.0173714724820096,216,168,0.0611902978790928,216,168,"25"
"PHN29",0.0210272151119785,140,124,16,0.0270761475855354,0.00885690029693491,84,68,0.0311863547110863,84,68,"25"
"PHN66",0.0267179319421145,378,168,210,0.0065455386339857,0.0119540834010229,316,106,0.0420930696319925,316,106,"25"
"PHN82",0.025194697321946,304,150,154,0.0109460959713246,0.0201653976990421,349,195,0.0710364021999349,349,195,"25"
"PHP02",0.0267100301340163,218,167,51,0.0207006893097787,0.0210797067433787,252,201,0.0742554306985654,252,201,"25"
"PHP55",0.041203104071809,369,263,106,0.0145105588058143,0.0316648881397661,380,274,0.111545779503906,380,274,"25"
"PHP76",0.0357392267898019,399,229,170,0.00990560300815461,0.0274512136956376,417,247,0.0967022177517163,417,247,"25"
"PHPR5",0.0151198593641033,275,76,199,0.00733078469489567,0.00816686760386225,257,58,0.0287649541495508,257,58,"25"
"PHR03",0.0107645411862497,49,32,17,0.0269614515809408,0.0062661806762615,53,36,0.0220710777966478,53,36,"25"
"PHR30",0.00720155966167341,27,15,12,0.0288133728610757,0.0052541073772164,37,25,0.0185075708728773,37,25,"25"
"PHR31",0.0479086596963125,403,291,112,0.0140612969320983,0.025604558918962,351,239,0.0901825494562309,351,239,"25"
"PHR36",0.051730445619127,389,298,91,0.0156118411860423,0.0403843397494541,394,303,0.142262337061727,394,303,"25"
"PHR47",0.0699223599497343,418,319,99,0.0151686859780776,0.0538697241486143,417,318,0.18976707089332,417,318,"25"
"PHR63",0.0392730319939508,321,254,67,0.0186858183892123,0.030488890993446,334,267,0.107403550255241,334,267,"25"
"PHT10",0.0403611948234943,289,261,28,0.0246035914749197,0.0317698769293846,304,276,0.111915924334946,304,276,"25"
"PHT47",0.0177167321847968,138,89,49,0.0207024573042877,0.0079039135810763,105,56,0.0278318906611496,105,56,"25"
"PHT55",0.023036600282923,179,138,41,0.0221043422378713,0.0177407019720254,214,173,0.0624933918330291,214,173,"25"
"PHTM9",0.0428882794328378,548,275,273,0.000429797015743683,0.0329231541272185,557,284,0.115978078972364,557,284,"25"
"PHV37",0.0263388907299312,380,164,216,0.00615042603438531,0.0218356055505292,427,211,0.0769188799712258,427,211,"25"
"PHV57",0.0166478569596821,235,84,151,0.0111077400110316,0.0129534967967231,264,113,0.0456314274095284,264,113,"25"
"PHV63",0.0135760015853588,244,62,182,0.00902129142900928,0.00571383318447208,211,29,0.0201203505450089,211,29,"25"
"PHVA9",0.0130404268164733,176,56,120,0.013328001347541,0.0103361528834728,207,87,0.0364111574823692,207,87,"25"
"PHVJ4",0.0602198602205312,541,311,230,0.00468627617861495,0.0433995009955457,540,310,0.152876623246017,540,310,"25"
"PHW03",0.0262479673527464,243,162,81,0.016687131779289,0.0180130620761679,257,176,0.0634500224504421,257,176,"25"
"PHW17",0.0129978354679815,278,55,223,0.00536864926463302,0.00996309220602481,307,84,0.0350967123562705,307,84,"25"
"PHW20",0.0100910159593478,180,31,149,0.011449713267572,0.00759709820485075,201,52,0.0267609180653776,201,52,"25"
"PHW30",0.0533175173159256,321,303,18,0.026929703555099,0.041365916209537,324,306,0.145720159364064,324,306,"25"
"PHW52",0.0433806131126285,532,278,254,0.00223010407013702,0.0287448324427232,508,254,0.101252751030638,508,254,"25"
"PHW53",0.00904474700951381,59,24,35,0.0226247774135443,0.00728147663895263,81,46,0.0256498252666753,81,46,"25"
"PHW80",0.0386605761045516,312,252,60,0.019246730356607,0.0311015744765968,332,272,0.109560931546717,332,272,"25"
"PHWG5",0.0194163208257904,363,106,257,0.00186551551307201,0.0155108162341936,405,148,0.054639801452911,405,148,"25"
"PHZ51",0.0112317672513344,173,36,137,0.0120612415069697,0.00904468875923774,208,71,0.0318615427828715,208,71,"25"
"R168",0.0393251473995039,476,255,221,0.00562853658975265,0.0316153481103068,494,273,0.11137082036991,494,273,"25"
"R177",0.0218618963398735,334,129,205,0.006849910807985,0.0151954767529289,346,141,0.0535254046329293,346,141,"25"
"R181B",0.0188710019372626,381,101,280,-0.000673552866470348,0.00820939042865948,339,59,0.0289095549248279,339,59,"25"
"R226",0.018175149682955,155,94,61,0.0191975033559024,0.0080009140077332,118,57,0.0281758117565569,118,57,"25"
"R229",0.0482311572159337,441,293,148,0.01154561594658,0.0383960580075618,447,299,0.135257579050466,447,299,"25"
"R71",0.00837017159335309,270,20,250,0.00285570976627141,0.00656755188460247,290,40,0.0231355671772336,290,40,"25"
"R78",0.0163001928916879,301,81,220,0.00565319765172676,0.00720498199140274,264,44,0.0253729992344822,264,44,"25"
"SD101",0.0237076218164886,415,143,272,0.000464211449685928,0.0181978775861312,451,179,0.0641044232011067,451,179,"25"
"SD102",0.0213929202690159,371,127,244,0.00334926956933534,0.0133726802531974,366,122,0.0471039364295679,366,122,"25"
"SD107",0.0184548130652795,237,96,141,0.0119999842392247,0.0141675385194906,273,132,0.0499063822823794,273,132,"25"
"SD40",0.0121945242226024,164,50,114,0.013967206944653,0.00507778447404256,136,22,0.0178799525380744,136,22,"25"
"SG 30A",0.0375174551090577,542,244,298,-0.00496316586802828,0.0291901346646613,556,258,0.102828412501954,556,258,"25"
"Tr",0.0329663430220257,503,214,289,-0.0027955617525603,0.0252869644642622,524,235,0.0890779898556674,524,235,"25"
"TZU-CHIAO-HSI-WU 105",0.0283960405593458,441,181,260,0.0017638995053307,0.0217667615592451,468,208,0.0766771960950479,468,208,"25"
"Va26",0.028078346931251,259,177,82,0.0166708007128963,0.0218201774786485,292,210,0.0768661815787664,292,210,"25"
"Va35",0.0192070333882313,165,103,62,0.019190643642753,0.0117250052181519,164,102,0.0412997932031049,164,102,"25"
"Va99",0.0159145683149892,196,79,117,0.0136713267882084,0.0122392117270349,226,109,0.0431150568083253,226,109,"25"
"W182E",0.0365618792959907,550,236,314,-0.00796339630023132,0.016437765624055,471,157,0.0578846230062271,471,157,"25"
"W22",0.0177453930298435,209,90,119,0.0134602390647387,0.0137103915437285,248,129,0.0482960952062038,248,129,"25"
"W24",0.0319966878408938,414,205,209,0.00662836271597166,0.0245483972076456,440,231,0.0864762999786993,440,231,"25"
"W32",0.0188635518628792,406,100,306,-0.00643247322059167,0.0146260597319538,443,137,0.0515208478079175,443,137,"25"
"W552",0.0325130971127167,239,210,29,0.0244308197635437,0.0202985331242066,226,197,0.0714995319380695,226,197,"25"
"W603S",0.0308716212227797,463,195,268,0.000730599212669914,0.0130596980398082,383,115,0.0459880966974785,383,115,"25"
"W604S",0.0234955269417065,163,140,23,0.0255749913066429,0.0180080422728956,198,175,0.063436337933329,198,175,"25"
"W605S",0.00979869197170791,261,28,233,0.00448027366474135,0.00787390453142814,288,55,0.0277367121400039,288,55,"25"
"W607S",0.0373618187427108,254,243,11,0.0295460975078194,0.0286504559175858,263,252,0.100925436722479,263,252,"25"
"W610S",0.0115897183988409,111,41,70,0.0181430940386913,0.00493744471271875,91,21,0.0173853709101588,91,21,"25"
"W611S",0.0297413635459566,493,188,305,-0.00591645387411297,0.0228764372050943,525,220,0.0805847712754415,525,220,"25"
"W612S",0.0313167447948968,434,198,236,0.00412992418392305,0.0244372257297373,465,229,0.0860852747182668,465,229,"25"
"W614S",0.0286975132766385,494,183,311,-0.00776085449557537,0.0222843304845998,527,216,0.0784974167763522,527,216,"25"
"W64A",0.0270077158869058,247,169,78,0.0171114466294077,0.0216847060276183,285,207,0.0763883628043773,285,207,"25"
"W701BC",0.00486876084071811,261,8,253,0.00241185907033332,0.00277657376258681,259,6,0.00977981739170036,259,6,"25"
"W803G",0.0646445009101816,355,315,40,0.0222517141687306,0.049585033366254,354,314,0.17467240482327,354,314,"25"
"W810G",0.0161533115130447,273,80,193,0.00837877581376,0.00845369316360846,254,61,0.0297745650939694,254,61,"25"
"W811G",0.0192399708777446,288,104,184,0.00892708867645172,0.011832986348302,287,103,0.0416802640178614,287,103,"25"
"W813G",0.0172722407617099,289,86,203,0.00693081011899366,0.00871421481694223,269,66,0.0306913705619709,269,66,"25"
"W8304",0.0307646642733195,343,193,150,0.011338895990047,0.0237511879147389,376,226,0.0836654738607764,376,226,"25"
"W9",0.0134079128885524,146,61,85,0.0165623866621777,0.00639510745304267,123,38,0.0225225831298327,123,38,"25"
"WIL900",0.0656521340956613,381,316,65,0.0188882224780169,0.0524832395262832,382,317,0.18487795916376,382,317,"25"
"YE 4",0.0439880890513695,355,282,73,0.0177152904710126,0.022810953687025,292,219,0.080341414858229,292,219,"25"
"YING-55",0.0245755878182961,373,147,226,0.00529864590721433,0.0172044757937301,392,166,0.0606031070083634,392,166,"25"
"Yu796 NS",0.0150717491518602,294,75,219,0.00567276372670501,0.0116975755765171,319,100,0.0412051590205441,319,100,"25"
"ZS365",0.0812210941275051,333,324,9,0.0302961416780784,0.0656499918541784,333,324,0.231263561557726,333,324,"25"
"ZS635",0.00811307530979355,113,17,96,0.015236282081007,0.00623240571583408,131,35,0.0219544148554228,131,35,"25"
"1538",0.0159936027685605,355,60,295,-0.0066789761180503,0.00882339331402574,351,56,0.021322524741232,351,56,"26"
"29MIBZ2",0.0309715944121899,470,163,307,-0.010035657013067,0.0177224348322566,473,166,0.0428240851372505,473,166,"26"
"2FACC",0.00848632892428637,265,18,247,0.00152666376142933,0.00527920016321864,271,24,0.0127586568748919,271,24,"26"
"2MA22",0.0687805238792603,342,311,31,0.0260653844203877,0.0354369914748527,328,297,0.0856165058861004,328,297,"26"
"3IJI1",0.0554885551947536,297,286,11,0.0311058174568811,0.0291036849846987,278,267,0.0703186776623989,278,267,"26"
"4226",0.0102534610790069,344,31,313,-0.0128692708785727,0.00588661020921523,344,31,0.0142243226663473,344,31,"26"
"4N506",0.0487189869007601,493,267,226,0.00345523260967798,0.0269582045972762,477,251,0.0651473294266998,477,251,"26"
"6M502",0.041428769880644,373,227,146,0.0107744045575563,0.0203269484557478,338,192,0.0491051002059565,338,192,"26"
"6M502A",0.0469004857854341,495,258,237,0.00244073934393569,0.0236237585527846,465,228,0.0570730068563903,465,228,"26"
"764",0.023304921764434,126,103,23,0.0283484495294207,0.011506932640225,105,82,0.0277945312374245,105,82,"26"
"78010",0.0446646263807374,276,246,30,0.0260818575910266,0.0285153000235656,294,264,0.0689111944318892,294,264,"26"
"793",0.0441538586378765,380,245,135,0.0120078348874759,0.02725962498945,389,254,0.0658818059591892,389,254,"26"
"87916W",0.0140019986600612,249,46,203,0.00581446658318604,0.00751202628401543,247,44,0.0181521969237303,247,44,"26"
"911",0.0192876489829997,164,75,89,0.016478070363096,0.010195671804154,158,69,0.024635560222246,158,69,"26"
"912",0.0067585393098023,281,14,267,-0.00199006872151895,0.00353814537121826,279,12,0.00854821547174725,279,12,"26"
"91IFC2",0.0558465290813743,602,287,315,-0.013794379783079,0.0337472458330572,607,292,0.0815706426997256,607,292,"26"
"A",0.0349878870160635,413,194,219,0.0039152983852591,0.0169043581683802,369,150,0.0408346162817856,369,150,"26"
"A208",0.0195807693255315,310,77,233,0.00293993910933377,0.0130526579300613,333,100,0.0315504203226442,333,100,"26"
"A239",0.000760833497756658,182,2,180,0.00779572810664934,0.000505685531157506,182,2,0.00122227310134015,182,2,"26"
"A272",0.0206132688353211,188,87,101,0.0143786176142653,0.0105213914569351,173,72,0.0254141586559591,173,72,"26"
"A305",0.0241539609765058,319,110,209,0.00520824471841301,0.013179438750454,311,102,0.031848518814942,311,102,"26"
"A322",0.0462575437205655,417,252,165,0.00922101228570561,0.027939678890008,427,262,0.0675321873962479,427,262,"26"
"A334",0.0322686773474497,478,176,302,-0.0079117199585744,0.019513115007685,487,185,0.047165522312061,487,185,"26"
"A340",0.0458182417900153,388,250,138,0.01147629186085,0.0236945512692265,369,231,0.0572469038075168,369,231,"26"
"A385",0.0419798389589573,532,232,300,-0.00778028363626303,0.0204362553807374,493,193,0.0493679475056895,493,193,"26"
"A401",0.0430258934727152,282,236,46,0.022400535478468,0.02245281140655,266,220,0.0542347685020722,266,220,"26"
"A548",0.0243817048815775,306,111,195,0.006108253853601,0.0119783949448841,285,90,0.0289333608853627,285,90,"26"
"A572",0.0337742538942963,468,185,283,-0.00428230944319471,0.0214562597307982,488,205,0.0518525573677387,488,205,"26"
"A619",0.0291414232993727,400,151,249,0.000662131638021954,0.0178003508261347,417,168,0.043022062855948,417,168,"26"
"A627",0.0410707173031346,271,223,48,0.0220903423706707,0.0249410820940542,283,235,0.0602817613497291,283,235,"26"
"A632",0.0281775402528972,400,141,259,-0.000339613982151662,0.0180151216241219,428,169,0.043542673701434,428,169,"26"
"A635",0.0270367239185243,242,129,113,0.0136487004913139,0.0145977854292187,236,123,0.035275030579934,236,123,"26"
"A641",0.0440524730549875,442,243,199,0.00587165806489264,0.0261649883531586,444,245,0.0632369991780361,444,245,"26"
"A648",0.0164734461256785,92,63,29,0.0263249153115926,0.00995425277482059,94,65,0.0240604648824062,94,65,"26"
"A663",0.0569509486240121,517,289,228,0.00345086978883564,0.0333564873758979,517,289,0.0806165276601539,517,289,"26"
"A672",0.0360712629111367,442,199,243,0.00192726342339273,0.0218654383282406,454,211,0.0528519318916471,454,211,"26"
"A674",0.0320317416238509,424,171,253,0.000267504272475994,0.0201712055991811,441,188,0.0487479282904255,441,188,"26"
"A679",0.0437795831920699,543,240,303,-0.0081218406528093,0.0270433921802111,556,253,0.0653693170811333,556,253,"26"
"A680",0.0618355848298811,505,299,206,0.00555518276593407,0.0373645278473668,507,301,0.0903139447124232,507,301,"26"
"A71",0.102714813831731,360,326,34,0.024457742938971,0.0621489908276054,360,326,0.150222018594501,360,326,"26"
"A73",0.0393519803024677,492,216,276,-0.00272664776142436,0.0196597753024824,463,187,0.0474874055913843,463,187,"26"
"A797NW",0.0343717616683805,255,188,67,0.0188762249864317,0.0189135071952138,245,178,0.0457059450037403,245,178,"26"
"AQA3",0.0104159332118128,358,32,326,-0.0218545521549127,0.00643866514567591,362,36,0.0155619115131665,362,36,"26"
"AS6103",0.0306429674184836,182,161,21,0.028795948474155,0.0180576036262018,192,171,0.0436353550737104,192,171,"26"
"AusTRCF 306238",0.0409907050421928,345,222,123,0.0128040426028291,0.020482248070149,318,195,0.0494740571946675,318,195,"26"
"B-28",0.0465538298494352,443,254,189,0.00688892178633427,0.0282139521503639,452,263,0.0681928956095419,452,263,"26"
"B103",0.0135325610508737,334,43,291,-0.00638976743651603,0.00663838151821121,328,37,0.0160367505004295,328,37,"26"
"B104",0.0321069690158339,324,173,151,0.0107036040388687,0.0170008775675342,304,153,0.0410791609750869,304,153,"26"
"B105",0.0125986217062627,81,38,43,0.0228948316368884,0.00760328810175236,88,45,0.0183734188158352,88,45,"26"
"B108",0.0373636168383312,286,204,82,0.0172128839029137,0.0250882707262597,320,238,0.0606422556362621,320,238,"26"
"B109",0.0550074882110809,302,284,18,0.0298118385503553,0.027886670062556,279,261,0.067359388129149,278,260,"26"
"B111",0.00931924709216658,143,25,118,0.013122077610084,0.00499652588830776,138,20,0.0120701962588653,138,20,"26"
"B115",0.0289314651084247,394,149,245,0.00188538152983404,0.0174791658466168,406,161,0.0422488701971331,406,161,"26"
"B119",0.0554166880659309,577,285,292,-0.00647702314971626,0.0335428343646374,582,290,0.0810774405469356,582,290,"26"
"B120",0.0195845023609464,114,78,36,0.0238014801049618,0.0133912597101097,140,104,0.0323679305786869,141,105,"26"
"B121",0.00894137646198502,211,19,192,0.00673440894649231,0.00518657719642356,215,23,0.0125348568202736,215,23,"26"
"B14A",0.0497542451088829,422,270,152,0.0106527175117669,0.0308903486931833,431,279,0.0746683168694008,431,279,"26"
"B164",0.00267768430408238,245,4,241,0.00208664951892097,0.00138154096507879,244,3,0.00333783998355002,244,3,"26"
"B2",0.0158535688259748,115,58,57,0.020114936175181,0.00986170317765302,121,64,0.0238335543811547,121,64,"26"
"B37",0.027164984163512,190,131,59,0.0199463357254386,0.0133638808147992,162,103,0.0322842144532019,162,103,"26"
"B57",0.0454577089722473,463,249,214,0.00475913123582333,0.0264547721210093,462,248,0.0639358396599212,462,248,"26"
"B66",0.0898031300454803,429,322,107,0.0141484209743813,0.05603966668089,430,323,0.135459516791393,430,323,"26"
"B68",0.0201659700312254,172,82,90,0.0162832052159824,0.0127049100730617,185,95,0.0307040353846961,185,95,"26"
"B73",0.00658704615685067,145,13,132,0.0123258158583208,0.00355205705445066,145,13,0.00858338906794727,145,13,"26"
"B75",0.0270090110113416,248,127,121,0.0128785240441024,0.0139614720755191,234,113,0.0337314024690308,234,113,"26"
"B76",0.0240946186044396,429,109,320,-0.016699484806929,0.0136287959133803,428,108,0.0329367126414405,428,108,"26"
"B77",0.0219088030404886,128,93,35,0.0242868167943,0.013568751304939,142,107,0.0327984340233316,142,107,"26"
"B79",0.0163339227500834,306,62,244,0.00191649872728102,0.011000164646432,323,79,0.0265890696565101,323,79,"26"
"B87",0.0346712608411728,424,190,234,0.00289968590293869,0.0187810022272059,410,176,0.0453788635179308,410,176,"26"
"B88",0.0586331008344628,353,293,60,0.0198285821784397,0.0360095699476976,358,298,0.087042078675688,358,298,"26"
"B91",0.0318062700164873,375,170,205,0.00559792708773203,0.0205487988742495,402,197,0.0496704715025895,402,197,"26"
"B97",0.0284118949866856,244,145,99,0.014758040914416,0.0141208794852993,214,115,0.034108405995724,214,115,"26"
"BEI 10 = NORTH 10",0.00897082836122693,306,22,284,-0.00464588754348264,0.00544183475576917,310,26,0.0131537314171248,310,26,"26"
"BO9",0.0576082296164074,614,291,323,-0.0172808972895673,0.0349338686413172,618,295,0.0844403198303814,618,295,"26"
"CG102",0.0620307860802271,383,300,83,0.017192512894304,0.0392713805992794,390,307,0.0949270710805888,390,307,"26"
"CH701-30",0.0127951520081163,355,39,316,-0.0138568640046014,0.00799295129622119,362,46,0.0193169931260493,362,46,"26"
"CH711-10",0.0485014217941509,494,264,230,0.00332218790726035,0.0288382167137023,496,266,0.0696978865010063,496,266,"26"
"CH753-4",0.0275926560973133,394,136,258,-0.000339335955646985,0.0145421054952202,379,121,0.0351353642377118,379,121,"26"
"CH9",0.0270145912169986,325,128,197,0.00602144997113038,0.0141965835630161,314,117,0.0343003873823731,314,117,"26"
"CI 40H",0.0235235399355993,289,104,185,0.00729253155325431,0.0159198584712764,326,141,0.038480617993053,326,141,"26"
"CR 22 INBRED",0.0315124458230347,477,167,310,-0.011471901523804,0.0176105699852703,474,164,0.0425525911504907,474,164,"26"
"DE2",0.0052864053356561,100,8,92,0.0161208234991079,0.00276861017056609,99,7,0.00668921242403611,99,7,"26"
"DE3",0.0325138649427776,224,177,47,0.0223235825033783,0.0177966886335083,214,167,0.0430065615736994,214,167,"26"
"DE4",0.065049064577721,321,302,19,0.0297751717723427,0.0365097676905939,319,300,0.088232019401022,319,300,"26"
"DE811",0.0240418303065182,181,108,73,0.0179859123258993,0.0124216881398982,164,91,0.0300044383846318,164,91,"26"
"DJ7",0.0467981809232601,426,256,170,0.00870388233413065,0.0322329216791296,453,283,0.0779109103933307,453,283,"26"
"DK3IIH6",0.0101420368445764,177,30,147,0.010757782842854,0.00489663816374985,164,17,0.0118283982495331,164,17,"26"
"DK4676A",0.0376590859378207,305,205,100,0.014581441863742,0.0218813542954764,312,212,0.0528744915592491,312,212,"26"
"DK78002A",0.0731165446015195,586,312,274,-0.002547761191113,0.0448444937266759,590,316,0.108397679979507,590,316,"26"
"DK78010",0.0548125828484173,289,282,7,0.0329237695498475,0.0331244521820833,294,287,0.0800653358699926,294,287,"26"
"DKFAPW",0.0244914757208751,217,112,105,0.0141735893603729,0.0148249123609358,232,127,0.0358337689006787,232,127,"26"
"DKFBHJ",0.0295689610526625,341,154,187,0.00721250959868736,0.0180391367241037,357,170,0.0436037793938568,357,170,"26"
"DKMBNA",0.0189417411411604,285,74,211,0.00515140102717732,0.0117532053146911,297,86,0.0284069597249036,297,86,"26"
"DKPB80",0.0257469729630552,358,120,238,0.00222775892879397,0.0157943482262911,378,140,0.0381729438398488,378,140,"26"
"E8501",0.0489867056415924,428,268,160,0.00995898285964033,0.0302723482140771,435,275,0.0731743662061311,435,275,"26"
"F118",0.0393255953441121,415,215,200,0.00585907437062567,0.019221479315454,382,182,0.0464288644722862,382,182,"26"
"F2834T",0.0412417784004061,496,225,271,-0.00228123447185633,0.0249464713544883,507,236,0.060296201982027,507,236,"26"
"FBLA",0.0322096685749525,472,174,298,-0.00736884977248597,0.0163520957141089,442,144,0.0394979999788352,442,144,"26"
"FR19",0.061453523040257,301,297,4,0.0360677191440036,0.0413634510141068,316,312,0.0999786326126521,316,312,"26"
"H105W",0.0135070507757171,327,42,285,-0.00493484147289372,0.0080315352258396,332,47,0.0194080046797951,332,47,"26"
"H113",0.0171357601122836,159,66,93,0.0159351319052064,0.00971455583879324,155,62,0.0234772525835105,155,62,"26"
"H121",0.0141517560139313,216,48,168,0.00881979462552936,0.0074523743363069,211,43,0.0180066011080865,211,43,"26"
"H122w",0.0487166713913895,320,266,54,0.0214303616941036,0.0310471574085447,334,280,0.075047335441863,334,280,"26"
"H5",0.0810359041793019,404,320,84,0.0170090052633131,0.0425569358076307,397,313,0.102824943528241,397,313,"26"
"H71",0.0576153679920315,456,292,164,0.00945934737926302,0.0348376393856183,458,294,0.0842066770324286,458,294,"26"
"H91",0.0170752969305546,130,65,65,0.0191007292741964,0.0103317689361514,135,70,0.0249668797105785,135,70,"26"
"H95",0.0655168572618868,515,305,210,0.00517215222950141,0.0404893614785149,520,310,0.0978709481482908,520,310,"26"
"H96",0.0415523168563363,450,229,221,0.00389249900041693,0.0252554151645557,462,241,0.0610464153804256,462,241,"26"
"H99",0.0570932395045754,388,290,98,0.0149495569140486,0.0351746477977135,394,296,0.0850115591226164,394,296,"26"
"HP301",0.04047947922561,494,219,275,-0.0026431878881873,0.0222548060614875,492,217,0.0537803488250773,492,217,"26"
"HUOBAI",0.0382168673959174,283,207,76,0.0174901544259186,0.0202922299619481,267,191,0.049021609030669,267,191,"26"
"Hy",0.0154933537446035,288,57,231,0.0032486340897663,0.0106207165070267,306,75,0.0256716388229838,306,75,"26"
"I29",0.0391071477905572,397,214,183,0.00746770374871196,0.020440876737486,377,194,0.0493749825332246,377,194,"26"
"Ia 453",0.0153502627727177,373,55,318,-0.0145361521285434,0.00934123355495279,377,59,0.0225733547711722,377,59,"26"
"IA2132",0.0353521534781526,517,195,322,-0.0171219566869297,0.0188263153723479,499,177,0.0454910670657323,499,177,"26"
"IBB15",0.0382724396187745,410,208,202,0.00582653970604867,0.0231589213353972,427,225,0.0559728263503913,427,225,"26"
"IBC2",0.0328806070620304,284,180,104,0.014284299572025,0.0187735144954031,279,175,0.0453706090754449,279,175,"26"
"ICI 740",0.0247993075256467,380,115,265,-0.00153953753153672,0.0119636646963519,354,89,0.0288984888010166,354,89,"26"
"ICI 893",0.042134696915832,253,233,20,0.029016440481924,0.0269703448804487,272,252,0.0651927801979537,272,252,"26"
"ICI 986",0.039739050382784,293,218,75,0.0175486945551403,0.0209320803415685,276,201,0.0505742189112184,276,201,"26"
"IDS28",0.0526896883266708,519,277,242,0.00201415297975032,0.0254469430483822,484,242,0.0614673414597987,484,242,"26"
"IDS69",0.065116137513294,306,303,3,0.041594715587376,0.039613215531823,311,308,0.0957517069108604,311,308,"26"
"IDS91",0.0211265954847391,217,89,128,0.012575738669413,0.0105920427870963,202,74,0.0255846739210607,202,74,"26"
"INB 101LFY/LFY (A632 X M16 S5)",0.0766652405141036,365,316,49,0.021986242421785,0.0493828771288353,368,319,0.119359329787686,368,319,"26"
"INBRED 141",0.0252377810786402,205,117,88,0.0164798764087467,0.0126656639399727,182,94,0.030598936928947,182,94,"26"
"INBRED 2-687",0.0299107881787028,209,156,53,0.0214998544266873,0.0157836254456935,192,139,0.0381372417778708,192,139,"26"
"INBRED 305",0.0465035224047323,290,253,37,0.0235947084901477,0.0300715212970765,308,271,0.072683600290315,308,271,"26"
"INBRED 321",0.0358376344259815,248,198,50,0.021873386290025,0.0226002242404774,272,222,0.0546179864737522,272,222,"26"
"K150",0.0434452356492345,368,239,129,0.012565807808178,0.0298929877337704,399,270,0.0722550462919473,399,270,"26"
"K41",0.0421389320542093,413,234,179,0.0078311839450027,0.0213582351307642,382,203,0.0516003492753258,382,203,"26"
"K47",0.0605076968115501,347,295,52,0.0216231991282126,0.0301102655868672,324,272,0.0727301183773658,324,272,"26"
"KUNG-70",0.0203119170697633,306,83,223,0.00386065418687402,0.01272166008243,319,96,0.0307509052503501,319,96,"26"
"L 127",0.022019469754752,359,95,264,-0.00128939822452126,0.0148545601866425,393,129,0.0359046490882177,393,129,"26"
"L 289",0.00894978786244205,153,20,133,0.0122532676554497,0.00495037442632365,152,19,0.0119614832115126,152,19,"26"
"LH1",0.0347390742273089,213,191,22,0.0284727071781373,0.0192123236206206,203,181,0.0464092214501913,203,181,"26"
"LH119",0.0223009641277816,288,98,190,0.006859305804308,0.0135279469612615,296,106,0.0326990773767614,296,106,"26"
"LH128",0.0408509227306025,395,221,174,0.0083093524792457,0.0265070058243042,423,249,0.0640682126015558,423,249,"26"
"LH143 (Maintainer)",0.0411374569200748,487,224,263,-0.000404179433672026,0.0221700965557023,479,216,0.0535528776267962,479,216,"26"
"LH146Ht",0.0195443406573836,301,76,225,0.00370563565303364,0.00942027523573957,285,60,0.0227550236199261,285,60,"26"
"LH149",0.0541973424617043,515,279,236,0.00285090984408331,0.0327346437422654,520,284,0.0791222719379081,520,284,"26"
"LH165",0.0271857924039347,258,132,126,0.0127392710002603,0.0131250530053299,227,101,0.0317037357814317,227,101,"26"
"LH166",0.00965352114256527,326,29,297,-0.00716069571146095,0.00472527953423308,312,15,0.0114150787967541,312,15,"26"
"LH184",0.0254345716477494,370,119,251,0.000500067567555692,0.015681857904842,388,137,0.0379061695339064,388,137,"26"
"LH190",0.0498600454681587,429,271,158,0.0101734257639283,0.0263161002610064,405,247,0.0635669404709421,405,247,"26"
"LH192",0.0312964636419573,259,165,94,0.0158827707676883,0.0196165145309228,280,186,0.047412590220449,280,186,"26"
"LH194",0.0475987586315131,399,263,136,0.011930790954664,0.0329198794529637,422,286,0.0795711821011535,422,286,"26"
"LH195",0.0281078288266527,274,140,134,0.0122381532108666,0.0175200631167577,296,162,0.0423419005224941,296,162,"26"
"LH197",0.0326191878765708,449,179,270,-0.00227818775643474,0.0168886705304087,419,149,0.0408037304424261,419,149,"26"
"LH198",0.0430743157754599,413,238,175,0.00828180762355231,0.0258578656489316,419,244,0.0624954221871873,419,244,"26"
"LH202",0.0357315542510961,453,197,256,-0.000178274140263399,0.0174570228897179,415,159,0.0421668883937751,415,159,"26"
"LH204",0.0791697323349024,403,318,85,0.0168408956644417,0.0506078576195824,405,320,0.122329470853878,405,320,"26"
"LH205",0.0542909177781009,305,280,25,0.0270575525135954,0.0331857656767422,313,288,0.0802074637340482,313,288,"26"
"LH206",0.0265087906971737,431,122,309,-0.010868524990713,0.012772577458817,406,97,0.0308528347811255,406,97,"26"
"LH208",0.0322672997339586,253,175,78,0.01743220350348,0.0174498926965999,236,158,0.0421625243198391,236,158,"26"
"LH209",0.0303321795230037,222,159,63,0.0193388618703417,0.0171969555841992,219,156,0.0415538884864072,219,156,"26"
"LH214",0.0738517068592228,457,313,144,0.0109398982998273,0.0447904731002028,459,315,0.1082577765504,459,315,"26"
"LH215",0.0285603591160837,227,147,80,0.0173287345591766,0.0137856826331717,191,111,0.0332995247967995,191,111,"26"
"LH222",0.06514850228547,458,304,154,0.0104287682075767,0.0427387517764467,468,314,0.103301474868226,468,314,"26"
"LH223",0.00538628305457647,333,9,324,-0.0191088350440756,0.00332461902533871,334,10,0.00803503518888095,334,10,"26"
"LH224",0.0286176935024458,469,148,321,-0.0168633743741883,0.0174601598350333,481,160,0.0421930690844868,481,160,"26"
"LH295",0.0526539259141508,425,276,149,0.0107422232103694,0.0275732935829815,406,257,0.0666168481522189,406,257,"26"
"LH60",0.0527366556348644,389,278,111,0.0139930903544587,0.0319621056864835,393,282,0.077252137962532,393,282,"26"
"LH74",0.0275338402456482,285,135,150,0.0107223212623007,0.0183105494625808,324,174,0.0442596595140374,324,174,"26"
"LH82",0.0283902727771905,371,142,229,0.00342761856697905,0.0165980378654704,376,147,0.040114332450131,376,147,"26"
"LH93",0.0953080092987662,326,324,2,0.0474729578406417,0.0588441362417933,326,324,0.142216094258856,326,324,"26"
"LIBC 4",0.000708482241064646,258,1,257,-0.000255106698086746,0.000358908353937321,258,1,0.000866931804593457,258,1,"26"
"LP1 NR HT",0.0301281204562887,342,158,184,0.0073748097971937,0.0182308473898887,357,173,0.0440642538538172,357,173,"26"
"LP5",0.0470152131780344,520,259,261,-0.000388999563174997,0.0288016816887509,526,265,0.0696103367565465,526,265,"26"
"M14",0.0343355434045497,468,187,281,-0.00378179107699028,0.0233992542731455,507,226,0.0565581105033811,507,226,"26"
"MBPM",0.050473284572727,387,272,115,0.013280937697199,0.0306119566823506,392,277,0.0739936538863456,392,277,"26"
"MBWZ",0.0160350474092652,180,61,119,0.0131218515283463,0.0100371375642212,187,68,0.0242571708085537,187,68,"26"
"Mo17",0.0674359425574235,605,309,296,-0.00678299689579698,0.038036222516388,600,304,0.0919083221015342,600,304,"26"
"Mo1W",0.0267423684080418,165,125,40,0.0232651843103877,0.0142765389574808,158,118,0.034488456789841,158,118,"26"
"Mo47",0.0313886106701037,444,166,278,-0.00300363516745305,0.0191123972071587,457,179,0.0461979050143175,457,179,"26"
"Mo5",0.0266383363842241,193,124,69,0.0184487606934011,0.0144670072843396,189,120,0.0349595608108967,189,120,"26"
"MQ305",0.0593302486108853,338,294,44,0.022783319223435,0.0311223312649679,325,281,0.0751894944628629,325,281,"26"
"MS116",0.0283932054198234,451,143,308,-0.010699033602149,0.0136859767973486,417,109,0.0330589685463742,417,109,"26"
"MS132",0.0347498282855933,491,192,299,-0.00770730776895471,0.0220816170912425,513,214,0.0533628231378118,513,214,"26"
"MS200",0.0471161190142178,549,260,289,-0.00608951990781425,0.0301219508486348,563,274,0.0728108711180429,563,274,"26"
"MS211",0.0315853906539152,369,168,201,0.00585242763703802,0.0169365029350015,353,152,0.0409215711234715,353,152,"26"
"MS221",0.0450436337459527,319,247,72,0.0181768303042814,0.0236716495128654,302,230,0.0571882695702408,302,230,"26"
"MS224",0.0159742257445323,298,59,239,0.00211883309392909,0.00996952989636694,305,66,0.0240939509911643,305,66,"26"
"MS225",0.0312455823787368,476,164,312,-0.0128343825122516,0.0216175296224026,519,207,0.052252075614324,519,207,"26"
"MS226",0.0462549704744713,523,251,272,-0.00236036403641297,0.0223330039564442,491,219,0.0539479778306004,491,219,"26"
"MS67",0.0385465385662126,219,210,9,0.031555688880699,0.0245544308182345,242,233,0.059353091589849,242,233,"26"
"MS71",0.0122035272508674,165,35,130,0.0124683230953687,0.00808694962692233,179,49,0.019546625634169,179,49,"26"
"MS72",0.0148766620353076,340,52,288,-0.00598836324115004,0.00916439924469318,346,58,0.0221521652339359,346,58,"26"
"N192",0.0148425532895003,212,51,161,0.00995396212271838,0.00723224519386408,200,39,0.0174692947767851,200,39,"26"
"N200",0.0221254253837529,167,96,71,0.018335535102573,0.0145725653956107,193,122,0.0352244828635422,193,122,"26"
"N201",0.0292529837762862,392,152,240,0.00208674846519571,0.0176691290161022,405,165,0.0427078019217287,405,165,"26"
"N209",0.0405431176510233,389,220,169,0.00872115649254036,0.0245184329795112,401,232,0.0592617342695787,401,232,"26"
"N217",0.0617441841455049,314,298,16,0.0300920401350663,0.0339411257419405,309,293,0.0820211616779853,309,293,"26"
"N218",0.0238233302199642,208,106,102,0.014376046531911,0.0151764618524045,237,135,0.0366761935703759,237,135,"26"
"N28Ht",0.0199181136490612,108,80,28,0.026822309107561,0.0124891135740193,120,92,0.0301828433859547,120,92,"26"
"N501",0.00941144398019638,150,26,124,0.012759559999288,0.00626703644711118,157,33,0.0151478279228764,157,33,"26"
"N523",0.0181341879389227,320,70,250,0.000585223816464279,0.00885139966957585,307,57,0.0213825528139854,307,57,"26"
"N527",0.032088351543865,491,172,319,-0.0166105791193297,0.0194663542232891,503,184,0.0470531073726652,503,184,"26"
"N534",0.0186835156848067,229,72,157,0.0102112190653276,0.0112858707145534,238,81,0.0272789789194227,238,81,"26"
"N542",0.0112596805301067,256,34,222,0.00386085530576226,0.00549450687759966,249,27,0.0132718188606184,249,27,"26"
"NC250",0.0174692249290678,69,68,1,0.0565323167544766,0.010565159605487,74,73,0.0255372699079274,74,73,"26"
"NC262",0.0390306139498019,298,212,86,0.0167394296810596,0.0219170317547702,299,213,0.052966252410968,299,213,"26"
"NC294",0.0200878057935259,289,81,208,0.00530109097481064,0.0115339393758329,292,84,0.0278747004856104,292,84,"26"
"NC310",0.0317124656883462,211,169,42,0.0230133710401197,0.0170887034678452,196,154,0.0412810342107948,196,154,"26"
"NC326",0.0365240731044492,376,200,176,0.00821724100442438,0.0191471713337105,356,180,0.0462620319038245,356,180,"26"
"NC328",0.0274735625953414,312,134,178,0.00787339632251697,0.0157223611836545,316,138,0.0379911572782523,316,138,"26"
"NC342",0.032556496037765,410,178,232,0.00321951521300801,0.0217274860831324,442,210,0.052518876568585,442,210,"26"
"NC412",0.041735849966251,355,230,125,0.012756615700085,0.0207693755440398,324,199,0.0501757194292447,324,199,"26"
"ND259",0.0284108075803064,235,144,91,0.0161359978944928,0.0192242542443713,274,183,0.046467828167197,274,183,"26"
"ND265",0.00266889467614756,201,3,198,0.00600486954738828,0.00167428905056123,202,4,0.00404607403223592,202,4,"26"
"NK740",0.0376615833215461,301,206,95,0.0158183673677306,0.022781342428822,318,223,0.0550514520836006,318,223,"26"
"NK778",0.0933597278852725,445,323,122,0.0128206811580577,0.0515646762362082,443,321,0.124610983412492,443,321,"26"
"NK807",0.00547439426579187,169,10,159,0.0101181952928017,0.00346305322007001,170,11,0.00836884492651111,170,11,"26"
"NKS8326",0.0337052060908279,242,184,58,0.0199715572621437,0.0211144185223347,260,202,0.0510379530256013,260,202,"26"
"NORTH 7",0.00896430076398154,327,21,306,-0.00997935500685502,0.00582971284603179,335,29,0.0140906061536088,335,29,"26"
"NS501",0.00782443133909106,320,15,305,-0.00928090647194398,0.00493089074294868,323,18,0.0119165071340757,323,18,"26"
"NS701",0.0131025622916975,96,41,55,0.0211695079950094,0.00815727118409364,106,51,0.019714277851047,106,51,"26"
"NY6371",0.0303917443190832,327,160,167,0.00892600204683799,0.0149571434623876,299,132,0.0361283978903069,299,132,"26"
"Ny821",0.0746464317180612,639,314,325,-0.0215273521317527,0.0454225894269816,642,317,0.109793977977665,642,317,"26"
"OH33",0.0150628392124238,343,53,290,-0.00620482998251537,0.00729224436442021,330,40,0.0176143745158845,330,40,"26"
"Oh40B",0.0547047008118929,401,281,120,0.0129628821120899,0.0306973212391995,398,278,0.074185233693996,398,278,"26"
"Oh43",0.0347603311082952,355,193,162,0.00991581712617436,0.0168691228218004,310,148,0.040750340596703,310,148,"26"
"Oh7",0.0509275761266106,400,273,127,0.0126253032462893,0.0251371588726852,366,239,0.0607177952115545,366,239,"26"
"OQ403",0.0438550679631581,418,241,177,0.00788284473739866,0.0278792466937212,437,260,0.0673840745914171,438,261,"26"
"OQ603",0.00953237944406562,183,27,156,0.010314732549494,0.00512332365706275,177,21,0.0123764360239167,177,21,"26"
"Os420",0.0124857906897873,354,37,317,-0.014508802596461,0.0061803504150986,349,32,0.0149306144830534,349,32,"26"
"Pa392",0.0841678328117334,603,321,282,-0.003811948247998,0.0454514406601051,600,318,0.109831842868393,600,318,"26"
"Pa405",0.00616120216031547,272,12,260,-0.00037595322984862,0.00330891004635758,269,9,0.007994927132255,269,9,"26"
"Pa875",0.0271639043659787,323,130,193,0.0065714414172073,0.0150850167982222,327,134,0.0364497859944319,327,134,"26"
"Pa880",0.00407126259158134,187,6,181,0.00762943387295238,0.00239212229131208,187,6,0.00578134369870898,187,6,"26"
"Pa91",0.0219182225646885,100,94,6,0.0344708668480421,0.01486940120098,136,130,0.0359406132224216,136,130,"26"
"PH207",0.02399013548202,298,107,191,0.00674614148223805,0.0146594571708983,317,126,0.0354345696052006,317,126,"26"
"PHB09",0.0681756296541176,378,310,68,0.0186247003018671,0.0383562280046957,373,305,0.0926946814113303,373,305,"26"
"PHB47",0.0548245447053666,495,283,212,0.00511733426369897,0.0295877880805745,481,269,0.071497748657823,481,269,"26"
"PHBA6",0.0485510289586562,551,265,286,-0.00538567951861735,0.0269147057312966,536,250,0.0650336089296033,536,250,"26"
"PHBB3",0.00917355337827114,120,24,96,0.01571950279022,0.00472906339699443,112,16,0.011425526728367,112,16,"26"
"PHG29",0.0631278411488909,316,301,15,0.030104720536455,0.0399252539886995,324,309,0.0964868030622505,324,309,"26"
"PHG71",0.0390993117654821,420,213,207,0.00547147735481063,0.0205174188569575,403,196,0.0495732805743132,403,196,"26"
"PHG83",0.0247851378820245,228,114,114,0.0136152485982887,0.0150274652054153,247,133,0.0363235857364497,247,133,"26"
"PHG86",0.0261766249268236,260,121,139,0.011429694883522,0.0160217753422848,281,142,0.0387234536617477,281,142,"26"
"PHH93",0.0466950096558583,426,255,171,0.00859630212583071,0.0230156459947683,395,224,0.0556010539353118,395,224,"26"
"PHHH9",0.0657267134011129,367,306,61,0.0197089339915543,0.0410704651858004,372,311,0.0992571218678243,372,311,"26"
"PHHV4",0.0453348205685599,379,248,131,0.012446817477222,0.026277916603453,377,246,0.0635080895828255,377,246,"26"
"PHJ70",0.0430501227711172,251,237,14,0.0301471238738927,0.0295461430100272,282,268,0.0714167825535866,282,268,"26"
"PHJ89",0.0289612499331572,437,150,287,-0.00561565448048692,0.0175391569165022,450,163,0.0423945435338209,450,163,"26"
"PHJ90",0.0205615385922709,313,86,227,0.00345098972603426,0.0126325449473846,320,93,0.030535306829585,320,93,"26"
"PHJR5",0.100935022612463,370,325,45,0.022526934122931,0.0610668148182495,370,325,0.147606195200634,370,325,"26"
"PHK42",0.024681018572601,229,113,116,0.0132053876802489,0.0118956183699717,204,88,0.0287343205034739,204,88,"26"
"PHK74",0.00493961129067401,259,7,252,0.000474941828182696,0.00285006394857909,260,8,0.0068879513534767,260,8,"26"
"PHKE6",0.017143302547298,164,67,97,0.0154196052189927,0.00862563877466272,152,55,0.0208349170647798,152,55,"26"
"PHM10",0.0215817896724877,233,92,141,0.0112033346503547,0.0115278775290259,224,83,0.0278483551960197,224,83,"26"
"PHN11",0.0293610510785953,204,153,51,0.0217883854792124,0.0149202772880442,182,131,0.0360467725062594,182,131,"26"
"PHN29",0.0199015307703618,92,79,13,0.0302852804846096,0.00974277538525412,76,63,0.0235360870521798,76,63,"26"
"PHN66",0.049423620117993,417,269,148,0.010745741331102,0.0304455618080903,424,276,0.0735821340665943,424,276,"26"
"PHN82",0.0307415212633487,265,162,103,0.0143127385886741,0.0165036295039237,249,146,0.0398797544593199,249,146,"26"
"PHP02",0.0336197772675666,222,183,39,0.023376095744675,0.0170991091802153,194,155,0.0413108093040888,194,155,"26"
"PHP55",0.0524992347910266,488,275,213,0.00511012313263405,0.0364657485778496,512,299,0.0881417393108616,512,299,"26"
"PHP76",0.035507672348426,384,196,188,0.00710885410331074,0.0205839768792299,386,198,0.0497470654090959,386,198,"26"
"PHPR5",0.022446170897628,316,99,217,0.00415808463761673,0.0138655652392754,329,112,0.0335069784315438,329,112,"26"
"PHR03",0.00839293091077676,27,17,10,0.0315151082071279,0.00575296689267111,38,28,0.0139056620055389,38,28,"26"
"PHR30",0.0278925701627892,144,139,5,0.035387576637373,0.0169137681375461,156,151,0.0408830726692939,156,151,"26"
"PHR31",0.0566969925318223,397,288,109,0.0140497927519927,0.0277856033907247,368,259,0.0671232187438711,368,259,"26"
"PHR36",0.0475631788937339,379,262,117,0.0131505628033869,0.0249837257820083,354,237,0.0603651307733873,354,237,"26"
"PHR47",0.0670589310632284,451,308,143,0.0110246270063487,0.037381072196,445,302,0.0903365672435518,445,302,"26"
"PHR63",0.0511029524409322,306,274,32,0.0251105478112627,0.0301142921896444,305,273,0.0727812563008626,305,273,"26"
"PHT10",0.0329003459207393,219,181,38,0.0233951059935753,0.0172619621965084,195,157,0.0417036722085419,195,157,"26"
"PHT47",0.0387891692006109,244,211,33,0.0248665287772334,0.0235122323308983,260,227,0.0568288206774055,260,227,"26"
"PHT55",0.0138551087209625,86,45,41,0.0230859219685097,0.00742735263359076,83,42,0.0179475440908397,83,42,"26"
"PHTM9",0.044047008297967,462,242,220,0.00390923644391932,0.027491495314359,476,256,0.0664459931728291,476,256,"26"
"PHV37",0.0394174765459521,485,217,268,-0.00223802958186732,0.0222818139536192,486,218,0.0538405062018471,486,218,"26"
"PHV57",0.0154771940129031,219,56,163,0.0097745636865714,0.00854081945278822,217,54,0.0206312264145246,217,54,"26"
"PHV63",0.0165522344876029,246,64,182,0.00753023129107604,0.0100213258164562,249,67,0.0242216155262506,249,67,"26"
"PHVA9",0.0188485891567271,152,73,79,0.017425444869367,0.0116508166883918,164,85,0.0281549203088887,164,85,"26"
"PHVJ4",0.0667313283802307,553,307,246,0.00164706307548103,0.0327643034608582,531,285,0.0791409542254516,531,285,"26"
"PHW03",0.0229775320357755,187,100,87,0.0165740387666404,0.0146322550986238,211,124,0.0353691615763491,212,125,"26"
"PHW17",0.0137699347420155,262,44,218,0.00396524989764094,0.00809756425362665,268,50,0.0195704244254674,268,50,"26"
"PHW20",0.0344217897766619,270,189,81,0.0172797424227857,0.0213933846139716,285,204,0.051712217679185,285,204,"26"
"PHW30",0.0413293622186234,253,226,27,0.026935963782892,0.0217203709682905,236,209,0.0524741699521882,236,209,"26"
"PHW52",0.0472622593877086,527,261,266,-0.00183994022372066,0.0236640225530018,495,229,0.057169549067342,495,229,"26"
"PHW53",0.021445301313669,117,91,26,0.0269994123696991,0.0130228212936791,125,99,0.0314757270600984,125,99,"26"
"PHW80",0.0335056927677895,252,182,70,0.0183791808330334,0.0180792014389284,242,172,0.0436711677353926,242,172,"26"
"PHWG5",0.0212931812284728,363,90,273,-0.00244460900143268,0.0107788321095015,350,77,0.0260410136500481,350,77,"26"
"PHZ51",0.011209683877995,188,33,155,0.0103628049684803,0.00587881274700828,185,30,0.0142040369032701,185,30,"26"
"R168",0.0422563440969643,401,235,166,0.00916260307296304,0.0221485691159093,381,215,0.0535136778670673,381,215,"26"
"R177",0.0177849034574026,273,69,204,0.00565280312862432,0.0117621512131485,291,87,0.0284311594488462,291,87,"26"
"R181B",0.0122540661629309,316,36,280,-0.003696126053541,0.00741579205161796,321,41,0.0179203791170775,321,41,"26"
"R226",0.0231877458947443,176,102,74,0.0178706895685826,0.0141625677201779,190,116,0.0342296434994675,190,116,"26"
"R229",0.0468048581557774,430,257,173,0.008406734131431,0.0245831168474486,407,234,0.0593905316934493,407,234,"26"
"R71",0.00907026987707797,277,23,254,-1.7598608383357e-05,0.0051710162763783,276,22,0.0124950727066682,276,22,"26"
"R78",0.0372647363842867,458,203,255,-2.95664553910217e-05,0.0225420335215285,476,221,0.0544868922371084,476,221,"26"
"SD101",0.0147287852029999,319,50,269,-0.00227178689148931,0.00806255246305521,317,48,0.0194835528266004,317,48,"26"
"SD102",0.023024039309486,336,101,235,0.00288194446911561,0.0112227529370126,315,80,0.0271109697969951,315,80,"26"
"SD107",0.0152452727176904,199,54,145,0.0108678542519873,0.00818580661747638,197,52,0.0197731430757877,197,52,"26"
"SD40",0.0249885066704835,269,116,153,0.0106284448471284,0.0151876291311139,289,136,0.036707847594528,289,136,"26"
"SG 30A",0.0253694398687703,419,118,301,-0.00781453127427104,0.0140601973930009,415,114,0.0339636828435727,415,114,"26"
"Tr",0.0273614009051967,410,133,277,-0.0029047316732381,0.0162804953108689,420,143,0.0393476826033449,420,143,"26"
"TZU-CHIAO-HSI-WU 105",0.020328455771945,346,84,262,-0.00039203265560469,0.010857997993326,340,78,0.0262370716213187,340,78,"26"
"Va26",0.0265972853537487,229,123,106,0.0141491695800694,0.0146359015985771,231,125,0.0353687841150516,230,124,"26"
"Va35",0.0204235140840033,147,85,62,0.0193966808544984,0.0106507133942066,138,76,0.0257328816485212,138,76,"26"
"Va99",0.0300151570548986,221,157,64,0.0191607545395733,0.0201965005488642,254,190,0.0488180328584088,254,190,"26"
"W182E",0.0414430334444841,539,228,311,-0.0119558972631223,0.020924223550201,511,200,0.0505514050648692,511,200,"26"
"W22",0.0207591066023811,200,88,112,0.01369645514144,0.0104804599504656,183,71,0.0253151935307028,183,71,"26"
"W24",0.038394486510431,349,209,140,0.0113400724362363,0.0257862380619398,383,243,0.0623272495308981,383,243,"26"
"W32",0.00953396163778043,332,28,304,-0.00917402887427466,0.00642637960420108,339,35,0.0155335289654793,339,35,"26"
"W552",0.0277314955779314,214,137,77,0.01747086624132,0.0148365821012483,205,128,0.0358411782613814,205,128,"26"
"W603S",0.0142377759482975,343,49,294,-0.00663999050722167,0.00693445480415708,332,38,0.0167516193738681,332,38,"26"
"W604S",0.0370477539943551,214,202,12,0.0311002886198254,0.0251551079095791,252,240,0.0608020687961153,252,240,"26"
"W605S",0.0140401909364959,233,47,186,0.00723795620863763,0.00848347069221167,239,53,0.0205036826013981,239,53,"26"
"W607S",0.029655053152942,179,155,24,0.0280504062264487,0.0201782008724977,213,189,0.0487725003781512,213,189,"26"
"W610S",0.0237204824057801,247,105,142,0.0111840016628847,0.0143902538408497,261,119,0.034783410623898,261,119,"26"
"W611S",0.0129472408301499,354,40,314,-0.0129878923082723,0.00639323239251725,348,34,0.0154425945961556,348,34,"26"
"W612S",0.036648494917103,373,201,172,0.00856576111922335,0.0215993332933462,378,206,0.0522020189443742,378,206,"26"
"W614S",0.0341255983615347,479,186,293,-0.00655099085129763,0.0216708813915839,501,208,0.0523829912457326,501,208,"26"
"W64A",0.0277938112513449,204,138,66,0.019071851236214,0.0133924944956954,171,105,0.0323504870042686,170,104,"26"
"W701BC",0.00605755259611288,259,11,248,0.000976305542320974,0.00376253377874604,262,14,0.00909324588465318,262,14,"26"
"W803G",0.080955462196324,327,319,8,0.0320034666453847,0.0521463226059417,330,322,0.126038628686882,330,322,"26"
"W810G",0.0222254535320692,293,97,196,0.00609652161834701,0.0129362571115334,294,98,0.0312594583303162,294,98,"26"
"W811G",0.0184697394898414,286,71,215,0.00445342229898197,0.00970718033376151,276,61,0.0234515347825429,276,61,"26"
"W813G",0.0269791749670772,350,126,224,0.00381057058163037,0.0164142656032234,369,145,0.0396760072315787,369,145,"26"
"W8304",0.0418790407864555,425,231,194,0.00641854141271433,0.0274254578624102,449,255,0.06629237123909,449,255,"26"
"W9",0.0036339440272549,142,5,137,0.011808702250107,0.00224248905331588,142,5,0.00541971581407447,142,5,"26"
"WIL900",0.0776144304829902,373,317,56,0.0205076261490888,0.0374017711078649,359,303,0.0903456224931616,359,303,"26"
"YE 4",0.0607657971370333,406,296,110,0.013994170542509,0.0336636068950962,401,291,0.0813408108377111,401,291,"26"
"YING-55",0.0284446821160879,362,146,216,0.00430827813907373,0.0137517473869951,326,110,0.0332192017782171,326,110,"26"
"Yu796 NS",0.0440632386047534,523,244,279,-0.00335588147664071,0.0277248044845904,537,258,0.0670166357609751,537,258,"26"
"ZS365",0.0750731272163606,332,315,17,0.02989009022194,0.0388706780544507,323,306,0.0938917523377644,323,306,"26"
"ZS635",0.00824601168291805,124,16,108,0.0141290335289036,0.00532337912644799,133,25,0.0128676531233361,133,25,"26"
"1538",0.00346636351914551,288,7,281,-0.00253619822499928,0.0029418739315217,295,14,0.00949427528987896,295,14,"27"
"29MIBZ2",0.0294943329116508,517,211,306,-0.00615890569600736,0.0237052646099892,545,239,0.0765039211262423,545,239,"27"
"2FACC",0.0105815201802914,277,39,238,0.00209605455157135,0.0072530811380402,285,47,0.0234063192231568,285,47,"27"
"2MA22",0.0545909760339065,346,310,36,0.0182257700219097,0.0460856412014313,353,317,0.148729955981479,353,317,"27"
"3IJI1",0.0197840974733973,155,121,34,0.019376690546453,0.0091736593112807,105,71,0.0295929241962914,105,71,"27"
"4226",0.0189836795909212,421,108,313,-0.00892218680491599,0.0105295068740873,401,88,0.0339738349366744,401,88,"27"
"4N506",0.0322024048403326,499,228,271,-0.000615167303765362,0.0152362756902289,418,147,0.0491549230034191,418,147,"27"
"6M502",0.0370827907611626,384,263,121,0.010857134493983,0.0256588665911633,372,251,0.0828036852207771,372,251,"27"
"6M502A",0.0387485100018657,477,273,204,0.00461563373644373,0.0299139401852759,488,284,0.0965383288757179,488,284,"27"
"764",0.0128588757540221,82,56,26,0.020691611014886,0.0108719273685717,118,92,0.0350868590038474,118,92,"27"
"78010",0.045349097605364,321,291,30,0.019919383700315,0.0372759649459214,331,301,0.120300595499195,331,301,"27"
"793",0.0382149110610284,409,270,139,0.00926299198680303,0.0326938834425262,430,291,0.10551248111109,430,291,"27"
"87916W",0.0107611965444964,256,43,213,0.00384521256992528,0.00484542032207016,236,23,0.0156313021608624,236,23,"27"
"911",0.00594804500429476,120,16,104,0.0120452487860714,0.00296677083848736,119,15,0.00957076121677094,119,15,"27"
"912",0.00307638619649286,273,5,268,-0.00022982914097567,0.00177700171598168,273,5,0.00573375209142261,273,5,"27"
"91IFC2",0.0496252858873114,616,297,319,-0.010343341408697,0.0376381670184362,623,304,0.121467977148672,623,304,"27"
"A",0.0285547853030254,406,207,199,0.00538220673217157,0.0206766001841937,416,217,0.0667264602787365,416,217,"27"
"A208",0.0122048943402104,260,49,211,0.00400111538362858,0.00937108784285318,285,74,0.0302430464244927,285,74,"27"
"A239",0.00221004829750334,193,4,189,0.00628984399613567,0.00160631964639982,193,4,0.00518373429733426,193,4,"27"
"A272",0.015074497069909,204,78,126,0.0104454654188341,0.00997834779980718,208,82,0.0322004938086336,208,82,"27"
"A305",0.0155607267921909,298,80,218,0.00339152732851832,0.00683796020349413,261,43,0.0220582687545778,261,43,"27"
"A322",0.0384092717812256,422,271,151,0.00848478563805299,0.0313959294822714,439,288,0.101323993764688,439,288,"27"
"A334",0.0263507887026612,487,192,295,-0.00433121294003702,0.0216112030290381,518,223,0.0697444997768504,518,223,"27"
"A340",0.0394262687338723,440,276,164,0.00764049154231027,0.0300785377888829,450,286,0.0970692601520635,450,286,"27"
"A385",0.0259818877612969,478,187,291,-0.00373425104205496,0.022249400596278,518,227,0.0718045404742263,518,227,"27"
"A401",0.0283206441978665,281,204,77,0.0139917544420323,0.0174518644564541,254,177,0.0563154288251678,254,177,"27"
"A548",0.0191481251986451,284,111,173,0.00708050167731796,0.0122045115504874,281,108,0.0393836092015351,281,108,"27"
"A572",0.0371332449425544,544,264,280,-0.00251057428716835,0.0283099701724969,554,274,0.0913617359362925,554,274,"27"
"A619",0.012504585309771,273,51,222,0.00329424908844233,0.00905776074798313,291,69,0.0292295761274864,291,69,"27"
"A627",0.0302531246268505,286,216,70,0.0142982768038508,0.0259385086560946,325,255,0.0837109366230645,325,255,"27"
"A632",0.0136859162581845,299,67,232,0.00238435498666966,0.0100316326872107,316,84,0.0323736267160213,316,84,"27"
"A635",0.0126575269727012,195,53,142,0.00914556130671729,0.00563069129512726,171,29,0.0181642610177605,171,29,"27"
"A641",0.0239628547857831,310,164,146,0.00859402645969734,0.0148048850075361,288,142,0.047771674690038,288,142,"27"
"A648",0.017790805766292,122,99,23,0.021129228779067,0.0129197846478034,138,115,0.0416931348816495,138,115,"27"
"A663",0.0298740471929582,376,214,162,0.00768771911548175,0.0177487782919583,343,181,0.0572698240098289,343,181,"27"
"A672",0.0306455625887064,431,217,214,0.00372612341279092,0.0252528028664663,462,248,0.0814982766620386,462,248,"27"
"A674",0.028683627343088,455,208,247,0.00181512878409901,0.0239931413841285,490,243,0.0774328987997697,490,243,"27"
"A679",0.0311493955363848,509,219,290,-0.00360478645603838,0.0262866824292518,547,257,0.0848347561392955,547,257,"27"
"A680",0.0522392657360957,520,305,215,0.00369495115564566,0.0418838996945978,527,312,0.135171753859059,527,312,"27"
"A71",0.0885319067756727,345,325,20,0.0218380234372073,0.0692226800610835,345,325,0.223401450136415,345,325,"27"
"A73",0.0273208819817951,449,200,249,0.00168997181372366,0.0179769219354924,433,184,0.0580120154397035,433,184,"27"
"A797NW",0.013502950104592,160,65,95,0.0125956455267227,0.00653744567474226,135,40,0.0210914178272104,135,40,"27"
"AQA3",0.024808540753714,494,169,325,-0.0160058853269633,0.0110201231267427,421,96,0.0355501499943541,421,96,"27"
"AS6103",0.0280889079591936,223,202,21,0.0215013832557706,0.0223953640732142,251,230,0.0722764491144183,251,230,"27"
"AusTRCF 306238",0.0365321687805608,351,258,93,0.0128818655009546,0.0220083581994458,318,225,0.0710175453252422,318,225,"27"
"B-28",0.0389834799998539,460,274,186,0.00642890589534198,0.0328696094159166,478,292,0.10607978230547,478,292,"27"
"B103",0.0117498575553914,336,47,289,-0.00353304745229267,0.00893697728443379,356,67,0.0288419465795886,356,67,"27"
"B104",0.0203371863895195,236,125,111,0.0114854288928123,0.00895010566195635,179,68,0.0288713769437909,179,68,"27"
"B105",0.0137279696002556,106,68,38,0.0178565108633216,0.0102885905879633,124,86,0.0332036757928702,124,86,"27"
"B108",0.0254830818467266,289,179,110,0.0115194723777577,0.0192253540763014,312,202,0.0620449525755592,312,202,"27"
"B109",0.0537693426102085,317,309,8,0.0274678895672154,0.0297887645915182,291,283,0.0961143323322135,291,283,"27"
"B111",0.0092849017122761,146,31,115,0.0110434960650703,0.00510217031058409,140,25,0.0164620544462101,140,25,"27"
"B115",0.0257368942103032,433,183,250,0.00162724104676708,0.0200005289979514,460,210,0.0645473622033164,460,210,"27"
"B119",0.051183277973485,607,302,305,-0.00595846865018503,0.0392207956060244,612,307,0.12657607414671,612,307,"27"
"B120",0.00830750219270053,79,27,52,0.015794263111736,0.0062131336112312,88,36,0.0200511972094554,88,36,"27"
"B121",0.00409408530751242,190,8,182,0.006678749494845,0.00269300379567683,193,11,0.00868987842096807,193,11,"27"
"B14A",0.0381248632565084,444,269,175,0.00704162571427906,0.0295605068455012,455,280,0.0954000614784694,455,280,"27"
"B164",0.00531134798097817,249,12,237,0.00209705771891067,0.0026140316211335,246,9,0.00843276653252125,246,9,"27"
"B2",0.0189988193809039,162,109,53,0.0157144399753552,0.0136615073614058,179,126,0.0440876184490038,179,126,"27"
"B37",0.0224336300670813,218,147,71,0.0142439359901111,0.0188939571011987,267,196,0.0609755330255744,267,196,"27"
"B57",0.0236670021425664,321,158,163,0.00765580774801699,0.0134610542983647,287,124,0.0434336638352096,287,124,"27"
"B66",0.0718399812781678,384,323,61,0.0153617773407201,0.0545936348166359,384,323,0.176187766333863,384,323,"27"
"B68",0.0199732632162823,212,122,90,0.0129950207030153,0.016261451082146,252,162,0.052480537713946,252,162,"27"
"B73",0.00555475777816942,141,13,128,0.0103560412735456,0.00284264281029789,141,13,0.00917148949851019,141,13,"27"
"B75",0.020802993470256,272,127,145,0.00877050679649831,0.0157004273079921,298,153,0.0506681857929052,298,153,"27"
"B76",0.0298099492392606,537,213,324,-0.0132843665021187,0.013329653007192,442,118,0.0430009753152878,442,118,"27"
"B77",0.0168087014612654,127,90,37,0.017982813204498,0.0139823222551404,169,132,0.0451243798584198,169,132,"27"
"B79",0.00771755088821712,265,24,241,0.00203968119757932,0.00635752476195388,279,38,0.0205176162780102,279,38,"27"
"B87",0.0339681523081834,480,238,242,0.00200980181809804,0.024866646910162,487,245,0.0802486228427723,487,245,"27"
"B88",0.0453252117351907,372,290,82,0.0135193678381026,0.0366698370149535,381,299,0.118344464377997,381,299,"27"
"B91",0.0251624613426437,340,173,167,0.0071905252329593,0.0190841344739857,365,198,0.0615893753031407,366,199,"27"
"B97",0.0269395002521194,281,198,83,0.0134892990014937,0.0160283141041642,241,158,0.0517203204703441,241,158,"27"
"BEI 10 = NORTH 10",0.0116101308514481,323,46,277,-0.00195628054237662,0.00758097463884129,328,51,0.024463915626887,328,51,"27"
"BO9",0.0390986509318695,593,275,318,-0.01031030525278,0.0290492153075508,595,277,0.0937479105521638,595,277,"27"
"CG102",0.0484853938981115,344,295,49,0.0164414873098043,0.0361066282527158,347,298,0.116523906897672,347,298,"27"
"CH701-30",0.0187940077689437,422,106,316,-0.0101653897353224,0.0136398769429268,441,125,0.0440168015602775,441,125,"27"
"CH711-10",0.0334400975715866,509,236,273,-0.00106902768499267,0.0200757978549731,485,212,0.0647787291538324,485,212,"27"
"CH753-4",0.0218167585372804,389,136,253,0.00138772294782001,0.0190875337083704,453,200,0.0616007028473733,453,200,"27"
"CH9",0.0218988715116794,315,138,177,0.00689321473236352,0.0167097113369931,347,170,0.0539254731772142,347,170,"27"
"CI 40H",0.0174226214695576,297,94,203,0.004841852461649,0.0127172907866076,316,113,0.0410403172598537,316,113,"27"
"CR 22 INBRED",0.0370642073135306,574,262,312,-0.00880206577891935,0.0238847033670145,554,242,0.0770757396633963,554,242,"27"
"DE2",0.00340028948713025,107,6,101,0.0122079600550874,0.00278561440531241,113,12,0.00899000494343289,113,12,"27"
"DE3",0.013491476204599,144,64,80,0.0136978677836163,0.00609019566253468,114,34,0.0196470077355667,114,34,"27"
"DE4",0.0258545451677862,223,184,39,0.0178433853149974,0.0142907591853799,174,135,0.0461100373450218,174,135,"27"
"DE811",0.0189324685204561,167,107,60,0.0154174115448303,0.0101837669289995,145,85,0.0328557930516175,145,85,"27"
"DJ7",0.0342032745636649,450,241,209,0.0040948222687463,0.0249588362883305,456,247,0.0805452897760768,456,247,"27"
"DK3IIH6",0.010552016229693,192,38,154,0.00833591226779107,0.00797866022588753,209,55,0.0257486254749977,209,55,"27"
"DK4676A",0.0318804521332028,356,223,133,0.010166973199975,0.0270825380983678,397,264,0.0874022327117368,397,264,"27"
"DK78002A",0.0626673671820297,612,320,292,-0.00403396656612665,0.0477786635279819,610,318,0.154194315070407,610,318,"27"
"DK78010",0.0537645893800903,315,308,7,0.0276116918314408,0.0406237497218522,316,309,0.131102957651522,316,309,"27"
"DKFAPW",0.0211410111145199,235,132,103,0.012081395206173,0.0163365749858703,266,163,0.0527226703520718,266,163,"27"
"DKFBHJ",0.0232815218415652,326,155,171,0.00714159766841502,0.0185449199195633,364,193,0.0598499249848617,364,193,"27"
"DKMBNA",0.0133861104742356,282,62,220,0.0033194172490757,0.00818782581495421,279,59,0.0264199529394199,279,59,"27"
"DKPB80",0.0230697184288272,383,153,230,0.00254111120803106,0.0193485481719728,434,204,0.0624425771741485,434,204,"27"
"E8501",0.0376651369399087,456,266,190,0.00613488582852403,0.0290737027271326,468,278,0.0938288942940222,468,278,"27"
"F118",0.0315969688629521,381,222,159,0.00783476741468432,0.0201060161132828,372,213,0.0648814747705857,372,213,"27"
"F2834T",0.0384976951813999,548,272,276,-0.00170553815478003,0.03025334453782,563,287,0.0976363081200426,563,287,"27"
"FBLA",0.0331621162134643,543,235,308,-0.00712554437037633,0.0181718420159826,493,185,0.0586307611974414,493,185,"27"
"FR19",0.0362088116665721,273,256,17,0.0234342591790447,0.0275289659616717,284,267,0.0888431053347243,284,267,"27"
"H105W",0.0177597820028721,386,98,288,-0.00343965428633963,0.0106923531051353,379,91,0.0345025405843391,379,91,"27"
"H113",0.0146505624712397,148,74,74,0.0141790046588983,0.00694990218284309,119,45,0.02242167284753,119,45,"27"
"H121",0.00752944015083938,178,23,155,0.00817011041276631,0.0036535519987975,173,18,0.0117861267918464,173,18,"27"
"H122w",0.0354047629313822,317,250,67,0.0144169915705013,0.0278965121942127,338,271,0.090030162647723,338,271,"27"
"H5",0.0432806679610221,459,285,174,0.0070523269294806,0.019690327616955,382,208,0.0635176426121762,382,208,"27"
"H71",0.0477814016377245,477,294,183,0.00661275191601404,0.0386301641570163,488,305,0.12467102133592,488,305,"27"
"H91",0.0168024153149315,152,89,63,0.0149181162284106,0.013419279865824,186,123,0.0433079817787664,186,123,"27"
"H95",0.0507842108837567,469,300,169,0.00716056787707266,0.0397027146974733,477,308,0.128132048757771,477,308,"27"
"H96",0.035783336030437,486,253,233,0.00235797284694472,0.0277975106164552,503,270,0.0897104186908259,503,270,"27"
"H99",0.0516482293071673,405,303,102,0.012125520533834,0.04334963140603,416,314,0.139901922158889,416,314,"27"
"HP301",0.0315435094819526,516,220,296,-0.00446431616385464,0.0144522845630684,435,139,0.0466240158522076,434,138,"27"
"HUOBAI",0.0210094698502297,254,130,124,0.010614723893305,0.0113889479452268,222,98,0.0367450492359081,222,98,"27"
"Hy",0.0128528017861667,291,55,236,0.00213225982697937,0.00930784958291384,308,72,0.0300362090228161,308,72,"27"
"I29",0.0320837930432343,446,227,219,0.00333828073561031,0.0183091008605951,409,190,0.0590774016488135,409,190,"27"
"Ia 453",0.0240747975394665,485,165,320,-0.0104494633338713,0.013948960489938,450,130,0.0450094659400471,450,130,"27"
"IA2132",0.00470398472271644,323,9,314,-0.00915254648945298,0.00216141336405101,320,6,0.00697288423600818,320,6,"27"
"IBB15",0.0250287388485881,415,172,243,0.00200022816306764,0.0156813967752874,395,152,0.0506002726481379,395,152,"27"
"IBC2",0.0219358611986339,221,140,81,0.0136753420342617,0.0129775331354752,197,116,0.0418744012985424,197,116,"27"
"ICI 740",0.0163890112247493,341,87,254,0.00127245362592572,0.012558314577619,364,110,0.0405281513376913,364,110,"27"
"ICI 893",0.0328081681163224,248,233,15,0.0239312235738024,0.0237757450901953,255,240,0.076725202211946,255,240,"27"
"ICI 986",0.0315735540079194,317,221,96,0.012518211754188,0.0263683881678786,354,258,0.0850972968811755,354,258,"27"
"IDS28",0.041311282599858,478,281,197,0.00571886097042433,0.0275689849705974,465,268,0.0889664666757092,465,268,"27"
"IDS69",0.0592729394835017,319,316,3,0.0339652590645413,0.0438933183220465,318,315,0.141652474490298,318,315,"27"
"IDS91",0.019742620256885,232,119,113,0.0114596290057887,0.0117490260061512,217,104,0.0379118795561404,217,104,"27"
"INB 101LFY/LFY (A632 X M16 S5)",0.0529168484876889,324,306,18,0.0229875161515147,0.0356519989328504,313,295,0.115044136717088,313,295,"27"
"INBRED 141",0.0219196767553504,223,139,84,0.0134550314281693,0.0144232361563475,221,137,0.0465441753170408,221,137,"27"
"INBRED 2-687",0.0256230210008502,217,182,35,0.019307000313503,0.0113624256784524,132,97,0.0366529860702827,132,97,"27"
"INBRED 305",0.0348808200573284,275,247,28,0.020322889501699,0.0252584508653203,277,249,0.0815087460205518,277,249,"27"
"INBRED 321",0.0320568966677326,274,226,48,0.016661389585894,0.0249280607671497,294,246,0.0804480130970359,294,246,"27"
"K150",0.0319461357989593,310,225,85,0.013226494049748,0.0232117008970277,320,235,0.0749060999927848,320,235,"27"
"K41",0.0366461553787833,409,261,148,0.00857477339173732,0.026986401995597,411,263,0.0870895555204274,411,263,"27"
"K47",0.044694627518462,379,288,91,0.0129821569193944,0.0289755044962102,367,276,0.0935040207318212,367,276,"27"
"KUNG-70",0.0158643558154594,313,84,229,0.00255764546556332,0.0116364725244073,331,102,0.037552736793298,331,102,"27"
"L 127",0.0128770991534741,309,57,252,0.00149135418396499,0.00982508636484775,332,80,0.0317081480169339,332,80,"27"
"L 289",0.00988837997394518,166,35,131,0.0102174490878254,0.00806332495345185,187,56,0.0260227467072132,187,56,"27"
"LH1",0.0356245622225102,263,252,11,0.0253473680983084,0.0190844573097557,210,199,0.0615703469234025,209,198,"27"
"LH119",0.0195330069368162,318,117,201,0.0051953901360607,0.0153072650457819,350,149,0.049400956542668,350,149,"27"
"LH128",0.0253996257112623,387,177,210,0.00409323926449859,0.0183928509267898,402,192,0.0593534926324426,402,192,"27"
"LH143 (Maintainer)",0.0364090512966046,544,257,287,-0.00308580913388834,0.0198487605144879,496,209,0.0640405391457147,496,209,"27"
"LH146Ht",0.0191125055032451,338,110,228,0.00266856165312702,0.0117792513407169,333,105,0.0380104750019385,333,105,"27"
"LH149",0.0426837337062058,501,284,217,0.00364453787586796,0.0358251896568848,514,297,0.115618350983143,514,297,"27"
"LH165",0.0251644831624885,280,174,106,0.0118339232036194,0.015822269552028,261,155,0.0510575835335446,261,155,"27"
"LH166",0.0103446420402515,333,36,297,-0.00446817601420439,0.00755352585262752,346,49,0.0243762097019646,346,49,"27"
"LH184",0.0236490939321291,422,157,265,-0.000144653765435389,0.0176106886039235,445,180,0.0568335034358119,445,180,"27"
"LH190",0.0410552801150901,379,280,99,0.0123633990179723,0.023480165040638,336,237,0.0757629155944955,336,237,"27"
"LH192",0.02345310723108,214,156,58,0.0154747789179587,0.0149731897134919,202,144,0.0483154356967821,202,144,"27"
"LH194",0.036624173431887,349,260,89,0.0130096925593523,0.0267038475908191,350,261,0.0861764886888158,350,261,"27"
"LH195",0.0255335463433364,315,180,135,0.00978582270037204,0.0217212052910866,359,224,0.0701005716909428,359,224,"27"
"LH197",0.0253245979182138,438,176,262,8.02691093276508e-05,0.0222532351156757,490,228,0.0718172351914873,490,228,"27"
"LH198",0.0247665075803315,298,168,130,0.0102581422334533,0.0152520188950988,278,148,0.0492143924687653,278,148,"27"
"LH202",0.0345177187275147,519,245,274,-0.00120159334080227,0.0206539826363878,490,216,0.0666468047466985,490,216,"27"
"LH204",0.0565502507604154,477,311,166,0.00750678560409367,0.0423866153419838,479,313,0.136791480192914,479,313,"27"
"LH205",0.0426305644134776,296,283,13,0.0249231186619176,0.0233639213553271,249,236,0.0753847763711425,249,236,"27"
"LH206",0.015796123319066,383,82,301,-0.00561255016701539,0.0133717602876138,421,120,0.0431545380901521,421,120,"27"
"LH208",0.0326418325581895,293,231,62,0.0150844874626033,0.0229075283622788,295,233,0.0739252332359488,295,233,"27"
"LH209",0.0267061321285588,260,195,65,0.0145078379938193,0.0228426650478256,297,232,0.0737197935112038,297,232,"27"
"LH214",0.0637040133317687,477,321,156,0.00813946370648561,0.0535299133748899,478,322,0.172756646665583,478,322,"27"
"LH215",0.0279596105963987,257,201,56,0.015534789836818,0.0167586741385838,227,171,0.0540774023094456,227,171,"27"
"LH222",0.0410417511795134,491,279,212,0.00393139063006273,0.0297378209816118,494,282,0.0959648950933586,494,282,"27"
"LH223",0.0175677152287154,420,97,323,-0.0132810565899654,0.00829910662711307,384,61,0.0267743458609423,384,61,"27"
"LH224",0.0354297384457039,572,251,321,-0.012660787027762,0.0271203120479292,586,265,0.0875245194251403,586,265,"27"
"LH295",0.0325663392798671,317,230,87,0.0131438696867753,0.0162374302400658,248,161,0.0523817119102829,248,161,"27"
"LH60",0.0456912216432119,407,293,114,0.0112019680609103,0.037402145038517,416,302,0.120707832077439,416,302,"27"
"LH74",0.0216320380730612,312,134,178,0.00684444949277964,0.0161002219222553,338,160,0.0519588765908813,338,160,"27"
"LH82",0.01431210749606,262,71,191,0.0061141147627007,0.00983267981958139,272,81,0.0317289342808768,272,81,"27"
"LH93",0.0913817129284278,328,326,2,0.0356723407125603,0.072998079777947,328,326,0.2355863793146,328,326,"27"
"LIBC 4",0.004965440564138,267,10,257,0.000924214891712641,0.00221930751532287,264,7,0.00715906418645431,264,7,"27"
"LP1 NR HT",0.0265177883988145,365,193,172,0.00708341423868426,0.0221255376511691,398,226,0.0714056091067,398,226,"27"
"LP5",0.0454131761565931,559,292,267,-0.000177597247422354,0.0369981033123382,567,300,0.119403879478863,567,300,"27"
"M14",0.0207894717270015,387,126,261,0.000388717916281297,0.0156427775491916,412,151,0.050483015611154,412,151,"27"
"MBPM",0.0414085875921885,387,282,105,0.0119885208138667,0.0325225844422039,395,290,0.104959793433234,395,290,"27"
"MBWZ",0.015845342376468,205,83,122,0.0108295088864413,0.0126872778792537,234,112,0.0409447040292002,234,112,"27"
"Mo17",0.0567233647103322,595,312,283,-0.00268176846645901,0.0497182552808518,602,319,0.160454386781437,602,319,"27"
"Mo1W",0.02599346776673,213,188,25,0.0209505733595897,0.0128762367820449,139,114,0.0415384003171257,139,114,"27"
"Mo47",0.0239343270547041,432,163,269,-0.000230940252948011,0.0205706352585158,484,215,0.0663872618067801,484,215,"27"
"Mo5",0.0229961584335105,195,152,43,0.017377552450129,0.0105829459775249,132,89,0.0341414515560432,132,89,"27"
"MQ305",0.02816909007994,291,203,88,0.0130676458430183,0.0150873821029588,233,145,0.0486748220741479,233,145,"27"
"MS116",0.0185050043239609,407,104,303,-0.00588885778080363,0.0157592283333241,457,154,0.050859551874983,457,154,"27"
"MS132",0.0372576979499001,564,265,299,-0.00504687542009536,0.0300506524511066,584,285,0.0969823818574924,584,285,"27"
"MS200",0.0322463078048673,504,229,275,-0.0015376512090227,0.0256945419270073,527,252,0.0829238657264035,527,252,"27"
"MS211",0.0269675140171739,386,199,187,0.00640375234108033,0.0211322696369678,406,219,0.0681983167078268,406,219,"27"
"MS221",0.0248243356716265,295,170,125,0.0104604536630526,0.0133939225002511,246,121,0.0432132139804914,246,121,"27"
"MS224",0.0184168918719811,349,103,246,0.00184477621402768,0.0146458959998856,387,141,0.0472666183732498,387,141,"27"
"MS225",0.020912451726034,432,128,304,-0.00590432662807005,0.0169599203382896,476,172,0.0547347058099998,476,172,"27"
"MS226",0.0339165661119398,476,237,239,0.00208089475364631,0.02450139860027,483,244,0.079069596035202,483,244,"27"
"MS67",0.0260510402919064,208,189,19,0.0224109472522323,0.0222968314230768,248,229,0.071958226539399,248,229,"27"
"MS71",0.00917070729593527,146,30,116,0.0110033875453263,0.00598642878936534,148,32,0.0193171598204552,148,32,"27"
"MS72",0.0146771157319152,368,75,293,-0.00414411639642458,0.0106300048225044,383,90,0.0343026911345585,383,90,"27"
"N192",0.013058690105542,200,59,141,0.00923257185709831,0.0080762226925818,198,57,0.026061233261874,198,57,"27"
"N200",0.0180445373821104,152,101,51,0.0158329658931207,0.0130687192841887,168,117,0.0421729133917146,168,117,"27"
"N201",0.025864512691911,429,185,244,0.00185944664458533,0.0201967383651396,458,214,0.0651806530003379,458,214,"27"
"N209",0.0342827204823228,423,242,181,0.00676741075519226,0.02842479153284,456,275,0.0917351929604935,456,275,"27"
"N217",0.050472231519781,305,299,6,0.0285426002929743,0.0229920447975156,240,234,0.074173329787343,240,234,"27"
"N218",0.0248990613309719,278,171,107,0.0117556063730973,0.0200206352011707,318,211,0.064611148138806,318,211,"27"
"N28Ht",0.0218293348244993,161,137,24,0.0209544508706454,0.0164836737856314,190,166,0.053196902204396,191,167,"27"
"N501",0.00751816093518278,140,22,118,0.010911735315597,0.00450970219286445,138,20,0.0145514842606695,138,20,"27"
"N523",0.0125072218940661,292,52,240,0.00204636485433235,0.0109486640079253,333,93,0.0353342425677455,333,93,"27"
"N527",0.0326823448434393,554,232,322,-0.0128042236515233,0.0238647156218238,563,241,0.0770145426584451,563,241,"27"
"N534",0.0138733437697951,219,69,150,0.00852806521396535,0.011585160368716,250,100,0.0373887129843819,250,100,"27"
"N542",0.00809298356692356,233,25,208,0.00409732348565473,0.0065613628394965,249,41,0.0211750415596718,249,41,"27"
"NC250",0.0340874849931853,241,240,1,0.04364509368217,0.0182697361207033,189,188,0.058947312214176,188,187,"27"
"NC262",0.0289748311295048,255,209,46,0.0169249415433631,0.0143411688665633,182,136,0.046269051561851,182,136,"27"
"NC294",0.0156362534126483,312,81,231,0.0025090104374793,0.00756991365763525,281,50,0.0244224140031832,281,50,"27"
"NC310",0.0174370877925424,155,96,59,0.0154273940076057,0.0105018317010061,146,87,0.0338877680254161,146,87,"27"
"NC326",0.0185459629551119,254,105,149,0.00854570714983563,0.00815636795974624,207,58,0.0263113342612551,207,58,"27"
"NC328",0.0254132618136776,348,178,170,0.00714711400342475,0.0212850018396945,390,220,0.0686919819617866,390,220,"27"
"NC342",0.0231138835329153,354,154,200,0.00533453517489536,0.0173659567718906,376,176,0.0560440774779543,376,176,"27"
"NC412",0.0350827037659261,402,249,153,0.00839570100129429,0.025940134728534,409,256,0.0837131728175745,409,256,"27"
"ND259",0.0211207363689961,254,131,123,0.0106934028294401,0.015959501059713,280,157,0.0515052863447742,280,157,"27"
"ND265",0.00510995030258004,203,11,192,0.00604140805998032,0.00425026931176429,211,19,0.0137166602627696,211,19,"27"
"NK740",0.0359872244832257,320,254,66,0.0144584891216407,0.0268336562937581,328,262,0.0865969116183468,328,262,"27"
"NK778",0.0534111989494968,534,307,227,0.00284633800025023,0.025833463687274,481,254,0.0833450729900222,481,254,"27"
"NK807",0.00696107840675963,168,21,147,0.00858886239850898,0.00585129966718579,178,31,0.018883850403472,178,31,"27"
"NKS8326",0.0293384532088888,250,210,40,0.0175396619681956,0.0216089840088582,262,222,0.0697360402894217,262,222,"27"
"NORTH 7",0.0174343420633526,404,95,309,-0.00746447851382967,0.00843229824890377,371,62,0.0272046562131728,371,62,"27"
"NS501",0.012248459068085,357,50,307,-0.00642385806665065,0.00887670492338933,373,66,0.0286446045651617,373,66,"27"
"NS701",0.0154494811833767,123,79,44,0.017351941039035,0.00956509943010816,120,76,0.0308657257728756,120,76,"27"
"NY6371",0.0241603181508202,298,166,132,0.0102004049170874,0.0142315123777986,266,134,0.045921956997024,266,134,"27"
"Ny821",0.0687812378719033,648,322,326,-0.0180266821533503,0.0514075894646408,646,320,0.165903916862896,646,320,"27"
"OH33",0.00941637555011911,318,33,285,-0.00285800207813636,0.00747488148628947,333,48,0.0241236391732748,333,48,"27"
"Oh40B",0.0343760916407052,307,243,64,0.0145691528009314,0.0164850267591675,231,167,0.0531843071902072,230,166,"27"
"Oh43",0.0283567920921117,399,205,194,0.00594012737136036,0.0189166236005991,391,197,0.0610448613820775,391,197,"27"
"Oh7",0.0441452635556553,365,286,79,0.0137031565893547,0.02661153756101,338,259,0.0858713329413702,338,259,"27"
"OQ403",0.0266196737601026,418,194,224,0.00305957884864936,0.0192806733287066,427,203,0.0622180524277033,427,203,"27"
"OQ603",0.00605714109259026,178,18,160,0.00780016242983865,0.00333182568901593,176,16,0.0107500929090484,176,16,"27"
"Os420",0.0132319883095891,375,60,315,-0.00975072265673268,0.00959030761811271,392,77,0.0309483085992996,392,77,"27"
"Pa392",0.0579544790462399,624,314,310,-0.00866797124102933,0.0257511272669627,563,253,0.0830713830666254,563,253,"27"
"Pa405",0.00863718351219063,293,29,264,-4.73177743403801e-05,0.00464598068183722,285,21,0.0149892851322481,285,21,"27"
"Pa875",0.0236954489217941,344,160,184,0.00659846538166938,0.0194530483509436,389,205,0.0627796303770252,389,205,"27"
"Pa880",0.00149401003750396,183,3,180,0.0068285897822066,0.000945860235372801,182,2,0.00305208777581582,182,2,"27"
"Pa91",0.0295899236467813,217,212,5,0.0286778095981703,0.0163614985913676,169,164,0.0527914206646308,169,164,"27"
"PH207",0.0200307102498117,325,123,202,0.00495974166114164,0.0154591589693033,352,150,0.0498909869589689,352,150,"27"
"PHB09",0.0344507945465913,381,244,137,0.00937111291755102,0.0183890405501925,328,191,0.0593320871833291,328,191,"27"
"PHB47",0.0308029270949512,356,218,138,0.00934062327329134,0.0139698920371041,269,131,0.045067227164557,269,131,"27"
"PHBA6",0.0501805753027465,596,298,298,-0.00459473087788424,0.0357012076181459,594,296,0.115212453991681,594,296,"27"
"PHBB3",0.0107395202760907,128,42,86,0.013224149126919,0.00631089941397953,123,37,0.0203638356124735,123,37,"27"
"PHG29",0.0488972649709628,327,296,31,0.0197310567919464,0.041153981859819,341,310,0.132815884332802,341,310,"27"
"PHG71",0.025890020347244,437,186,251,0.00159500263608469,0.0115977410629393,352,101,0.0374121295342817,352,101,"27"
"PHG83",0.0196969672198356,247,118,129,0.0103499054547097,0.0163841628770195,294,165,0.0528765185073055,294,165,"27"
"PHG86",0.0129179053230555,216,58,158,0.00786200513653694,0.0085279731529965,221,63,0.0275183987535303,221,63,"27"
"PHH93",0.0365481017602277,416,259,157,0.00802874717834468,0.02662588095598,417,260,0.0859258294552309,417,260,"27"
"PHHH9",0.0620068056594924,376,319,57,0.0155284236009167,0.0521312052142836,378,321,0.168242598808587,378,321,"27"
"PHHV4",0.0267945998682825,394,196,198,0.00553712584393739,0.0171705502729695,371,173,0.0554059561899819,371,173,"27"
"PHJ70",0.0236698881576047,186,159,27,0.02063145360431,0.0182992501286817,216,189,0.0590567764526915,216,189,"27"
"PHJ89",0.022558922662862,434,150,284,-0.00273041620405664,0.0187692880982094,479,195,0.0605730932143533,479,195,"27"
"PHJ90",0.0192170045615595,346,112,234,0.00230032482636104,0.0144488189064721,372,138,0.0466298012161228,373,139,"27"
"PHJR5",0.0852470816194792,353,324,29,0.0199670156991984,0.0668949436963591,353,324,0.21588931480246,353,324,"27"
"PHK42",0.0224806252022487,247,149,98,0.012416152297127,0.0137158314325653,225,127,0.0442592966459479,225,127,"27"
"PHK74",0.00812594961302558,284,26,258,0.000865242961937972,0.0036435142320852,275,17,0.0117538907122585,275,17,"27"
"PHKE6",0.0106199687658317,160,40,120,0.0109003639220303,0.00686605692467784,164,44,0.022156748719708,164,44,"27"
"PHM10",0.0160091223595629,202,85,117,0.010977639138339,0.0086181378818708,182,65,0.027804714445082,182,65,"27"
"PHN11",0.0200401697701664,178,124,54,0.0156891354696247,0.0176066079690158,233,179,0.0568213087979925,233,179,"27"
"PHN29",0.0261855680297782,205,191,14,0.0247574070982383,0.014554998579795,154,140,0.0469623975149769,154,140,"27"
"PHN66",0.0441781767766945,430,287,143,0.00900573467220665,0.0376196262328657,446,303,0.121409330001449,446,303,"27"
"PHN82",0.0220805362843941,216,144,72,0.0142257278069686,0.00979187741818249,151,79,0.0315878248904967,151,79,"27"
"PHP02",0.022019112170342,191,141,50,0.0163277098315823,0.0192178033267205,251,201,0.0620209289010861,251,201,"27"
"PHP55",0.0408469689065258,538,278,260,0.000402867743929008,0.0296931845943676,541,281,0.0958225635359032,541,281,"27"
"PHP76",0.0216111118838964,349,133,216,0.00366547269282229,0.0114721488408526,315,99,0.0370146564151791,315,99,"27"
"PHPR5",0.020940751369398,335,129,206,0.00429055742832696,0.0179574674994304,389,183,0.0579538479516415,389,183,"27"
"PHR03",0.0192985816048698,127,115,12,0.0252543224532787,0.00937445447901573,87,75,0.0302444009712077,87,75,"27"
"PHR30",0.0246727240245627,177,167,10,0.0263679041619817,0.0179341188821723,192,182,0.057874989752631,192,182,"27"
"PHR31",0.0511667897047385,369,301,68,0.0143559709489424,0.0339898846433431,361,293,0.109686789394457,361,293,"27"
"PHR36",0.0255908650097344,357,181,176,0.00693049591196467,0.0116570190193814,279,103,0.0376035775743467,279,103,"27"
"PHR47",0.0377626086784847,474,267,207,0.00416312596667635,0.0182652417606257,393,186,0.0589281394110377,393,186,"27"
"PHR63",0.0403144612322787,293,277,16,0.0236113654885621,0.0209393768291603,234,218,0.0675594474415014,234,218,"27"
"PHT10",0.0135656721500381,139,66,73,0.0142114329617117,0.00600955995330722,106,33,0.0193856776512859,106,33,"27"
"PHT47",0.0360289712757988,287,255,32,0.0196652692245236,0.0279726518923763,304,272,0.0902756369865891,304,272,"27"
"PHT55",0.00134940457784046,49,2,47,0.0168485404453677,0.00111603340285069,50,3,0.00360176977031085,50,3,"27"
"PHTM9",0.0238901373342521,330,162,168,0.00717709061889204,0.0173001822683023,343,175,0.0558273725892866,343,175,"27"
"PHV37",0.0346642912843314,518,246,272,-0.000859154821198321,0.0294683472728037,551,279,0.0951028331963099,551,279,"27"
"PHV57",0.0139450167713791,255,70,185,0.00644037943575503,0.00797581631919327,239,54,0.0257353872094611,239,54,"27"
"PHV63",0.013448920883146,251,63,188,0.00633337481789002,0.0109498810704275,282,94,0.0353385219720287,282,94,"27"
"PHVA9",0.0197554481292308,196,120,76,0.0140066070234467,0.0160378586112266,235,159,0.0517589386890153,235,159,"27"
"PHVJ4",0.0581121564111058,597,315,282,-0.00261682169367468,0.0346014490873525,576,294,0.111652369288372,576,294,"27"
"PHW03",0.0149997584820696,174,77,97,0.0124568456723447,0.0120953243552174,204,107,0.0390352042890388,204,107,"27"
"PHW17",0.0107709854556514,270,44,226,0.00298467229538903,0.00531043848775255,252,26,0.0171330626411175,252,26,"27"
"PHW20",0.030205993275268,270,215,55,0.0155993709206,0.0225261455358064,286,231,0.0726968368153055,286,231,"27"
"PHW30",0.0180126461083866,141,100,41,0.0174465749536456,0.00999678055455408,124,83,0.0322550064211508,124,83,"27"
"PHW52",0.0340506993816461,494,239,255,0.000978398900332334,0.0274668642142093,521,266,0.0886418734132376,521,266,"27"
"PHW53",0.0223463676567533,168,146,22,0.0213957241608282,0.016570026433315,190,168,0.0534748471661543,190,168,"27"
"PHW80",0.0225590501860712,259,151,108,0.011697727996132,0.0134160944601743,230,122,0.0432911673731601,230,122,"27"
"PHWG5",0.016475849596547,358,88,270,-0.000463190152019671,0.0138241286184289,399,129,0.044614502160941,399,129,"27"
"PHZ51",0.00604329991601947,182,17,165,0.00757658289080898,0.00268107089860203,175,10,0.00864861586288386,175,10,"27"
"R168",0.0260751693892215,302,190,112,0.0114740285268613,0.0117839725218875,218,106,0.0380129868667865,218,106,"27"
"R177",0.0109912125946737,240,45,195,0.00576703185159101,0.00829623555831638,255,60,0.0267740029043047,255,60,"27"
"R181B",0.0161332858190741,365,86,279,-0.00245072542499569,0.0097570923813303,357,78,0.0314847174527809,357,78,"27"
"R226",0.0218063783462661,210,135,75,0.0141186252435574,0.0174833927728976,253,178,0.0564228605785674,253,178,"27"
"R229",0.0285036394805,429,206,223,0.00324362035361061,0.0148561169764644,366,143,0.0479267922287926,366,143,"27"
"R71",0.00940796357294134,288,32,256,0.000971818365136634,0.00717848595271222,302,46,0.0231668700654042,302,46,"27"
"R78",0.0330785536785137,500,234,266,-0.000156895316505355,0.0255430781923728,516,250,0.082434599749632,516,250,"27"
"SD101",0.00105076243826736,264,1,263,-2.39865521696094e-05,0.000622227326211148,264,1,0.00200773203705124,264,1,"27"
"SD102",0.0168761041802874,296,91,205,0.00444333608298765,0.0126854429965663,316,111,0.040938232248662,316,111,"27"
"SD107",0.0103939658862261,173,37,136,0.0095420746543164,0.00566702091182465,166,30,0.0182842234686976,166,30,"27"
"SD40",0.0220221070072514,294,142,152,0.00843468890589364,0.018733257847717,346,194,0.0604576069299248,346,194,"27"
"SG 30A",0.0132939331013656,347,61,286,-0.00297693950272827,0.00931671705914103,359,73,0.0300661045988064,359,73,"27"
"Tr",0.0107354203468025,300,41,259,0.000623657429729742,0.0078305135566693,312,53,0.0252700216187653,312,53,"27"
"TZU-CHIAO-HSI-WU 105",0.00560779433251869,259,14,245,0.00185393708084702,0.00251830803831939,253,8,0.00812359352817106,253,8,"27"
"Va26",0.0127131239120468,194,54,140,0.00923999795403822,0.00640594811419528,179,39,0.0206678736742394,179,39,"27"
"Va35",0.0146359099338215,142,73,69,0.0143363959127823,0.0124469066823727,178,109,0.0401697463205094,178,109,"27"
"Va99",0.0252162553127782,217,175,42,0.0174359596531227,0.0182677208056015,229,187,0.0589503968773969,230,188,"27"
"W182E",0.0447842903255756,606,289,317,-0.0102071665426148,0.0277061726478553,586,269,0.0894053100535411,586,269,"27"
"W22",0.0192641772170422,207,113,94,0.0126041595572573,0.0109988608619115,189,95,0.0354897012589188,189,95,"27"
"W24",0.0268908087561905,297,197,100,0.0123274222490227,0.0194836066843143,306,206,0.0628741925168219,306,206,"27"
"W32",0.00946612616609901,334,34,300,-0.00552685140102095,0.00541891947793535,328,28,0.017485124346906,328,28,"27"
"W552",0.0145680142387846,206,72,134,0.0100904491176196,0.00780269918531888,186,52,0.0251725386501724,186,52,"27"
"W603S",0.0170388375125325,394,92,302,-0.00580066956625433,0.00912597717718714,372,70,0.0294421712048123,372,70,"27"
"W604S",0.0350759993370814,257,248,9,0.0266597291239664,0.0213780114783336,230,221,0.068981086187928,230,221,"27"
"W605S",0.00843459353071587,189,28,161,0.00778619810081405,0.00610809374319074,196,35,0.0197106886173989,196,35,"27"
"W607S",0.0172424806625308,126,93,33,0.0196340585653433,0.0137944327599761,161,128,0.0445187160663034,161,128,"27"
"W610S",0.0183087551058167,281,102,179,0.00684210213368939,0.0141047369067056,312,133,0.0455198672905953,312,133,"27"
"W611S",0.0117789898023288,359,48,311,-0.00868164061457067,0.00860222633632908,375,64,0.0277605122741036,375,64,"27"
"W612S",0.0220585021737045,270,143,127,0.010426632373493,0.0133710075744211,246,119,0.0431445303539131,246,119,"27"
"W614S",0.0237118435350694,439,161,278,-0.00227328992606667,0.0196043929064911,485,207,0.0632691735652326,485,207,"27"
"W64A",0.0195020532589131,194,116,78,0.013724933632056,0.0152055382078497,224,146,0.0490714469909515,224,146,"27"
"W701BC",0.00644170194284352,268,20,248,0.0017516727940697,0.00470446758603642,270,22,0.0151819342760533,270,22,"27"
"W803G",0.0613255613405261,322,318,4,0.0306192968485007,0.0387043887663714,310,306,0.124890582271939,310,306,"27"
"W810G",0.0192933432120767,307,114,193,0.00595486421665799,0.0166963949668145,362,169,0.0538836281279088,362,169,"27"
"W811G",0.0148228206839368,311,76,235,0.00219441858670132,0.00680017298306755,277,42,0.0219362809583762,277,42,"27"
"W813G",0.022438758963713,373,148,225,0.00300898505203633,0.0172150392284599,399,174,0.055557593297176,399,174,"27"
"W8304",0.0318901155162388,445,224,221,0.00330265887856028,0.0235509316653899,459,238,0.0760033080247454,459,238,"27"
"W9",0.00611476414556826,163,19,144,0.008861404455819,0.00537617576319782,171,27,0.0173503780156397,171,27,"27"
"WIL900",0.0607654121345256,426,317,109,0.0116753508995553,0.0418312671056933,420,311,0.134993343233373,420,311,"27"
"YE 4",0.0577441181559681,405,313,92,0.0129792181046353,0.0443837407634817,408,316,0.143235160715327,408,316,"27"
"YING-55",0.0222903712866539,341,145,196,0.00573306804437027,0.0158622504624874,352,156,0.0511895553089282,352,156,"27"
"Yu796 NS",0.037981634986288,562,268,294,-0.00429978037107297,0.0279762772648661,567,273,0.0902844350961073,567,273,"27"
"ZS365",0.0517871051565848,349,304,45,0.0171388019753737,0.0321678117798085,334,289,0.103802904875131,334,289,"27"
"ZS635",0.00570383254377229,134,15,119,0.010911728911582,0.0048604862481408,143,24,0.015686182613199,143,24,"27"
