"Genotype","AVAMGE","AVAMGE_SSI","rAVAMGE","rY.x","means.x","MASI","MASI_SSI","rMASI","MASV","MASV_SSI","rMASV","GDD"
"1538",0.0122867587976274,122,54,68,0.0924029440809325,0.00604594765999009,140,72,0.0233790799853931,148,80,"AVS"
"29MIBZ2",0.0256720933137504,294,168,126,0.0875297457255678,0.011360463799978,308,182,0.0433027882863435,321,195,"AVS"
"2FACC",0.0601260820160943,389,344,45,0.0944102212379479,0.0280941109614986,396,351,0.0774221385918177,375,330,"AVS"
"2MA22",0.0251519359010911,410,166,244,0.0799722530793831,0.0103963448221474,405,161,0.0409552702914389,426,182,"AVS"
"3IJI1",0.0626556839443197,382,349,33,0.0965054660028582,0.0304433091100547,390,357,0.0949032279435853,387,354,"AVS"
"4226",0.043882281831332,615,296,319,0.0733024468358479,0.0174368987456915,597,278,0.0625354427061137,598,279,"AVS"
"4N506",0.0436021001927927,463,292,171,0.0842448014733075,0.020343992171644,479,308,0.0746387759814229,493,322,"AVS"
"6M502",0.0218002656247588,434,142,292,0.0759160148188073,0.00887686826001328,420,128,0.0321164763719534,422,130,"AVS"
"6M502A",0.0492343376678212,607,317,290,0.0762897313199736,0.0213653685153445,609,319,0.0684472513696318,595,305,"AVS"
"764",0.05173373770649,630,328,302,0.0749284951394007,0.0207122555628084,615,313,0.0743172089382327,623,321,"AVS"
"78010",0.0134986016859595,339,62,277,0.077700802486859,0.00581378155038907,346,69,0.0202607905427446,337,60,"AVS"
"793",0.00500360919773816,284,10,274,0.0779346205460465,0.0025482098466079,286,12,0.00988063388331397,286,12,"AVS"
"87916W",0.0237143205602163,235,156,79,0.0907613547620905,0.0081267713370154,192,113,0.0284409942517395,186,107,"AVS"
"911",0.0135344024986191,240,63,177,0.0838277705859023,0.00485220233544802,223,46,0.0185091936863119,227,50,"AVS"
"912",0.0190159616576658,456,111,345,0.0683781330697061,0.00958904076733369,492,147,0.0371538940137722,504,159,"AVS"
"91IFC2",0.0194278937474049,252,116,136,0.0869859506521758,0.00863023072903251,260,124,0.0338878382147415,275,139,"AVS"
"A",0.0106652600757502,223,42,181,0.0836732018347173,0.00424129408310066,221,40,0.0140879148303307,212,31,"AVS"
"A208",0.00838159242394668,304,28,276,0.0777073515751189,0.0030772966916768,295,19,0.011881698059279,294,18,"AVS"
"A239",0.0210762852037129,193,134,59,0.0931665351577062,0.00914655774796656,194,135,0.0253798770224512,146,87,"AVS"
"A272",0.00924931415754501,327,31,296,0.0756092505157218,0.00382345149944967,326,30,0.0150617319206768,332,36,"AVS"
"A305",0.0323819490944773,509,223,286,0.076837685262468,0.0141206799159926,519,233,0.0476953427777023,508,222,"AVS"
"A322",0.0153559515744526,408,74,334,0.0713488635950215,0.0070195836916717,420,86,0.0264467674875419,430,96,"AVS"
"A334",0.0218612843811631,249,143,106,0.0889023958385833,0.00905798226092844,238,132,0.0357026247054982,251,145,"AVS"
"A340",0.0207187028831848,146,130,16,0.100082544022859,0.00940087020181737,158,142,0.0360138221092723,164,148,"AVS"
"A374",0.047945337773302,540,309,231,0.0807024373562352,0.0209808076195339,548,317,0.0827334937669521,570,339,"AVS"
"A385",0.020594891906369,326,127,199,0.0829064041885308,0.00925113632456151,336,137,0.0363006884390569,350,151,"AVS"
"A401",0.024894054914382,353,165,188,0.0833245779250858,0.0103063799935117,348,160,0.0388291054493375,359,171,"AVS"
"A427",0.0566623273031778,578,338,240,0.0803568674430386,0.0230415076573183,571,331,0.0826493103408816,578,338,"AVS"
"A548",0.0296194675311351,343,198,145,0.0862435246659229,0.0131096726686945,355,210,0.0494983439563347,374,229,"AVS"
"A572",0.0612622056849886,635,347,288,0.0764594677068005,0.0262343759429912,634,346,0.0958611056597016,643,355,"AVS"
"A619",0.0183737584543922,457,102,355,0.0648625072674764,0.00861383100722069,478,123,0.0337110927356671,491,136,"AVS"
"A627",0.00541346735975166,264,12,252,0.0794391919296632,0.00224589799901795,261,9,0.00885225595771777,261,9,"AVS"
"A632",0.043260541655388,332,290,42,0.0950049605091334,0.0199363442083906,348,306,0.0565836132136458,301,259,"AVS"
"A635",0.0602942367386634,365,345,20,0.0997015732124011,0.0296220453258852,375,355,0.114529680416583,383,363,"AVS"
"A641",0.000998141528143638,324,2,322,0.0729669086843589,0.00041545077803916,324,2,0.00163471230012669,324,2,"AVS"
"A648",0.0355491721708625,503,248,255,0.0792829012877584,0.0128504315836909,460,205,0.0502332872133286,487,232,"AVS"
"A663",0.0198924850499576,233,121,112,0.0886661589864591,0.00815733364620047,228,116,0.0319023154225481,241,129,"AVS"
"A672",0.0347118596732925,361,240,121,0.0880870390791477,0.0177682381181353,406,285,0.0583860338466558,389,268,"AVS"
"A674",0.00854444263292032,113,30,83,0.0906635683566521,0.00385628281494021,114,31,0.0147598736996703,116,33,"AVS"
"A679",0.0637670309901349,645,350,295,0.0756656415014663,0.0266337048913208,643,348,0.0903472859854828,644,349,"AVS"
"A680",0.0158061268130919,199,82,117,0.0881622325978045,0.00569352077611312,183,66,0.0218702941286953,189,72,"AVS"
"A682",0.0285512071395929,323,190,133,0.0871418301690714,0.0105221728200616,298,165,0.0413654208141275,317,184,"AVS"
"A71",0.00676939385062657,284,16,268,0.0786999301211473,0.00280104410485023,285,17,0.011031750964599,285,17,"AVS"
"A73",0.0341714630661294,418,236,182,0.0836716434063936,0.0144446678648363,420,238,0.0560983158729256,439,257,"AVS"
"A797NW",0.0571460848152698,532,339,193,0.0831358833702429,0.0236450509504517,528,335,0.0931253749488077,545,352,"AVS"
"AQA3",0.0388462747248527,453,269,184,0.0835586776349806,0.019315020193914,485,301,0.0670281889791024,482,298,"AVS"
"AS6103",0.0145432206816794,175,67,108,0.0888143719403914,0.00576109527064663,176,68,0.0224207229340624,183,75,"AVS"
"AusTRCF 306238",0.0105906957506677,342,41,301,0.0749299530061648,0.003665361623784,330,29,0.0123468404615072,324,23,"AVS"
"B-18 INBR.FR.SUPERGOLD",0.0484774459294529,516,311,205,0.0825454477503501,0.020625941663226,516,311,0.0751789224221475,529,324,"AVS"
"B-28",0.0186387810536928,116,105,11,0.101338830041476,0.00771682525579257,112,101,0.0304162447269327,133,122,"AVS"
"B103",0.0394958063595015,378,273,105,0.0889629159803367,0.0180820425385565,396,291,0.0589471766709668,375,270,"AVS"
"B104",0.0346627852729196,317,239,78,0.0907726634872864,0.0137126989212277,300,222,0.0463686611610082,295,217,"AVS"
"B105",0.0184967615764573,321,103,218,0.0817377706343104,0.00932496107551604,357,139,0.0363402373228901,370,152,"AVS"
"B108",0.0110374892969064,263,43,220,0.0816682204223304,0.00436913762173252,262,42,0.0156916537423769,260,40,"AVS"
"B109",0.0319805917611986,461,219,242,0.0801126665927257,0.0121000467932744,437,195,0.0469389864922328,460,218,"AVS"
"B110",0.0385662594472271,290,267,23,0.0982408994982616,0.0187271363343889,316,293,0.0668894125234503,319,296,"AVS"
"B111",0.0383821802084685,311,264,47,0.0943499121235021,0.0157212794865857,301,254,0.0441930375487853,249,202,"AVS"
"B115",0.0180764281863405,320,99,221,0.081662435809516,0.00808905839303157,333,112,0.0263424443611456,313,92,"AVS"
"B119",0.0157466087289998,302,78,224,0.0814460565065798,0.00567190304382852,289,65,0.0215853975322161,294,70,"AVS"
"B120",0.0345456495245042,496,238,258,0.079090003593185,0.0152467596272117,508,250,0.0439911795478538,459,201,"AVS"
"B121",0.0384618574917556,503,266,237,0.0805437463208763,0.014544723808448,476,239,0.0430887933340576,431,194,"AVS"
"B14A",0.0437147938730083,396,293,103,0.0889923004899391,0.0190270165379709,401,298,0.0750093606197614,426,323,"AVS"
"B164",0.0538465363218929,359,334,25,0.0977823667085702,0.0237820556481267,361,336,0.0898225706261388,372,347,"AVS"
"B2",0.0327405329382435,291,227,64,0.0928105231458255,0.0149437752475204,311,247,0.0485549245377529,290,226,"AVS"
"B37",0.0245596771654347,325,159,166,0.0847603064859452,0.0108376936836325,339,173,0.0304294254244906,290,124,"AVS"
"B47",0.0165503058748896,415,88,327,0.0723624705956272,0.0078735414606251,434,107,0.0290399521053714,438,111,"AVS"
"B57",0.00735262624767809,202,19,183,0.0836450386232861,0.0032519812208217,203,20,0.0122797742648265,205,22,"AVS"
"B66",0.0156049106155786,289,75,214,0.0819312572302212,0.00690197312706026,297,83,0.0193821221250359,268,54,"AVS"
"B68",0.0246114917728987,271,160,111,0.0886672144596517,0.0106848893955326,281,170,0.0379018224119577,276,165,"AVS"
"B73",0.0136368656563893,303,64,239,0.0804298009674057,0.00583794673208092,309,70,0.0201223852618315,298,59,"AVS"
"B75",0.027771327334401,520,182,338,0.0695207868792157,0.0120593196353501,531,193,0.0454225229912334,551,213,"AVS"
"B76",0.0341113019105879,239,235,4,0.106596885786063,0.0122936512816946,204,200,0.0474871261071345,224,220,"AVS"
"B77",0.0130601413943079,121,58,63,0.0928608150420437,0.00526548821739875,118,55,0.018151632819869,112,49,"AVS"
"B79",0.0310118451625118,236,210,26,0.097729518373775,0.0137632966902447,249,223,0.0397881878269326,203,177,"AVS"
"B87",0.0203305625459294,178,125,53,0.0939404492795695,0.00773222995977171,155,102,0.0300142530671487,171,118,"AVS"
"B88",0.021686265431119,229,139,90,0.090125702405035,0.00962004620661398,238,148,0.0366917913418908,244,154,"AVS"
"B91",0.0283030435212988,237,188,49,0.094179791345146,0.0113366894922994,229,180,0.0368627471819961,206,157,"AVS"
"B97",0.00751234050318309,293,21,272,0.0780059043815352,0.0033240762650652,296,24,0.012521004463702,297,25,"AVS"
"BEI 10 = NORTH 10",0.0325916615919504,295,225,70,0.0920815803112413,0.0117497863738245,259,189,0.0446375769888663,276,206,"AVS"
"BO9",0.0716614155239903,645,358,287,0.0767342013821873,0.0332745006595148,649,362,0.10682991612609,647,360,"AVS"
"CA-4",0.00477680441000783,11,8,3,0.10928903514296,0.00212153074592414,11,8,0.00686987143557551,11,8,"AVS"
"CG102",0.0113090465636365,225,46,179,0.0836978504344521,0.00487310359536215,229,50,0.0176181921187227,227,48,"AVS"
"CH701-30",0.0263661840733024,265,174,91,0.0901020150389495,0.0105019913837843,255,164,0.0400357799394675,269,178,"AVS"
"CH711-10",0.0398650828784823,619,276,343,0.0685790918496544,0.0145594351893065,583,240,0.0557007971105603,599,256,"AVS"
"CH753-4",0.0709082688652855,650,357,293,0.0758993599203037,0.0332711966194184,654,361,0.106950912320678,654,361,"AVS"
"CH9",0.0235828505655525,418,155,263,0.0789295019283687,0.0107515890308073,434,171,0.0419217071602639,453,190,"AVS"
"CI 40H",0.0318376449173792,292,217,75,0.0911699573586455,0.0139354098829863,301,226,0.0527922194012497,319,244,"AVS"
"CM105",0.0387657100632667,479,268,211,0.082006798940919,0.0169773346784718,482,271,0.0642809258826494,497,286,"AVS"
"CQ702RC",0.0292300186198594,432,194,238,0.0805204070067752,0.0135462534587579,456,218,0.0520525212947778,481,243,"AVS"
"CR 22 INBRED",0.0527877077240615,572,331,241,0.080331355871905,0.0263906589502607,588,347,0.1019730626781,599,358,"AVS"
"DE2",0.0126650506477829,393,56,337,0.0707877000473651,0.00523228891227775,391,54,0.0206200271707842,402,65,"AVS"
"DE3",0.0111134033982321,410,44,366,0.0441581523677395,0.00404963552600628,402,36,0.0156103288809289,404,38,"AVS"
"DE4",0.0157869758895655,424,80,344,0.0685613389842247,0.00565441018742779,408,64,0.0215916237652062,415,71,"AVS"
"DE811",0.0286294235265601,377,191,186,0.0834627616818254,0.00952280622016265,330,144,0.037448471765638,349,163,"AVS"
"DJ7",0.0641139849629123,435,351,84,0.0905691918651652,0.0259705699568943,429,345,0.0787836807686538,417,333,"AVS"
"DK3IIH6",0.0313981992530116,398,213,185,0.083496079040205,0.0135038943650235,402,217,0.0528954693673414,430,245,"AVS"
"DK4676A",0.0508862481611157,664,322,342,0.0688160120374927,0.0230022356701887,672,330,0.0661223585184975,636,294,"AVS"
"DK78002A",0.031574788544813,324,214,110,0.0887321187185238,0.0113447023234376,291,181,0.0437766725866988,307,197,"AVS"
"DK78010",0.0147799957373057,167,69,98,0.0892624822536148,0.00692189308181591,182,84,0.0266326082658473,195,97,"AVS"
"DK78371A",0.0357377111986536,474,251,223,0.081535666116376,0.0166255305592743,489,266,0.0577492809625271,489,266,"AVS"
"DKFAPW",0.0225460414415962,418,148,270,0.0786322369499457,0.00944542323954471,413,143,0.0369501217111841,428,158,"AVS"
"DKFBHJ",0.0404034637663215,418,279,139,0.086623299977168,0.017693328290238,422,283,0.0638258350419906,422,283,"AVS"
"DKMBNA",0.0200056256846739,381,124,257,0.0792684031752027,0.00913519148946046,391,134,0.035616740130777,400,143,"AVS"
"DKPB80",0.0525892883965762,577,330,247,0.0795920025668603,0.0230852147165198,579,332,0.0720898447721816,563,316,"AVS"
"E8501",0.0394123140062773,613,272,341,0.0688407647678498,0.0138854415806379,566,225,0.054443376662546,591,250,"AVS"
"EAST 028",0.00833670992455092,215,26,189,0.083311803758375,0.00356509640778567,216,27,0.0121770951391,210,21,"AVS"
"Eng-Li Chih",0.0246336467508635,210,162,48,0.0942264417118757,0.010917588322555,223,175,0.0382354885637613,215,167,"AVS"
"F118",0.0397405962715685,303,275,28,0.0976607338306293,0.0164547999970145,288,260,0.051498877957952,267,239,"AVS"
"F2834T",0.00767347129425198,186,24,162,0.0850534686032282,0.00351727591709968,188,26,0.0134951502957356,190,28,"AVS"
"FBLA",0.0510797558057806,573,323,250,0.0795221592703103,0.0203181847306122,557,307,0.0648278285268581,539,289,"AVS"
"FR19",0.0791643105124781,729,364,365,0.0503832495999433,0.0357196486938924,730,365,0.140121904875526,730,365,"AVS"
"H105W",0.0252083693529173,249,167,82,0.0906705546171241,0.0105745307805854,249,167,0.0416629328294069,268,186,"AVS"
"H110",0.00595620110580872,68,13,55,0.0934255903709513,0.00260646856868307,68,13,0.00988273429029135,68,13,"AVS"
"H113",0.0765233329167426,452,363,89,0.0901718577011506,0.035040136490192,452,363,0.0976110877860876,445,356,"AVS"
"H121",0.048812587410701,598,315,283,0.077097555093919,0.0164217128788349,542,259,0.0599011922790042,556,273,"AVS"
"H122w",0.00759020512558884,352,23,329,0.0720915841822146,0.00358998502166831,357,28,0.0138284557553095,359,30,"AVS"
"H5",0.0231902336301562,379,152,227,0.0812774308497876,0.0102197336548358,384,157,0.0386141110884143,395,168,"AVS"
"H71",0.0264826523520097,210,175,35,0.0963488945655061,0.00929608048946061,173,138,0.0311600181570517,162,127,"AVS"
"H84",0.0522535462290196,541,329,212,0.0819947314964041,0.024291142405481,550,338,0.0820331840298638,548,336,"AVS"
"H91",0.0742718567329856,422,362,60,0.0931249323584803,0.0329501660706817,420,360,0.0920180149825012,411,351,"AVS"
"H95",0.0256739281676503,292,169,123,0.0878547822799785,0.00965842802854372,275,152,0.0380785030507129,289,166,"AVS"
"H96",0.0293460286554617,270,196,74,0.0913666619239872,0.011594009620327,261,187,0.035619999932541,218,144,"AVS"
"H99",0.0378126627846515,283,262,21,0.099687195189701,0.0195534158829131,323,302,0.0758993413189982,346,325,"AVS"
"HP301",0.0407082311552296,291,283,8,0.103960735521479,0.0174827935247728,289,281,0.0684778543937553,314,306,"AVS"
"HUOBAI",0.0399274550030794,561,277,284,0.0769331994583159,0.0165758429947955,548,264,0.0652466669135454,576,292,"AVS"
"Hy",0.00806485141870764,83,25,58,0.093224096976166,0.00395799179527992,92,34,0.0154481314849563,95,37,"AVS"
"I29",0.0305627978800545,308,207,101,0.0890680815145395,0.0146055311852884,343,242,0.0438245726758272,299,198,"AVS"
"Ia 453",0.0562619042170903,346,337,9,0.102176228825731,0.0198164547762469,314,305,0.0687281922352048,317,308,"AVS"
"IA2132",0.0218980901643953,166,144,22,0.0986842049674555,0.00965016595709419,173,151,0.0364621615992373,175,153,"AVS"
"IBB15",0.0212127970421989,149,137,12,0.101225140569676,0.00876816377473051,139,127,0.0345411965317772,153,141,"AVS"
"IBC2",0.0269118066111951,394,181,213,0.0819939415892507,0.0118258292046239,403,190,0.0449746179313458,422,209,"AVS"
"ICI 193",0.0188528516736698,127,109,18,0.0999841182362158,0.0071327651980485,108,90,0.0280824785800276,122,104,"AVS"
"ICI 740",0.0437350850354916,569,294,275,0.0778293389127341,0.0174663712984732,555,280,0.0503383667632057,509,234,"AVS"
"ICI 893",0.00753143720212929,65,22,43,0.0949156164948897,0.00325793671451304,64,21,0.0128137773786514,69,26,"AVS"
"ICI 986",0.0246888261623539,263,163,100,0.089122853721701,0.0106505707173214,269,169,0.0310742892540866,226,126,"AVS"
"IDS28",0.0368926016820984,271,258,13,0.100604460079385,0.0161138954898362,270,257,0.0500690454635605,244,231,"AVS"
"IDS69",0.0240969025161271,483,158,325,0.0724176465516252,0.0084753402027467,447,122,0.0322610809419031,457,132,"AVS"
"IDS91",0.0122389996219816,247,53,194,0.0830626734930473,0.00557658250990477,255,61,0.0213773946078759,261,67,"AVS"
"INB 101LFY/LFY (A632 X M16 S5)",0.0416412774396337,598,285,313,0.0737518697978889,0.0166195063690335,578,265,0.0471885903230977,532,219,"AVS"
"INBRED 141",0.0371376920289199,290,260,30,0.0970639630270467,0.0174015458373261,305,275,0.0669580904640352,327,297,"AVS"
"INBRED 2-687",0.0187127699145721,354,106,248,0.0795704184656197,0.00836648232426552,368,120,0.0294202312586051,360,112,"AVS"
"INBRED 305",0.0618478330596479,663,348,315,0.0736750704159272,0.0276121734536739,665,350,0.0769972777677839,643,328,"AVS"
"INBRED 321",0.0115103128173817,243,48,195,0.0830231209263693,0.00564626096307787,258,63,0.0220380822545603,269,74,"AVS"
"K150",0.00389003548884662,37,6,31,0.0970559648735972,0.00179266138533384,38,7,0.0049456246716371,36,5,"AVS"
"K41",0.0410873507138521,433,284,149,0.086049782464531,0.0169513673487539,419,270,0.0662284039343928,444,295,"AVS"
"K47",0.0185471728008682,414,104,310,0.0739711705591563,0.00766154303312432,410,100,0.0301894756510091,430,120,"AVS"
"KUNG-70",0.00927486492362055,301,32,269,0.0786395949087274,0.00455466901650467,312,43,0.0176093430472362,316,47,"AVS"
"L 127",0.033394184775586,475,232,243,0.0800001192782238,0.0140156762464704,470,227,0.055253052994878,498,255,"AVS"
"L 139",0.0151190248553613,107,70,37,0.0962872365097682,0.00590367749606269,108,71,0.0226349154006475,114,77,"AVS"
"L 289",0.0180954413069631,274,100,174,0.0841772960844318,0.00616284547279455,248,74,0.021564542946457,243,69,"AVS"
"LH1",0.00733818541688729,215,17,198,0.0829225429174466,0.00278363833534476,214,16,0.0108018727606331,214,16,"AVS"
"LH119",0.0197939452842262,446,118,328,0.0721476667516495,0.00817744336095654,445,117,0.0322198783695777,459,131,"AVS"
"LH128",0.010580970604927,274,40,234,0.0806129186658986,0.0048585748466362,281,47,0.0186461729810809,285,51,"AVS"
"LH143 (Maintainer)",0.057847859856661,380,342,38,0.0961785770967007,0.0258295569928075,381,343,0.0890768610397306,384,346,"AVS"
"LH146Ht",0.0194150818482041,436,115,321,0.0730119113256305,0.00901055936876374,452,131,0.0269998698323363,420,99,"AVS"
"LH149",0.0222156060282317,465,145,320,0.0731888515553104,0.00987878062271539,475,155,0.027859217703625,423,103,"AVS"
"LH165",0.0196082211352615,251,117,134,0.0870845483225604,0.0070264787467181,221,87,0.026907364205789,232,98,"AVS"
"LH166",0.0432620589479774,600,291,309,0.0739778929048265,0.0209101108045802,625,316,0.0738400376844816,628,319,"AVS"
"LH181",0.0093585807185441,327,33,294,0.0756721004090806,0.00388769132660691,326,32,0.0149635598397506,328,34,"AVS"
"LH184",0.0193365144081763,241,114,127,0.0874973848417618,0.0080028093482494,237,110,0.0285168644350169,235,108,"AVS"
"LH190",0.0573795771057461,501,340,161,0.085063683003963,0.0258703495837593,505,344,0.0776794883944684,493,332,"AVS"
"LH192",0.0278574507377973,462,183,279,0.0774273018216563,0.0118407901661307,470,191,0.0446009845624197,484,205,"AVS"
"LH194",0.0539480442152986,624,335,289,0.0763925231858315,0.0192943148472809,589,300,0.0721970876343791,606,317,"AVS"
"LH195",0.0157330097806453,193,77,116,0.0882774068647674,0.00745011203484698,211,95,0.0220266986117376,189,73,"AVS"
"LH197",0.0187815037696835,336,107,229,0.0809351742073264,0.00695987240944923,314,85,0.0263501422128122,322,93,"AVS"
"LH198",0.0206298948929512,279,128,151,0.0860419884097721,0.010544519597156,317,166,0.0410618408808771,334,183,"AVS"
"LH202",0.0211191677487438,400,135,265,0.0788635481295551,0.00900668174573216,395,130,0.0288587494660604,375,110,"AVS"
"LH204",0.037931351444283,491,263,228,0.08124895940098,0.0166690353522387,495,267,0.0630232494485495,509,281,"AVS"
"LH205",0.0151925421741655,403,72,331,0.071840145071192,0.00723923111094653,424,93,0.0202662557037484,392,61,"AVS"
"LH206",0.050422009472007,556,320,236,0.0805474786577912,0.0220913906020719,561,325,0.0620069337092945,513,277,"AVS"
"LH208",0.0307617845182583,327,209,118,0.0881452606798604,0.0134589620258822,334,216,0.0438553640192753,318,200,"AVS"
"LH209",0.019093966726158,315,112,203,0.082665513474645,0.00836727103492657,324,121,0.031776916307021,331,128,"AVS"
"LH214",0.0198559163022799,460,120,340,0.0693301778570445,0.00825092956492157,459,119,0.027292443868966,440,100,"AVS"
"LH215",0.0313843903622072,403,212,191,0.0831678752128828,0.0141068850858078,423,232,0.0449736144062752,399,208,"AVS"
"LH222",0.0316451261243009,363,215,148,0.0860763546777623,0.0140972092651815,379,231,0.0531883280182957,394,246,"AVS"
"LH223",0.0203581709695813,444,126,318,0.0734199408940757,0.0077976149319598,421,103,0.030292580905196,439,121,"AVS"
"LH224",0.0513340000083141,453,324,129,0.0874476505892683,0.023387820425634,462,333,0.0916911446436867,479,350,"AVS"
"LH295",0.0267279665294997,425,179,246,0.0796003001275399,0.00954400929071315,391,145,0.0374407195605889,408,162,"AVS"
"LH60",0.00734906010641008,263,18,245,0.0799676513235642,0.00327532502444379,267,22,0.0123571898609561,269,24,"AVS"
"LH74",0.0118005223496779,113,51,62,0.0928840353879765,0.00500582375593209,114,52,0.0196525521717517,117,55,"AVS"
"LH82",0.0296727373854684,458,199,259,0.0790841900605342,0.0137893853128216,483,224,0.0386213760536325,428,169,"AVS"
"LH93",0.00962876171741291,343,36,307,0.0742999425999002,0.00411891115926531,345,38,0.0161563758896827,349,42,"AVS"
"LIBC 4",0.0322133167861335,249,222,27,0.0977271905811322,0.0122066274836028,224,197,0.0461250645596317,242,215,"AVS"
"LP1 NR HT",0.0610328746254237,351,346,5,0.106522148951218,0.0271449523211875,354,349,0.0773804311123585,334,329,"AVS"
"LP5",0.0179053411261702,455,97,358,0.0630042046204538,0.0064983815914767,434,76,0.025171311214156,444,86,"AVS"
"M14",0.0285339599460236,396,189,207,0.082207358118125,0.0111675052852178,385,178,0.0437067563523034,403,196,"AVS"
"MBPM",0.015766808865913,249,79,170,0.0842809061306761,0.00653462423793622,247,77,0.024582979160028,253,83,"AVS"
"MBWZ",0.0360652037773806,348,255,93,0.0899821562861535,0.0134221419031793,307,214,0.0492842617568752,320,227,"AVS"
"MM501D",0.00944747161217003,316,35,281,0.0772736923090646,0.00391843854558612,314,33,0.0150505128791458,316,35,"AVS"
"Mo17",0.0145530051874009,164,68,96,0.0894139811920206,0.0052107350723735,149,53,0.0199207626677174,153,57,"AVS"
"Mo1W",0.0282624350812731,327,186,141,0.0865855625799948,0.0137084948231766,362,221,0.0535409925745312,389,248,"AVS"
"Mo46",0.0371220599638272,564,259,305,0.0746265688513091,0.0174091371017575,581,276,0.0478206875922965,528,223,"AVS"
"Mo47",0.00966680162355437,159,37,122,0.087922536856291,0.00486351135948374,171,49,0.0189557018459791,174,52,"AVS"
"Mo5",0.0355958882208195,251,249,2,0.111454005830035,0.0160517225328737,258,256,0.058080526428946,269,267,"AVS"
"MQ305",0.0248044241894356,499,164,335,0.0711268247860798,0.00899580693563041,464,129,0.0330281200635067,470,135,"AVS"
"MS116",0.0516651669140687,680,327,353,0.0657058630226203,0.0226099979825599,681,328,0.085683194857032,695,342,"AVS"
"MS132",0.0475641655898246,457,305,152,0.0859845729030841,0.0214668042400654,472,320,0.0683475618708155,456,304,"AVS"
"MS200",0.0134358232305863,268,60,208,0.0821058814394997,0.00610114603733598,281,73,0.0229931856940183,286,78,"AVS"
"MS211",0.0405584621984677,548,281,267,0.0787295588034222,0.0179382800481856,555,288,0.0540339967591302,516,249,"AVS"
"MS221",0.0172189040082334,166,93,73,0.0915583585753692,0.00783931595033518,178,105,0.0307351360965191,198,125,"AVS"
"MS224",0.0207540550254505,181,131,50,0.0940430718042939,0.0082347290736129,168,118,0.0324377757390396,183,133,"AVS"
"MS225",0.0288617975884144,294,192,102,0.0890269363497,0.0121923729075686,298,196,0.0419186554193998,291,189,"AVS"
"MS226",0.0462951676911936,432,301,131,0.0873626367709072,0.0221937865179713,457,326,0.0609256636012131,407,276,"AVS"
"MS24A",0.0157911928178924,427,81,346,0.0678144899516713,0.00738053652367939,440,94,0.020278622821268,408,62,"AVS"
"MS67",0.0208038091562953,482,133,349,0.0670015237013559,0.0102618054129598,508,159,0.040040407134032,528,179,"AVS"
"MS71",0.0456215053932265,473,300,173,0.0841928217553238,0.0208219380917297,488,315,0.0654476721508232,466,293,"AVS"
"MS72",0.027862411391857,223,184,39,0.0959961324253887,0.0122113998430979,237,198,0.0462148259165066,255,216,"AVS"
"N192",0.0728028663780271,436,360,76,0.0909631370806502,0.0298714809959169,432,356,0.116099673331054,440,364,"AVS"
"N193",0.0113027337051676,399,45,354,0.0652114472071474,0.00457271786676465,398,44,0.0175733331532605,400,46,"AVS"
"N200",0.0261480664717545,338,171,167,0.0847401363913814,0.00936644453792301,308,141,0.0357603311248887,313,146,"AVS"
"N201",0.008420956085464,138,29,109,0.0887718181357057,0.00348200578970833,134,25,0.0137239297528115,138,29,"AVS"
"N209",0.000303908487995348,93,1,92,0.0900107591421753,0.00014472313316407,93,1,0.000565855907745938,93,1,"AVS"
"N211",0.0489004332289939,496,316,180,0.0836939643534295,0.0187673076588055,474,294,0.0708608407491607,495,315,"AVS"
"N217",0.0347803620672432,310,243,67,0.0924238291295927,0.014399338067714,304,237,0.0567556750812142,327,260,"AVS"
"N218",0.0348079183268392,522,244,278,0.0776172142865172,0.0134276354285288,493,215,0.0506860660547492,514,236,"AVS"
"N28Ht",0.0299989326209952,246,202,44,0.0944737099940678,0.0114234004811197,228,184,0.0360858983888795,193,149,"AVS"
"N501",0.0332976622585169,496,230,266,0.0788217921127699,0.0129248573704156,473,207,0.0502806102518641,499,233,"AVS"
"N523",0.00423037924311812,163,7,156,0.0856124305298622,0.00164418650988703,162,6,0.00639705458924439,163,7,"AVS"
"N527",0.0678511982368975,604,355,249,0.0795379552486588,0.0250490675124416,590,341,0.0987541382891624,606,357,"AVS"
"N534",0.0170048381597821,186,91,95,0.0895331640694352,0.00681357816671719,177,82,0.0256848224005384,185,90,"AVS"
"N542",0.0575413838292952,418,341,77,0.0908421565317931,0.0246270238629328,416,339,0.074310467236483,397,320,"AVS"
"N6",0.0293358035679104,214,195,19,0.0999335461816917,0.0149215506870617,265,246,0.0493245782769185,247,228,"AVS"
"NC250",0.0246312472542019,517,161,356,0.0646481761035629,0.010239623076065,514,158,0.039674730653726,531,175,"AVS"
"NC262",0.00735509587702162,30,20,10,0.101414259135038,0.00331803061591717,33,23,0.0130162108405105,37,27,"AVS"
"NC294",0.0224466750322088,246,147,99,0.0892393906257614,0.00799790527714757,208,109,0.026403519839903,194,95,"AVS"
"NC310",0.0199493572469217,376,123,253,0.0794237582646969,0.00923549120631436,389,136,0.0362991314761889,403,150,"AVS"
"NC326",0.0300655723950472,376,204,172,0.0841958164982746,0.0109373100790186,348,176,0.0421431871283647,364,192,"AVS"
"NC328",0.0516368024066838,561,326,235,0.0805864977132794,0.0217132653390509,558,323,0.067080044923941,534,299,"AVS"
"NC342",0.0401049554214589,420,278,142,0.0865195167451187,0.0189906874111001,439,297,0.0731606021675495,460,318,"AVS"
"NC412",0.0514051996040497,576,325,251,0.0794768501584326,0.017954133081907,540,289,0.057508240457286,515,264,"AVS"
"ND259",0.031904359695051,575,218,357,0.0633378920378102,0.0131961037463006,569,212,0.0520131813057519,599,242,"AVS"
"ND265",0.0651036188513834,653,353,300,0.0751953751299332,0.0227303919419241,629,329,0.085816853702615,643,343,"AVS"
"NK740",0.0336429206979044,439,233,206,0.0825321372570115,0.0150902496053751,455,249,0.0569047764337757,468,262,"AVS"
"NK778",0.0348177550941473,445,245,200,0.0828365050452891,0.0129203630547577,406,206,0.0438380294028169,399,199,"AVS"
"NK807",0.0053305910602922,99,11,88,0.090179284324716,0.00273639359843806,103,15,0.0106163379685721,103,15,"AVS"
"NKS8326",0.0280256122372233,360,185,175,0.0839206857365842,0.00963725961056807,325,150,0.0367690817401156,331,156,"AVS"
"NORTH 7",0.0365052052833245,592,256,336,0.0710196644305504,0.0154796400671901,589,253,0.0605943361757576,610,274,"AVS"
"NQ508",0.0187879396052672,164,108,56,0.0934044957499511,0.00800851210922551,167,111,0.0296878138965125,169,113,"AVS"
"NS501",0.0267343497391605,367,180,187,0.083388525669016,0.0117152146766891,375,188,0.0444911299020045,390,203,"AVS"
"NS701",0.0418675651618236,584,286,298,0.0752882706709948,0.0175384647875502,580,282,0.0689534407256085,607,309,"AVS"
"NY6371",0.0307164852915568,259,208,51,0.0940162430938998,0.0140709161328933,281,230,0.0550698894064912,304,253,"AVS"
"Ny821",0.0162119943634446,179,85,94,0.0897703737527045,0.00712938549127727,183,89,0.0232496532342603,173,79,"AVS"
"OH33",0.046549770865065,455,302,153,0.0859510310400911,0.0206867965807075,465,312,0.0802608096139447,487,334,"AVS"
"Oh40B",0.0305410901900017,240,206,34,0.0964612222340706,0.0140671522666947,263,229,0.0388849311561065,206,172,"AVS"
"Oh43",0.0487012410772445,672,313,359,0.0625369694430983,0.0189677207608426,655,296,0.0681948499218565,661,302,"AVS"
"Oh7",0.0160705265613176,313,83,230,0.0807038827190207,0.00764452018272504,329,99,0.0298914146803544,346,116,"AVS"
"OQ403",0.0359698304425892,374,254,120,0.0881011235540404,0.0164608025129511,382,262,0.0533147607077983,367,247,"AVS"
"OQ603",0.0189580961092726,248,110,138,0.0866856581949013,0.00797635975427869,246,108,0.030046398636888,257,119,"AVS"
"Os420",0.0439492554157239,326,297,29,0.0975090265766981,0.0195964464507155,332,303,0.055227249852779,283,254,"AVS"
"OS602",0.0717869111749227,523,359,164,0.0849020699713009,0.0313749273202135,522,358,0.0899981009403306,512,348,"AVS"
"Pa392",0.0352663424430793,461,246,215,0.0818151413739073,0.0164560710582457,476,261,0.0507120692399079,452,237,"AVS"
"Pa405",0.0152405302966733,292,73,219,0.0817210104900105,0.00635980772796068,294,75,0.0250629844411193,303,84,"AVS"
"Pa875",0.0804353772266548,450,365,85,0.0905456183413017,0.0355707854219494,449,364,0.110922245116496,447,362,"AVS"
"Pa880",0.0126974352567672,64,57,7,0.105038357832124,0.00575491820147563,74,67,0.0225692471422568,83,76,"AVS"
"Pa91",0.00480223441370217,75,9,66,0.0924763867870829,0.00227495653463998,76,10,0.00889767331139465,76,10,"AVS"
"PH207",0.021427601146039,282,138,144,0.0863812293558224,0.0077985982854252,248,104,0.023630423437461,225,81,"AVS"
"PHB09",0.0227883900251954,297,150,147,0.0860953701229032,0.0105895974150367,315,168,0.0327671773501834,281,134,"AVS"
"PHB47",0.0476402614571025,452,306,146,0.0860990913402668,0.0171072397938675,419,273,0.0651893013150388,436,290,"AVS"
"PHBA6",0.0299202975736565,410,200,210,0.0820431683961232,0.0131728405182294,421,211,0.0517538530841247,450,240,"AVS"
"PHBB3",0.0326921917342783,345,226,119,0.0881237747258882,0.013605626973547,338,219,0.0506411427781595,354,235,"AVS"
"PHEG9",0.0357780652449571,382,252,130,0.0874153356629923,0.0167053170981897,398,268,0.0597583658875534,402,272,"AVS"
"PHG29",0.039740113117009,604,274,330,0.0719268882235985,0.0174311529049564,607,277,0.0641529799417611,615,285,"AVS"
"PHG47",0.0300491135009089,565,203,362,0.0595091186886983,0.0142981766346628,596,234,0.0419036949223427,549,187,"AVS"
"PHG71",0.00598564556251774,85,14,71,0.0918309988424039,0.002489651298279,82,11,0.00979719765319259,82,11,"AVS"
"PHG80",0.0193299203392932,272,113,159,0.0851919114873237,0.00784497631840706,265,106,0.0276545585102464,261,102,"AVS"
"PHG83",0.0320871428895308,538,221,317,0.073567988070264,0.0120127188457306,509,192,0.0452004777507883,527,210,"AVS"
"PHG86",0.0338737710825946,299,234,65,0.0925309527149853,0.0149743427375549,313,248,0.0544723651553696,317,252,"AVS"
"PHH93",0.0485910525958042,545,312,233,0.0806540228877497,0.0215224718641247,555,322,0.0607524046502472,508,275,"AVS"
"PHHH9",0.0167874529067185,372,90,282,0.077114242980478,0.00663322739526783,361,79,0.0258462213982661,373,91,"AVS"
"PHHV4",0.0162883499096417,312,87,225,0.0813502887217865,0.006578539444129,303,78,0.0254791286747919,313,88,"AVS"
"PHJ70",0.0658769678865156,702,354,348,0.0671405861389625,0.0286478747898029,701,353,0.0860634672088136,692,344,"AVS"
"PHJ89",0.0347604851431886,603,242,361,0.0595397387231623,0.015397495871103,612,251,0.0453934467903826,573,212,"AVS"
"PHJ90",0.0540795725080205,451,336,115,0.08838281431518,0.0190532054366621,414,299,0.0594728381051082,386,271,"AVS"
"PHJR5",0.0535695090119913,446,333,113,0.0886563969245034,0.0234107860540286,447,334,0.0680314276576214,414,301,"AVS"
"PHK35",0.0137407296186218,397,65,332,0.0718058595455687,0.00485859007128585,380,48,0.0161935370143682,375,43,"AVS"
"PHK42",0.00348779006279732,29,5,24,0.097997897060278,0.00150559172049134,29,5,0.00590029641950982,30,6,"AVS"
"PHK56",0.00836649928971364,155,27,128,0.0874912764692121,0.00305404414864949,146,18,0.0120405654064038,147,19,"AVS"
"PHK74",0.0649638419188024,616,352,264,0.0789033440792458,0.028164255082082,616,352,0.0831715741802016,604,340,"AVS"
"PHKE6",0.00207548063635271,320,4,316,0.0736322801106411,0.000943254116382264,320,4,0.00361723665632877,320,4,"AVS"
"PHM10",0.0123740586922545,205,55,150,0.0860480809626959,0.00549859459849681,210,60,0.0207511632383975,216,66,"AVS"
"PHN11",0.0120120205259962,184,52,132,0.0871878165377856,0.00558393892535577,194,62,0.0214651536042768,200,68,"AVS"
"PHN29",0.0177414905897471,136,95,41,0.0951562728043288,0.00876701519198172,167,126,0.0338042590445513,178,137,"AVS"
"PHN66",0.0217702329292737,222,141,81,0.0906826889974852,0.00812701013818009,195,114,0.029948504859373,198,117,"AVS"
"PHN82",0.00607868118971047,217,15,202,0.0828046712608681,0.00271366066575461,216,14,0.0102221507363958,216,14,"AVS"
"PHP02",0.0305354101334008,459,205,254,0.079326982373671,0.0147335832867386,497,243,0.0568706453755715,515,261,"AVS"
"PHP55",0.0333617930678013,300,231,69,0.0922831590287944,0.015449955353582,321,252,0.04255917320248,262,193,"AVS"
"PHP76",0.0347401725483062,295,241,54,0.0938639334602286,0.0130484241901535,263,209,0.0386433727753735,224,170,"AVS"
"PHP85",0.0171208084512021,353,92,261,0.0789827380362357,0.00865167347075317,386,125,0.0239211622332794,343,82,"AVS"
"PHPR5",0.0134811793469611,226,61,165,0.0848714018283627,0.005303440536843,222,57,0.0168151578792274,210,45,"AVS"
"PHR03",0.00938889743698279,386,34,352,0.065981429934551,0.00397031917204373,387,35,0.0156363182726178,391,39,"AVS"
"PHR30",0.0502831193557125,631,319,312,0.0738241690406769,0.0189580189384573,607,295,0.0706747525405741,624,312,"AVS"
"PHR31",0.013935824994196,173,66,107,0.088869894683465,0.00499661498466789,158,51,0.0190585506972883,160,53,"AVS"
"PHR36",0.0097016176610215,335,38,297,0.0754782620259749,0.0041201039847455,336,39,0.0121258611013047,317,20,"AVS"
"PHR47",0.0487991157770793,454,314,140,0.086612118264741,0.0204874176557546,450,310,0.0685191843697566,447,307,"AVS"
"PHR63",0.0505224081359706,612,321,291,0.0759349647261618,0.0219397276192279,615,324,0.0695094086525632,601,310,"AVS"
"PHT10",0.0162700836964638,419,86,333,0.0713560963267707,0.00708797565605318,421,88,0.0203269420949084,396,63,"AVS"
"PHT47",0.0240888192797302,468,157,311,0.0738305230734625,0.0110313095329688,488,177,0.041561888165222,496,185,"AVS"
"PHT55",0.0389303578335072,594,270,324,0.072598515715529,0.0170675486925995,596,272,0.0645834713194246,612,288,"AVS"
"PHTM9",0.0496384953495017,496,318,178,0.0837075599593571,0.0169125634924522,447,269,0.062358194455398,456,278,"AVS"
"PHV37",0.0393204342940218,463,271,192,0.0831599261362836,0.017208229718051,466,274,0.065206788603779,483,291,"AVS"
"PHV57",0.017323970714493,134,94,40,0.0958994224621272,0.0067789098393753,121,81,0.0255728787531002,129,89,"AVS"
"PHV63",0.0294356320326668,212,197,15,0.100175785452029,0.0122769460720536,214,199,0.037283543172015,175,160,"AVS"
"PHVA9",0.0161981354696189,364,84,280,0.0774158931818829,0.00717825299654317,371,91,0.0273716180995765,381,101,"AVS"
"PHVJ4",0.0479369856117108,524,308,216,0.0817884168455141,0.0223940682313098,543,327,0.086137249022577,561,345,"AVS"
"PHW03",0.0156615871341302,90,76,14,0.100365044057873,0.00670726126292714,94,80,0.0263961777660398,108,94,"AVS"
"PHW17",0.0167343372942034,403,89,314,0.0737284918331434,0.00718176121615427,406,92,0.028260034907175,419,105,"AVS"
"PHW20",0.0481512672962873,434,310,124,0.0878183405801155,0.0177769154909705,410,286,0.0673325054452734,424,300,"AVS"
"PHW30",0.0739579445358164,558,361,197,0.0829952186919764,0.0328135769489619,556,359,0.105262840025472,556,359,"AVS"
"PHW43",0.0345281673542346,391,237,154,0.0857970546278068,0.0130268662724914,362,208,0.0476074744152465,375,221,"AVS"
"PHW52",0.0199406592613446,265,122,143,0.0863906451645549,0.00762616019682936,240,97,0.0288001862500076,252,109,"AVS"
"PHW53",0.0325338604095455,321,224,97,0.0892905892474291,0.0120911766482477,291,194,0.0448929470638001,304,207,"AVS"
"PHW80",0.0404874498412045,644,280,364,0.0588892445432488,0.0176937151611803,648,284,0.0634848968470382,646,282,"AVS"
"PHWG5",0.0207549949283237,336,132,204,0.0826599362283231,0.00955295005410508,350,146,0.0374284292632824,365,161,"AVS"
"PHZ51",0.0212126921207773,407,136,271,0.0784685833051756,0.00982991828426304,424,153,0.0377718114766905,435,164,"AVS"
"Q381",0.035310720138985,283,247,36,0.0963460686015059,0.0128007733479866,240,204,0.0478608887915425,260,224,"AVS"
"R168",0.0384193488066273,461,265,196,0.0830032714447653,0.017937079705927,483,287,0.0703131434711746,507,311,"AVS"
"R177",0.028273848295896,537,187,350,0.0664041320256368,0.0133691255105883,563,213,0.0514956601499505,588,238,"AVS"
"R181B",0.0225580910009024,166,149,17,0.100043714480059,0.00909464005239998,150,133,0.0358415203066942,164,147,"AVS"
"R226",0.0206450924327877,201,129,72,0.0916214414242972,0.00935068974944294,212,140,0.030419170636048,195,123,"AVS"
"R229",0.0217597569784617,448,140,308,0.0742781298121009,0.00963232088441116,457,149,0.0367188155590453,463,155,"AVS"
"R71",0.0421003740425311,293,287,6,0.105692131920666,0.0163360996052775,264,258,0.0640450636019894,290,284,"AVS"
"R78",0.031700301078424,353,216,137,0.0868399127438629,0.0148883563663455,382,245,0.045910407043835,351,214,"AVS"
"SD101",0.0312369277582253,369,211,158,0.0852142962952561,0.0136228964623535,378,220,0.0420432789796691,349,191,"AVS"
"SD102",0.0235027574808377,200,154,46,0.0943869122299382,0.0104208474291946,209,163,0.0393371057921464,219,173,"AVS"
"SD107",0.0530786743340465,412,332,80,0.0907437631247972,0.0246903286187183,420,340,0.0826294996056839,417,337,"AVS"
"SD40",0.0478842985464889,533,307,226,0.0813084369778961,0.0242624359792359,563,337,0.070777095202307,540,314,"AVS"
"SD44",0.0472984266269868,439,304,135,0.0870648362094593,0.0207923540335502,449,314,0.0760203719776423,461,326,"AVS"
"SG 30A",0.00204208621848635,107,3,104,0.0889747305399288,0.000853617569353674,107,3,0.00336373270282369,107,3,"AVS"
"T242",0.0131782295643777,145,59,86,0.0903636678978947,0.00531082623062479,144,58,0.0200172985637487,144,58,"AVS"
"Tr",0.0470351848969394,520,303,217,0.0817721807032377,0.0197316791116989,521,304,0.0775627057342882,548,331,"AVS"
"TZU-CHIAO-HSI-WU 105",0.0406203718756131,314,282,32,0.0970176394310603,0.0159358033869313,287,255,0.0572640279542676,295,263,"AVS"
"Va26",0.026688503268379,440,178,262,0.0789647925984823,0.0108564690122825,436,174,0.0419050756780601,450,188,"AVS"
"Va35",0.0263075689115663,478,172,306,0.0744417508459468,0.0125215089070206,508,202,0.0396649754400511,480,174,"AVS"
"Va52",0.0452938574346025,508,299,209,0.0820585469821072,0.0203508071089196,518,309,0.0576403202400291,474,265,"AVS"
"Va99",0.0587284093442497,506,343,163,0.0850461157785162,0.0257419892511925,505,342,0.0764654730224689,490,327,"AVS"
"W182E",0.0373684175753429,560,261,299,0.0752772364277679,0.0174437607515832,578,279,0.0682856887703328,602,303,"AVS"
"W22",0.0265694455145202,336,176,160,0.0850852015550027,0.0113887731026334,343,183,0.0397009069124928,336,176,"AVS"
"W23",0.0981429814888453,622,366,256,0.0792706212058928,0.0437639770849801,622,366,0.156360485974948,622,366,"AVS"
"W24",0.0178327970427306,253,96,157,0.0854797680152631,0.00762832147083528,255,98,0.0251496839619098,242,85,"AVS"
"W32",0.0421343119428013,573,288,285,0.0769140975837964,0.021109471509991,603,318,0.0817499940955482,620,335,"AVS"
"W37A",0.0442787302028056,661,298,363,0.0594718755127027,0.0180342259307885,653,290,0.0629126007564174,643,280,"AVS"
"W552",0.0222711259242243,493,146,347,0.0674285806135682,0.00984873098876526,501,154,0.0284384589383847,453,106,"AVS"
"W603S",0.0198065689153471,422,119,303,0.074806318889333,0.010401511556172,465,162,0.0404156679597135,484,181,"AVS"
"W604S",0.023320789459372,267,153,114,0.088469266221437,0.0100704407448138,270,156,0.0342348948475206,254,140,"AVS"
"W605S",0.018205676742313,188,101,87,0.0903453126992654,0.00814508971178667,202,115,0.0298837533693968,202,115,"AVS"
"W607S",0.0115353496109966,250,49,201,0.0828352349792646,0.00465286856687855,246,45,0.0163910520108232,245,44,"AVS"
"W610S",0.0328386541901638,567,228,339,0.0693943220431661,0.0143703256117822,574,235,0.0544688933122033,590,251,"AVS"
"W611S",0.0332588967595683,555,229,326,0.0723961614602466,0.0143718120478498,562,236,0.0565293592730745,584,258,"AVS"
"W612S",0.0693081660396831,616,356,260,0.0790072194927099,0.0290855948856125,614,354,0.094732626449713,613,353,"AVS"
"W614S",0.0151291086680081,128,71,57,0.0933258139673962,0.00542524029870696,116,59,0.0196528035155284,113,56,"AVS"
"W64A",0.0114462984445502,237,47,190,0.0831742343879459,0.00528069497040814,246,56,0.0204921582743768,254,64,"AVS"
"W701BC",0.0357995713532036,254,253,1,0.116722342144396,0.012413866240126,202,201,0.0479314787625132,226,225,"AVS"
"W803G",0.0356223637960773,405,250,155,0.08561680800319,0.0148694638118447,399,244,0.0585974879801207,424,269,"AVS"
"W809G",0.0299480556245031,253,201,52,0.0939906505574738,0.0140190272240277,280,228,0.0518732442673704,293,241,"AVS"
"W810G",0.0368183489851064,318,257,61,0.0930078215226771,0.016573705330466,324,263,0.0644455022792342,348,287,"AVS"
"W811G",0.0115385674795119,226,50,176,0.0838454741902698,0.00424292132603751,217,41,0.0160788251699556,217,41,"AVS"
"W813G",0.0429307909629916,414,289,125,0.0875308602551625,0.021494167925652,446,321,0.0837970701517322,466,341,"AVS"
"W8304",0.0229239776026152,383,151,232,0.080678434318465,0.0112280577242949,411,179,0.0338109175216918,370,138,"AVS"
"W9",0.0266283280446287,450,177,273,0.0779657803969672,0.0115569025761662,459,186,0.0453924931419702,484,211,"AVS"
"WIL900",0.0290333831378963,544,193,351,0.0660947656543696,0.011439729808773,536,185,0.0445640333112821,555,204,"AVS"
"WU-TAN-TZAO",0.00997890516449903,362,39,323,0.0727102110098312,0.00407996007697035,360,37,0.0143406755055332,355,32,"AVS"
"YE 4",0.0437760213248125,655,295,360,0.0613560091094455,0.0183920640703841,652,292,0.0707725912219988,673,313,"AVS"
"YING-55",0.0257868714184453,392,170,222,0.0815560008357645,0.0107870475058785,394,172,0.0355317402789447,364,142,"AVS"
"Yu796 NS",0.0320339250403378,388,220,168,0.0846761873493124,0.0145949336972677,409,241,0.0401361558545197,348,180,"AVS"
"ZS365",0.026319411678901,477,173,304,0.0746368961563428,0.0127830830019434,507,203,0.0499227453406694,534,230,"AVS"
"ZS635",0.0180665352308694,267,98,169,0.0842903720072616,0.00756041037486111,265,96,0.029790821053132,283,114,"AVS"
