"Genotype","AVAMGE","AVAMGE_SSI","rAVAMGE","rY.x","means.x","MASI","MASI_SSI","rMASI","MASV","MASV_SSI","rMASV","GDD"
"1538",72.8574936671831,260,116,144,453.92793699354,0.578894115610702,269,125,2.09988466830913,263,119,"AUPC"
"29MIBZ2",81.2032108597188,167,135,32,495.624752145808,0.759194564822814,214,182,2.62772295318101,198,166,"AUPC"
"2FACC",15.731715381711,37,10,27,502.264635411392,0.12255337708252,35,8,0.44125229780479,36,9,"AUPC"
"2MA22",80.3008378527815,461,134,327,387.167464456133,0.483531784879149,414,87,2.05645770328116,437,110,"AUPC"
"3IJI1",232.142770704519,560,355,205,436.127293667133,1.64715870957893,552,347,5.9297011124951,552,347,"AUPC"
"4226",158.219193189206,492,297,195,438.771627853488,1.00378846595394,455,260,4.02712547864018,467,272,"AUPC"
"4N506",179.076088783759,493,327,166,447.448458291632,1.16575107366707,460,294,4.54372440959605,468,302,"AUPC"
"6M502",160.573340670872,384,299,85,474.8378286499,1.14439772448741,374,289,3.9564440558501,352,267,"AUPC"
"6M502A",236.811973117691,543,357,186,442.589047834819,1.65927909849785,537,351,5.88229804404178,532,346,"AUPC"
"764",62.3832902723404,349,85,264,417.104101803185,0.514288110980753,365,101,1.7766030201786,351,87,"AUPC"
"78010",90.4109019980665,425,164,261,417.636133824917,0.810493780376308,462,201,2.809999496579,450,189,"AUPC"
"793",60.2161110799219,332,82,250,420.395638694502,0.54063643293592,360,110,1.88373808262828,345,95,"AUPC"
"87916W",147.351956836497,335,281,54,486.1666018753,1.36044168868971,374,320,4.48034210443255,349,295,"AUPC"
"911",46.4934936941072,227,49,178,445.297443593643,0.31163336556601,222,44,1.24861282637001,224,46,"AUPC"
"912",69.4254132410739,442,106,336,379.706384004711,0.634483826628006,482,146,2.10807896239558,456,120,"AUPC"
"91IFC2",29.0508767135496,112,23,89,473.379023083716,0.218897196955041,114,25,0.813884236440213,112,23,"AUPC"
"A",92.6703170422104,385,171,214,433.931149097216,0.66871744190978,370,156,2.31819113104198,353,139,"AUPC"
"A208",70.2205413984508,411,108,303,399.750093747892,0.538850316529233,412,109,1.98968186142697,407,104,"AUPC"
"A239",53.3546915535377,99,63,36,494.797622917483,0.362367309233834,97,61,1.40618085328168,93,57,"AUPC"
"A272",64.3237358977053,404,88,316,394.337449776609,0.610143556075877,452,136,2.09807344771614,434,118,"AUPC"
"A305",125.920092549678,508,241,267,416.712661164747,0.999634691763158,526,259,3.57605113553744,512,245,"AUPC"
"A322",77.3758390999872,340,124,216,433.152098055932,0.70869886065713,383,167,2.33972790644443,358,142,"AUPC"
"A334",9.39831824428451,174,1,173,446.36120733418,0.0952726310126258,175,2,0.323450693637023,175,2,"AUPC"
"A340",100.412150470776,207,194,13,516.316131504292,0.919694207669785,246,233,3.03631028294561,215,202,"AUPC"
"A374",85.6975589383151,228,153,75,478.999784909138,0.665349908862813,230,155,2.76047440572405,258,183,"AUPC"
"A385",84.6286902485342,410,147,263,417.240181667133,0.724663689108793,436,173,2.58351203749705,425,162,"AUPC"
"A401",85.2197746215112,362,149,213,433.963096936116,0.780013230793495,399,186,2.70445669107921,387,174,"AUPC"
"A427",146.708981251563,346,275,71,479.54448131804,0.88549287670701,292,221,3.71965102149759,323,252,"AUPC"
"A548",93.7736360253499,308,173,135,458.441784933626,0.757960868490152,315,180,2.74899984469984,317,182,"AUPC"
"A572",128.501059340931,458,246,212,434.877402204218,0.815435866314684,417,205,3.56416148281688,456,244,"AUPC"
"A619",56.0031896897848,342,71,271,414.287040095999,0.334350029207154,320,49,1.45812604051672,332,61,"AUPC"
"A627",141.425581062864,588,264,324,388.529536647193,1.29291086214921,637,313,4.2842883133021,611,287,"AUPC"
"A632",216.778277544452,446,347,99,469.81982733503,1.81105122698399,457,358,5.93538829755987,447,348,"AUPC"
"A635",146.40306674794,434,274,160,449.318393979288,0.959291809949284,403,243,3.81501821691875,418,258,"AUPC"
"A641",154.570577176329,619,294,325,387.99163830488,1.49215802453211,660,335,4.96410734784398,645,320,"AUPC"
"A648",259.317565334016,617,361,256,418.836546482272,1.72299712070504,609,353,6.85780775999659,613,357,"AUPC"
"A663",44.5564453535362,182,45,137,458.127820219817,0.239123193781976,165,28,0.956603648299388,167,30,"AUPC"
"A672",170.244297878484,406,316,90,473.263045077487,1.04222513427995,360,270,4.59970036557437,399,309,"AUPC"
"A674",56.7683162311371,112,75,37,494.120760023996,0.351715954935811,92,55,1.45405488656419,97,60,"AUPC"
"A679",186.405373462528,537,334,203,437.2678510651,1.32622536959357,520,317,5.28824375901773,535,332,"AUPC"
"A680",35.1913234441767,104,35,69,480.862545275964,0.35487040261728,125,56,1.20586834732337,111,42,"AUPC"
"A682",204.916140447793,561,341,220,432.335299849141,1.20297510919249,521,301,5.15960099464109,547,327,"AUPC"
"A71",73.5813284691813,163,119,44,491.981679875855,0.614124351564775,182,138,2.20545443308463,169,125,"AUPC"
"A73",128.072119873714,308,244,64,482.706420258386,1.13776647564497,350,286,3.81093466963074,321,257,"AUPC"
"A797NW",136.001792007738,484,254,230,429.250408193617,1.24295539506698,536,306,4.12741118743546,509,279,"AUPC"
"AQA3",140.324847046627,428,260,168,447.312096193443,0.89245347446248,390,222,3.32823375182059,394,226,"AUPC"
"AS6103",151.640922563833,403,287,116,462.853101212727,1.03933463725233,385,269,4.34155061804873,407,291,"AUPC"
"AusTRCF 306238",63.8171150857622,446,87,359,347.645012625302,0.39762761211981,426,67,1.559246166464,428,69,"AUPC"
"B-18 INBR.FR.SUPERGOLD",53.6788221131427,193,64,129,459.51375895566,0.338453251803821,180,51,1.48393166488695,194,65,"AUPC"
"B-28",152.930764676207,319,293,26,503.164800934328,1.39769522044817,353,327,4.65020095505566,336,310,"AUPC"
"B103",135.310321573108,361,252,109,466.682005757988,0.724585049915615,281,172,3.14791292033676,322,213,"AUPC"
"B104",91.9126823611399,337,168,169,447.050776357349,0.599380113826199,301,132,2.54851201428603,330,161,"AUPC"
"B105",111.716472711506,377,216,161,449.224760655042,1.05748240913497,434,273,3.49394784458884,397,236,"AUPC"
"B108",34.6627765979671,169,33,136,458.277007304647,0.191873976358072,157,21,0.834854206942891,162,26,"AUPC"
"B109",267.641659532953,658,362,296,403.638202543642,2.49864811766851,662,366,8.2271332787858,662,366,"AUPC"
"B110",124.324894419549,342,238,104,468.235707058713,0.973401310881822,354,250,4.0466124491088,378,274,"AUPC"
"B111",12.6601766841733,44,3,41,493.249911850163,0.0801644804774955,42,1,0.337059633763892,44,3,"AUPC"
"B115",69.0685486346598,388,104,284,408.776316969572,0.4994097073369,375,91,1.7712019642015,370,86,"AUPC"
"B119",100.333862654143,430,193,237,426.734651717419,0.939247568983411,475,238,3.09423474707111,443,206,"AUPC"
"B120",215.653624450058,427,345,82,475.99879134485,1.42848118929248,412,330,6.30770324466729,435,353,"AUPC"
"B121",137.438749349795,451,255,196,438.710072972216,1.15037508787255,487,291,3.83971116128612,455,259,"AUPC"
"B14A",171.140896360167,543,317,226,429.967432392012,1.16390700755666,519,293,4.39568590961612,519,293,"AUPC"
"B164",112.148772358222,235,217,18,508.989206627533,1.07403912004078,294,276,3.56254131711897,261,243,"AUPC"
"B2",143.166875994254,489,267,222,431.847040371955,0.961072124758385,467,245,4.00866772276142,493,271,"AUPC"
"B37",140.574168185041,485,261,224,430.370878811626,0.99248844637219,480,256,3.53724171817403,464,240,"AUPC"
"B47",32.3360700677087,333,28,305,398.998010679662,0.2134808799888,328,23,0.938622423462948,334,29,"AUPC"
"B57",30.5112959132431,309,26,283,409.39983497845,0.214395527730593,307,24,0.821446020052185,307,24,"AUPC"
"B66",126.068420909077,448,242,206,435.978333619421,0.904097753014573,432,226,3.45398315537745,438,232,"AUPC"
"B68",85.4091496769529,385,150,235,427.314865268816,0.70409240361897,400,165,2.38987480042258,381,146,"AUPC"
"B73",171.346035244632,441,318,123,460.660547736517,1.53787758213473,463,340,5.33389160564268,457,334,"AUPC"
"B75",162.833212030296,665,304,361,339.430900511234,1.51237556492794,699,338,5.22528521356127,689,328,"AUPC"
"B76",163.180589777406,315,305,10,519.777527252343,0.909752558339274,237,227,3.5564358788175,252,242,"AUPC"
"B77",83.8883170935239,334,145,189,441.387094164651,0.580332916199634,315,126,2.11082907281671,310,121,"AUPC"
"B79",152.151486761931,514,289,225,430.149387242933,1.03090208098556,491,266,4.32556426111908,515,290,"AUPC"
"B87",59.7645007381943,155,81,74,479.166301272373,0.556453107168129,188,114,1.83142849332266,165,91,"AUPC"
"B88",46.365949073381,300,48,252,419.671961078514,0.28053046790716,289,37,1.18612059644934,292,40,"AUPC"
"B91",67.0033015386908,120,99,21,507.87880349406,0.455708004165907,104,83,1.98862723368131,124,103,"AUPC"
"B97",67.5145813098325,406,100,306,398.693651166211,0.403739308643838,378,72,1.73670797405389,389,83,"AUPC"
"BEI 10 = NORTH 10",58.0319492262067,316,76,240,425.331932723369,0.400522666541652,309,69,1.48192630266227,304,64,"AUPC"
"BO9",210.131704134604,512,342,170,446.861164059302,1.50447123300539,507,337,5.315183099484,503,333,"AUPC"
"CA-4",108.557321909956,324,212,112,465.028599382948,0.853145323255915,327,215,3.02911593366579,313,201,"AUPC"
"CG102",97.7773420283297,368,186,182,444.663478366788,0.794148286445219,374,192,2.74050039655537,362,180,"AUPC"
"CH701-30",82.6786045423556,261,140,121,461.041850503616,0.507399443820175,217,96,2.23889019981605,252,131,"AUPC"
"CH711-10",152.355347818532,635,290,345,373.700187001716,1.28446085864658,657,312,4.52677061455072,644,299,"AUPC"
"CH753-4",219.064440822752,585,349,236,427.035927720841,1.37203950830642,557,321,5.66452581293403,578,342,"AUPC"
"CH9",112.151649230569,452,218,234,428.429661919378,0.617943299798598,375,141,2.6956174599396,405,171,"AUPC"
"CI 40H",59.1807739088746,95,78,17,509.441371630098,0.4241272898851,93,76,1.61031106762833,88,71,"AUPC"
"CM105",100.118811021897,215,192,23,505.611948839762,1.01492440370555,286,263,3.44566953676533,253,230,"AUPC"
"CQ702RC",23.419830513181,229,18,211,435.187501832601,0.237411504150561,238,27,0.806012334064002,233,22,"AUPC"
"CR 22 INBRED",132.208262273495,275,250,25,504.538677884554,0.881263573814725,245,220,3.37370081107791,252,227,"AUPC"
"DE2",88.7533829903275,454,159,295,403.870511667411,0.811679970049689,498,203,2.71129112320982,470,175,"AUPC"
"DE3",76.7495008635825,489,123,366,223.304014491586,0.512734429524562,465,99,2.01629690544262,474,108,"AUPC"
"DE4",99.8328247946364,382,190,192,439.551836818492,0.64339722011402,339,147,2.58530372929251,355,163,"AUPC"
"DE811",45.8295861037777,221,46,175,446.087135866453,0.322856454402543,221,46,1.15578026890384,214,39,"AUPC"
"DJ7",142.580588815059,456,266,190,441.255514911029,1.18600093863147,488,298,3.88769061609363,455,265,"AUPC"
"DK3IIH6",102.225827968429,327,195,132,458.93847827038,0.783493036615191,320,188,3.19156576072425,349,217,"AUPC"
"DK4676A",128.370655864171,468,245,223,431.646018450905,0.993508519038928,480,257,3.71700752057021,474,251,"AUPC"
"DK78002A",212.566449591988,359,344,15,514.00985947791,1.34154001956483,333,318,5.77822773243563,359,344,"AUPC"
"DK78010",14.154599453222,85,7,78,478.208753751278,0.133405786332183,89,11,0.440221596961325,86,8,"AUPC"
"DK78371A",96.6761066081346,403,184,219,432.412891400268,0.768535645509455,402,183,3.24920607902685,440,221,"AUPC"
"DKFAPW",147.648746137732,329,282,47,489.083017744796,1.350880310872,366,319,4.4668024909631,341,294,"AUPC"
"DKFBHJ",95.4967723221602,237,181,56,485.244302331443,0.619191332893475,199,143,2.58998429080767,220,164,"AUPC"
"DKMBNA",69.8101908065348,278,107,171,446.58147080908,0.360998259337658,230,59,1.47329902887515,233,62,"AUPC"
"DKPB80",85.6321832382403,187,152,35,495.121009881809,0.600536868155012,168,133,2.12230661445771,157,122,"AUPC"
"E8501",178.069836017502,628,324,304,399.497010621158,1.19799492214932,604,300,4.56938517901694,609,305,"AUPC"
"EAST 028",83.4635019178534,176,142,34,495.34583259817,0.658626835010242,187,153,2.33142087175328,174,140,"AUPC"
"Eng-Li Chih",72.0748442529218,118,112,6,532.893329090054,0.60765716846188,141,135,2.08842403365348,123,117,"AUPC"
"F118",229.664140043715,399,354,45,489.989167917475,1.53671798219999,384,339,6.50499585561653,400,355,"AUPC"
"F2834T",78.9452755012868,355,127,228,429.463481997719,0.789103073708998,417,189,2.66291638378586,396,168,"AUPC"
"FBLA",110.380385186637,281,215,66,482.347432289109,0.768920810569798,250,184,2.79908096043036,254,188,"AUPC"
"FR19",294.391954375111,730,365,365,286.45724143251,1.7628727925014,720,355,7.72621538803439,730,365,"AUPC"
"H105W",88.6538269567171,379,158,221,431.938766944278,0.810241142895604,421,200,2.69563542697382,393,172,"AUPC"
"H110",64.8098761722506,190,89,101,469.252130982871,0.594202227626768,231,130,1.99890491110651,206,105,"AUPC"
"H113",159.368243053823,500,298,202,437.468212825341,1.18855362984567,501,299,4.86604051358426,519,317,"AUPC"
"H121",72.4703957800352,372,113,259,418.017757640838,0.429515780704602,337,78,1.74176381063295,343,84,"AUPC"
"H122w",43.8341140485141,378,44,334,380.802157415186,0.431291115993314,414,80,1.44580884535689,393,59,"AUPC"
"H5",62.2595307490836,229,84,145,453.919016592425,0.386020950181882,211,66,1.70721165464552,226,81,"AUPC"
"H71",122.532521378895,340,234,106,468.031038130785,0.858731517292608,322,216,3.14869748882774,320,214,"AUPC"
"H84",106.237627581479,449,208,241,425.163302809192,0.789874716301151,432,191,3.15633553144463,456,215,"AUPC"
"H91",79.5584674842256,274,131,143,454.251688530422,0.576169881835633,266,123,2.08542223776625,259,116,"AUPC"
"H95",135.082201717321,502,251,251,419.930437054499,1.17044760147957,547,296,3.9967544326075,521,270,"AUPC"
"H96",128.726488808298,444,247,197,438.625105821748,0.816094690622719,403,206,3.59508627295732,444,247,"AUPC"
"H99",65.3002792765315,210,91,119,461.268462090303,0.590066274820511,246,127,2.07494592608791,232,113,"AUPC"
"HP301",91.9851909754888,309,169,140,455.572625321455,0.845050938060563,353,213,2.78385284963105,326,186,"AUPC"
"HUOBAI",152.435716103152,631,291,340,377.512876390116,1.41762262274937,668,328,4.87562349659944,658,318,"AUPC"
"Hy",79.477303639594,420,130,290,406.131061864369,0.736226780367862,467,177,2.42209785328037,440,150,"AUPC"
"I29",288.030957987921,388,364,24,505.301432530368,2.01429865836262,385,361,7.23852110288258,384,360,"AUPC"
"Ia 453",145.317092200119,273,272,1,546.792869762748,0.962664682689113,248,247,3.87541517883788,264,263,"AUPC"
"IA2132",112.759678658718,229,220,9,520.964367628501,1.04825712511428,281,272,3.44944013870259,240,231,"AUPC"
"IBB15",24.6102686210053,38,19,19,508.509931996607,0.227176728124229,45,26,0.747484353554563,37,18,"AUPC"
"IBC2",120.016085611326,385,229,156,450.459460682667,1.09703642287143,435,279,3.6376189857822,404,248,"AUPC"
"ICI 193",83.9165274816245,209,146,63,483.639044115057,0.696843524824074,226,163,2.52578281567804,221,158,"AUPC"
"ICI 740",121.624398336917,443,233,210,435.254800713301,0.700195522932075,374,164,3.08095503003673,414,204,"AUPC"
"ICI 893",71.4527484343226,366,111,255,419.277241903589,0.426993375479248,332,77,1.83984748787166,347,92,"AUPC"
"ICI 986",147.098944811533,411,278,133,458.937914380424,0.958311861498004,375,242,4.16027277558004,413,280,"AUPC"
"IDS28",54.8874953803433,109,67,42,493.097506092467,0.403725918832886,113,71,1.63957673905894,115,73,"AUPC"
"IDS69",75.9521357864629,471,122,349,361.671409151273,0.530274116778631,456,107,1.98143522401861,451,102,"AUPC"
"IDS91",40.3311947898869,381,40,341,377.389793212515,0.259629002679693,372,31,1.11796507048404,378,37,"AUPC"
"INB 101LFY/LFY (A632 X M16 S5)",304.671353837038,655,366,289,406.648459330877,2.20454590607135,653,364,7.51692252591222,652,363,"AUPC"
"INBRED 141",161.966016752359,475,301,174,446.286382745395,1.29526384078865,488,314,4.68630636278351,485,311,"AUPC"
"INBRED 2-687",103.94341027275,434,202,232,428.838849166653,0.676441379904071,389,157,2.98384722587316,431,199,"AUPC"
"INBRED 305",168.620637995751,675,313,362,338.971114268968,0.902016676431157,587,225,3.89625340065206,628,266,"AUPC"
"INBRED 321",105.977634994307,524,206,318,391.260524446027,0.968772147263328,567,249,3.22900869764504,537,219,"AUPC"
"K150",79.6085858856647,172,132,40,493.814023170767,0.646989270357712,188,148,2.40992489021129,188,148,"AUPC"
"K41",150.186501147163,527,285,242,424.708185216886,1.13719551932854,527,285,4.05345241398742,518,276,"AUPC"
"K47",103.48385681879,446,200,246,423.650405688941,0.617419455304819,386,140,2.6812749923207,416,170,"AUPC"
"KUNG-70",51.5434290900193,385,57,328,386.220644036023,0.326805978897188,376,48,1.44430334096861,386,58,"AUPC"
"L 127",168.624839702843,529,314,215,433.745272050225,1.06777464897667,490,275,4.55383924305819,518,303,"AUPC"
"L 139",51.6762993796028,256,58,198,438.240413587882,0.361935967241544,258,60,1.53678602085302,264,66,"AUPC"
"L 289",93.9102123549981,292,174,118,462.181682530885,0.831042268156345,328,210,2.72545910520343,297,179,"AUPC"
"LH1",65.3546817689559,400,92,308,398.621649151487,0.56287952301801,425,117,2.00356072230451,415,107,"AUPC"
"LH119",72.7591869428533,173,114,59,484.848459071071,0.665227174008395,213,154,2.2193956436995,186,127,"AUPC"
"LH128",10.5772747884483,159,2,157,450.320176551929,0.0966738172430932,160,3,0.320800874878645,158,1,"AUPC"
"LH143 (Maintainer)",227.659453268206,367,353,14,514.337007896333,1.60823409611277,360,346,6.08264713495547,365,351,"AUPC"
"LH146Ht",125.117820089992,282,239,43,492.664272557046,1.14161306956359,330,287,3.76247057095145,297,254,"AUPC"
"LH149",106.08767159603,237,207,30,498.741763702265,0.81351924871038,234,204,2.71428311069237,206,176,"AUPC"
"LH165",28.1086043499192,308,21,287,407.713536525383,0.181205603716741,305,18,0.799606441753172,308,21,"AUPC"
"LH166",160.619326611023,547,300,247,423.552086185098,0.992244154104124,502,255,4.38285139670607,539,292,"AUPC"
"LH181",146.964837781599,599,276,323,389.425656786614,1.14297719814363,611,288,4.59597930788222,630,307,"AUPC"
"LH184",248.228155310597,450,359,91,472.918332446751,1.76249594650025,445,354,6.92232369203813,449,358,"AUPC"
"LH190",26.1931814967275,258,20,238,426.129036713818,0.261802966817451,270,32,0.88971575249031,265,27,"AUPC"
"LH192",202.800278114529,571,340,231,429.227338596304,1.9158272717622,591,360,6.32616028682233,585,354,"AUPC"
"LH194",227.316288600042,690,352,338,378.812362847311,1.64731051785508,686,348,5.62847736888616,678,340,"AUPC"
"LH195",167.674353120446,424,310,114,464.036163754036,0.960525860246534,358,244,4.24603295477521,399,285,"AUPC"
"LH197",147.091241509043,338,277,61,484.577489650112,1.20400026553786,363,302,4.31778523188146,350,289,"AUPC"
"LH198",108.553138196414,222,211,11,518.44393072097,0.929358996796139,248,237,3.28272924891603,234,223,"AUPC"
"LH202",99.0724353903468,310,188,122,460.729236660432,0.806822332917331,320,198,2.77501425692979,306,184,"AUPC"
"LH204",191.911433265666,590,336,254,419.384378305158,1.60558378602992,599,345,5.71393118841184,597,343,"AUPC"
"LH205",113.382394137899,573,222,351,355.308909791684,0.846872721320706,565,214,3.40095731267767,580,229,"AUPC"
"LH206",28.3590584584433,129,22,107,467.413480541982,0.179429156692236,124,17,0.791355020682096,127,20,"AUPC"
"LH208",103.098182458846,324,198,126,459.92818244645,0.591175630992677,254,128,2.5158194268659,282,156,"AUPC"
"LH209",108.492044277124,277,210,67,482.067361154493,0.835485969341233,278,211,3.08097676388651,272,205,"AUPC"
"LH214",91.7783957548855,465,167,298,403.095541119628,0.554684102073558,410,112,2.35176645010619,441,143,"AUPC"
"LH215",166.836829030054,611,309,302,400.460869796274,1.16327385651349,594,292,4.81310282010295,617,315,"AUPC"
"LH222",55.2334973856128,118,68,50,487.641435936413,0.515654483004658,153,103,1.69786474752736,127,77,"AUPC"
"LH223",68.0096672141422,171,101,70,479.852986897003,0.656015732655784,221,151,2.24786558691571,202,132,"AUPC"
"LH224",173.199093454813,628,319,309,397.99785145904,1.59327829557941,652,343,5.24605011827875,639,330,"AUPC"
"LH295",22.8659368973604,233,16,217,432.752200368803,0.142269763651984,230,13,0.614318618245645,231,14,"AUPC"
"LH60",41.6314159886578,286,41,245,424.061394902207,0.398124368666931,313,68,1.31988053018827,297,52,"AUPC"
"LH74",30.6308223741401,100,27,73,479.243906927261,0.306980733881622,115,42,1.03710602759755,108,35,"AUPC"
"LH82",89.5238365906183,265,162,103,469.047194929231,0.629511310246461,247,144,2.37360988624188,248,145,"AUPC"
"LH93",115.386189672534,577,225,352,354.876473337679,0.974083385017147,604,252,3.45618750338916,585,233,"AUPC"
"LIBC 4",55.506606247663,131,69,62,484.002517115431,0.507851532283152,159,97,1.67921877968294,137,75,"AUPC"
"LP1 NR HT",96.5837718057654,222,183,39,493.918814453667,0.779845482744883,224,185,2.90016920572981,233,194,"AUPC"
"LP5",66.1531001583061,180,96,84,474.87739892405,0.568349859923497,205,121,1.90254683075598,182,98,"AUPC"
"M14",48.9007847959943,312,54,258,418.204214686141,0.305859698568598,298,40,1.34124076586809,313,55,"AUPC"
"MBPM",56.338806800753,258,74,184,444.027804500583,0.349380994833723,238,54,1.54169841024785,251,67,"AUPC"
"MBWZ",144.31143998138,538,269,269,414.813418137778,1.13249058038425,553,284,4.31113458636431,557,288,"AUPC"
"MM501D",74.1243724359141,471,121,350,358.943927877451,0.516092811884443,454,104,2.22580415595204,479,129,"AUPC"
"Mo17",50.4367647890227,194,56,138,456.856229440218,0.300987727166156,176,38,1.30351403481082,188,50,"AUPC"
"Mo1W",118.775819359429,453,226,227,429.783681856976,0.798573483004396,423,196,3.19085829092221,443,216,"AUPC"
"Mo46",138.565924917507,593,256,337,379.003688911336,0.708302423834565,503,166,3.11993569610191,545,208,"AUPC"
"Mo47",99.5472179496464,297,189,108,466.833422743707,0.918576708902113,340,232,3.02254068823909,308,200,"AUPC"
"Mo5",129.396520452691,395,249,146,453.707527640018,0.783038721127026,333,187,3.12274319153294,355,209,"AUPC"
"MQ305",48.2982181599806,345,52,293,404.712720894509,0.359386456396557,351,58,1.29053360508944,341,48,"AUPC"
"MS116",87.6116702492006,444,156,288,407.005742900597,0.525673790349571,394,106,2.30792907457145,425,137,"AUPC"
"MS132",79.0615845346707,414,128,286,407.740847404822,0.604296593643677,420,134,2.21102821965214,412,126,"AUPC"
"MS200",68.1999534826371,381,102,279,410.843271510984,0.438931635715537,361,82,1.88869118327741,375,96,"AUPC"
"MS211",79.3612635998897,328,129,199,438.188918437213,0.483762565410978,287,88,2.06370074829756,310,111,"AUPC"
"MS221",93.4384607168,220,172,48,488.432356708847,0.564978442112777,167,119,2.49012382240097,200,152,"AUPC"
"MS224",86.7225475383737,227,155,72,479.282847085321,0.798197238422245,267,195,2.74805954387788,253,181,"AUPC"
"MS225",123.744232467527,345,235,110,466.472065111982,0.997697943645755,368,258,3.5204217099402,349,239,"AUPC"
"MS226",68.8198434979757,435,103,332,382.5586500152,0.430954445956633,411,79,1.89568400911889,429,97,"AUPC"
"MS24A",13.0180979227473,352,5,347,365.134272446582,0.099524999487086,351,4,0.398933171902821,353,6,"AUPC"
"MS67",112.772432816724,581,221,360,340.044078796456,0.838733285785564,572,212,3.13576762997137,572,212,"AUPC"
"MS71",140.042756137823,353,259,94,471.875680773359,1.10389244233127,374,280,4.55957127105695,398,304,"AUPC"
"MS72",94.2682613600912,410,177,233,428.502467666115,0.955616212105494,474,241,3.24431815696712,453,220,"AUPC"
"N192",222.757570805387,366,350,16,512.977675617498,1.24974746746591,324,308,5.500975274466,354,338,"AUPC"
"N193",36.5915509743113,187,36,151,452.538531207554,0.249874865332627,180,29,0.960631503122395,182,31,"AUPC"
"N200",103.254822763857,532,199,333,382.389016587066,0.795372975423501,527,194,2.923667207924,529,196,"AUPC"
"N201",62.0838663325838,111,83,28,500.726409658941,0.504916662378379,122,94,1.82765822441447,118,90,"AUPC"
"N209",85.6253638171273,480,151,329,385.954288791819,0.599290614990392,460,131,2.30050288245644,464,135,"AUPC"
"N211",90.7648279166729,218,165,53,486.210558183443,0.920101206861312,287,234,3.12374467265524,263,210,"AUPC"
"N217",151.892572467902,339,288,51,486.773317420052,1.39505873772255,377,326,4.5962864979098,359,308,"AUPC"
"N218",180.21947140332,672,329,343,374.658910927335,1.64917459357585,692,349,5.45139258645086,679,336,"AUPC"
"N28Ht",96.4909998973202,431,182,249,420.768089632708,0.693770345096847,410,161,2.4720825664709,400,151,"AUPC"
"N501",39.8302591315702,349,38,311,396.223293039781,0.367037315757378,374,63,1.24631097079728,356,45,"AUPC"
"N523",104.987603092128,208,204,4,535.312202393436,0.715070564364984,173,169,2.78270272291443,189,185,"AUPC"
"N527",104.870254093991,271,203,68,481.74583360708,0.727902615985331,243,175,2.62178104970307,233,165,"AUPC"
"N534",73.4493751839934,201,118,83,475.46358445304,0.562425540172132,199,116,2.07837852676416,197,114,"AUPC"
"N542",223.029346449372,626,351,275,413.992636329885,1.23668842940159,580,305,5.23839347590701,604,329,"AUPC"
"N6",15.4516179804393,213,9,204,436.822387092316,0.140518576105079,216,12,0.485362509655273,215,11,"AUPC"
"NC250",240.303372090937,673,358,315,394.597826957928,1.54659499716923,657,342,6.82732569272417,671,356,"AUPC"
"NC262",95.3988484288598,454,180,274,414.117776615116,0.571377345007568,396,122,2.50470065844793,429,155,"AUPC"
"NC294",70.3284395083342,251,109,142,454.480471684997,0.552357288301328,253,111,1.85404847124693,236,94,"AUPC"
"NC310",147.17341733719,360,279,81,476.25847189397,0.913290775637334,311,230,3.67172466474218,331,250,"AUPC"
"NC326",168.058065751702,568,311,257,418.544490986863,1.54156532028905,598,341,5.08273585320566,583,326,"AUPC"
"NC328",177.205102958445,601,323,278,411.765049381873,1.26412315606588,588,310,5.05469219246177,602,324,"AUPC"
"NC342",88.2735869002854,419,157,262,417.603797738706,0.694129877962027,424,162,2.52870383494955,421,159,"AUPC"
"NC412",119.776860641553,494,228,266,416.746468367014,0.962331534347748,512,246,3.38099902068254,494,228,"AUPC"
"ND259",35.0995053324015,378,34,344,374.297775723163,0.273544981855955,379,35,0.978017301092173,376,32,"AUPC"
"ND265",197.219554318465,529,338,191,440.096660901425,1.8056147362563,548,357,5.96406698621826,540,349,"AUPC"
"NK740",236.289414723161,628,356,272,414.189936606722,2.25971515558013,637,365,7.49158577496345,634,362,"AUPC"
"NK778",124.303563366601,480,237,243,424.380973743446,0.809353155865024,442,199,3.22421094589835,461,218,"AUPC"
"NK807",88.7865601805069,354,160,194,439.1507659739,0.820748874565009,401,207,2.70023624095637,367,173,"AUPC"
"NKS8326",169.257176511375,627,315,312,395.750743225857,1.25098610271879,621,309,4.22397790729564,594,282,"AUPC"
"NORTH 7",65.9401817271798,277,94,183,444.42699262875,0.436389887146751,264,81,1.91907425329533,283,100,"AUPC"
"NQ508",142.215369792388,361,265,96,471.058262885832,0.912786537408279,325,229,3.84727100486836,358,262,"AUPC"
"NS501",66.8281146006057,350,97,253,419.62557709591,0.614538985142713,392,139,2.07943757483012,368,115,"AUPC"
"NS701",217.679952583288,674,348,326,387.333571755982,2.02703140235043,688,362,6.98284527890898,685,359,"AUPC"
"NY6371",143.228244644362,347,268,79,478.165562620577,1.02831577402758,344,265,3.73290195194376,332,253,"AUPC"
"Ny821",53.3437633795853,160,62,98,470.405526662748,0.502376470772118,191,93,1.68492113185753,174,76,"AUPC"
"OH33",149.899612656873,438,284,154,451.164036201252,0.954744345941892,394,240,4.04720451428725,429,275,"AUPC"
"Oh40B",174.210999726286,408,320,88,473.777380354485,1.5963224173178,432,344,5.50222920534168,427,339,"AUPC"
"Oh43",174.901228006781,530,321,209,435.26387669344,1.37278044235399,531,322,4.54139318757155,510,301,"AUPC"
"Oh7",46.8023137067439,367,50,317,392.076415826413,0.30222837406092,356,39,1.3093956720999,368,51,"AUPC"
"OQ403",98.153913052627,318,187,131,459.413694693171,0.726757562684016,305,174,3.13324210241776,342,211,"AUPC"
"OQ603",42.8810365084413,65,43,22,507.694063258704,0.348724265154967,75,53,1.26230718541354,69,47,"AUPC"
"Os420",85.045321183682,168,148,20,508.422781053996,0.655533895698513,170,150,2.27706411274119,154,134,"AUPC"
"OS602",183.399102811856,578,330,248,421.556914170255,1.12129795503149,531,283,4.95616604857367,567,319,"AUPC"
"Pa392",147.323834426238,445,280,165,448.240285044722,1.04311847353838,436,271,4.50790372042513,461,296,"AUPC"
"Pa405",89.0230728737456,431,161,270,414.520310283832,0.592142128711423,399,129,2.33429722823477,411,141,"AUPC"
"Pa875",212.128857384276,470,343,127,459.875518124734,1.39485866363157,452,325,5.78221183370013,472,345,"AUPC"
"Pa880",12.8847450981417,7,4,3,540.945761319146,0.102154953014849,8,5,0.372866470119011,7,4,"AUPC"
"Pa91",56.1703897253117,225,72,153,451.815985840736,0.513545126152264,253,100,1.70125177316543,231,78,"AUPC"
"PH207",32.9038230123641,106,29,77,478.629672660561,0.265368372224222,110,33,1.00637572619969,110,33,"AUPC"
"PHB09",120.495744831948,324,231,93,471.878579646705,0.940397737512143,332,239,3.84547132504455,354,261,"AUPC"
"PHB47",95.3033602501971,290,179,111,465.852730606556,0.871092855441985,330,219,2.90095603954173,306,195,"AUPC"
"PHBA6",14.5141153295329,73,8,65,482.448450037965,0.108572675293319,72,7,0.404724800574511,72,7,"AUPC"
"PHBB3",128.846880722296,396,248,148,453.432515548901,0.901107085025673,371,223,3.3069614503612,373,225,"AUPC"
"PHEG9",97.5772070196084,223,185,38,493.964276727306,0.742245526397856,217,179,3.06321113070534,241,203,"AUPC"
"PHG29",199.312898056316,678,339,339,378.44978999439,1.47521122980384,672,333,5.26550700616891,670,331,"AUPC"
"PHG47",94.0958273905013,533,176,357,351.849915545225,0.561937295507806,472,115,2.35652311092039,501,144,"AUPC"
"PHG71",51.8460726877226,67,59,8,521.589705893994,0.525574004225366,113,105,1.78432435860561,96,88,"AUPC"
"PHG80",42.0262697673134,200,42,158,450.234791179645,0.326107872072708,205,47,1.1867549892408,199,41,"AUPC"
"PHG83",99.8800720278074,325,191,134,458.455294053671,0.811578784215225,336,202,3.27485301308009,356,222,"AUPC"
"PHG86",248.987801853505,446,360,86,474.830054087518,2.17812668215028,449,363,7.24231557692108,447,361,"AUPC"
"PHH93",168.397250428568,626,312,314,394.604094577264,1.32473332261082,630,316,4.76563012141471,627,313,"AUPC"
"PHHH9",72.7612474522986,344,115,229,429.268852791935,0.632428057807319,374,145,2.22364902250309,357,128,"AUPC"
"PHHV4",107.262712825599,390,209,181,444.93165741373,0.577994763045134,305,124,2.54820065447274,341,160,"AUPC"
"PHJ70",184.070970361838,695,332,363,329.918412538457,1.65794463950339,713,350,5.64416335626759,704,341,"AUPC"
"PHJ89",162.533705715778,610,303,307,398.657083396928,1.03142515471576,574,267,4.22007287728586,588,281,"AUPC"
"PHJ90",46.0593200030159,202,47,155,451.159668772408,0.372752198116085,219,64,1.30160686403028,204,49,"AUPC"
"PHJR5",165.135013192805,359,307,52,486.308021649488,1.16965186052372,347,295,4.99120117185946,373,321,"AUPC"
"PHK35",70.7592442044145,257,110,147,453.695312444466,0.471737938611774,233,86,2.06782136001756,259,112,"AUPC"
"PHK42",83.6916427166415,246,144,102,469.233170976258,0.563850259009644,220,118,2.24892965213622,235,133,"AUPC"
"PHK56",103.655612603442,502,201,301,400.973334008413,0.723310452612669,472,171,2.66464397065986,470,169,"AUPC"
"PHK74",59.6456188571739,184,79,105,468.178250851268,0.403250710230663,175,70,1.66948404998846,179,74,"AUPC"
"PHKE6",80.0370907200934,333,133,200,437.980089706153,0.56833363395856,320,120,2.05332856170225,309,109,"AUPC"
"PHM10",22.1128868242862,299,14,285,407.856596762748,0.192366765160335,307,22,0.676199350951966,302,17,"AUPC"
"PHN11",33.6065663711499,225,32,193,439.537367858402,0.307515884981161,236,43,1.02925606296911,227,34,"AUPC"
"PHN29",66.144287913028,272,95,177,445.951416862265,0.532098161794264,285,108,1.91338554237325,276,99,"AUPC"
"PHN66",102.273413427607,272,196,76,478.711010229128,0.789590025503321,266,190,2.86316855458401,267,191,"AUPC"
"PHN82",114.810781493517,484,224,260,417.640506667359,1.06570184833427,534,274,3.50636810370247,497,237,"AUPC"
"PHP02",125.462355750419,479,240,239,425.464248855642,1.11155564729407,520,281,3.8869433496965,503,264,"AUPC"
"PHP55",179.899979270246,420,328,92,472.387781792238,1.39465949342657,416,324,4.72023835586382,404,312,"AUPC"
"PHP76",120.051946877915,325,230,95,471.447616850764,1.00890318345975,356,261,3.54809868227297,336,241,"AUPC"
"PHP85",52.0579599731366,391,60,331,383.983120003962,0.412637620619839,404,73,1.72014991169832,413,82,"AUPC"
"PHPR5",13.453214065727,213,6,207,435.438952582697,0.10452932811191,213,6,0.374790688597636,212,5,"AUPC"
"PHR03",82.0506693605341,474,139,335,380.556795655717,0.758283976557398,516,181,2.49476324951566,488,153,"AUPC"
"PHR30",112.727839216165,427,219,208,435.360280759837,0.799981282996454,405,197,2.7868546108694,395,187,"AUPC"
"PHR31",69.3271202127382,185,105,80,476.262505010837,0.688538613623158,240,160,2.31724309936048,218,138,"AUPC"
"PHR36",54.3473038984787,385,66,319,390.968623608909,0.374165660410126,384,65,1.60973952944349,389,70,"AUPC"
"PHR47",150.309523296704,471,286,185,443.194181658175,0.973793722523951,436,251,3.80352845582795,440,255,"AUPC"
"PHR63",33.0597840246565,274,30,244,424.092251178984,0.184356811735388,263,19,0.773015402402062,263,19,"AUPC"
"PHT10",91.7589361597377,446,166,280,410.797361218432,0.741100695572817,458,178,2.95211556077862,478,198,"AUPC"
"PHT47",166.822505933804,628,308,320,390.848776547562,1.42281370228222,649,329,5.03172606353581,642,322,"AUPC"
"PHT55",17.7420679577117,341,11,330,385.667699126825,0.125385555361905,339,9,0.479114052058285,340,10,"AUPC"
"PHTM9",185.842025870865,495,333,162,448.509355256225,1.174083157489,459,297,4.83452461474032,478,316,"AUPC"
"PHV37",92.6372633768438,346,170,176,445.999005231753,0.652898722228446,325,149,2.51818470178313,333,157,"AUPC"
"PHV57",94.9408221529619,293,178,115,463.111378843388,0.868996743959492,333,218,2.87143578191569,307,192,"AUPC"
"PHV63",56.1999621311888,197,73,124,460.2974344197,0.510363413555672,222,98,1.70237900276522,204,80,"AUPC"
"PHVA9",29.5776300037781,226,25,201,437.791794594634,0.273350982210619,235,34,0.899327068840246,229,28,"AUPC"
"PHVJ4",178.238159053799,474,325,149,452.966079826404,1.78293637119685,505,356,6.06707358440849,499,350,"AUPC"
"PHW03",18.5268982025733,45,12,33,495.62374176495,0.171352493441201,49,16,0.563732684957938,46,13,"AUPC"
"PHW17",59.6728912622765,379,80,299,402.670737997214,0.414225749722504,373,74,1.61419579701123,371,72,"AUPC"
"PHW20",175.995915253643,603,322,281,410.338883848288,1.66430342703496,633,352,5.49727011656713,618,337,"AUPC"
"PHW30",74.0942469366713,388,120,268,416.098997751608,0.456620362630391,352,84,1.84467898325303,361,93,"AUPC"
"PHW43",66.9106027576629,270,98,172,446.401023434665,0.51515264898771,274,102,1.99929307598346,278,106,"AUPC"
"PHW52",73.1945504432447,276,117,159,450.208763904869,0.67904168853689,317,158,2.23410032824593,289,130,"AUPC"
"PHW53",152.691506954821,605,292,313,395.463639302282,1.38672421211928,636,323,4.57613287112056,619,306,"AUPC"
"PHW80",105.470593899645,553,205,348,362.572573179145,0.986633365903593,601,253,3.28428922956184,572,224,"AUPC"
"PHWG5",86.1296162247187,318,154,164,448.343777085508,0.555836271050851,277,113,2.40588914568922,311,147,"AUPC"
"PHZ51",89.9660130646594,330,163,167,447.331364782022,0.823785561664101,375,208,2.7205775936495,345,178,"AUPC"
"Q381",183.671620649052,380,331,49,487.924907015541,1.47709694579554,383,334,5.06148406546797,374,325,"AUPC"
"R168",144.359478496306,457,270,187,442.443719677795,0.860397780052546,404,217,3.5110085740894,425,238,"AUPC"
"R177",162.100541945988,658,302,356,352.721043327033,1.22209111849844,659,303,4.53792786545004,656,300,"AUPC"
"R181B",188.248454894227,342,335,7,523.840470439381,1.29972849856913,322,315,4.78104745255164,321,314,"AUPC"
"R226",55.6742803140406,190,70,120,461.063727135755,0.305872705876193,161,41,1.32647559208522,173,53,"AUPC"
"R229",83.1313207669143,418,141,277,411.779783322527,0.612886411749423,414,137,2.30196590772659,413,136,"AUPC"
"R71",65.8999964556197,95,93,2,544.660357498686,0.414355861335543,77,75,1.81918007680862,91,89,"AUPC"
"R78",140.772861474069,426,263,163,448.354641355347,0.901480852049164,387,224,3.98216380923377,432,269,"AUPC"
"SD101",149.184464701886,314,283,31,497.774389678388,0.911320832622756,259,228,3.83980863070075,291,260,"AUPC"
"SD102",81.7617183899507,197,137,60,484.670884787672,0.828834885631153,269,209,2.81389540541208,250,190,"AUPC"
"SD107",216.647821233025,498,346,152,452.263627682877,1.47394886667874,484,332,6.19687678372293,504,352,"AUPC"
"SD40",158.181382957594,421,296,125,459.98660920757,1.23606592836211,429,304,4.08696086033604,402,277,"AUPC"
"SD44",163.771995160965,393,306,87,474.562436510209,1.44376899324684,418,331,5.04122260866183,410,323,"AUPC"
"SG 30A",33.5396167045278,304,31,273,414.177126179232,0.339997799982951,325,52,1.1542929283119,311,38,"AUPC"
"T242",49.4389673027393,152,55,97,470.473181841126,0.501172695694272,189,92,1.70148188762374,176,79,"AUPC"
"Tr",135.760257128586,353,253,100,469.710367773703,1.24862441533083,407,307,4.2261931269241,383,283,"AUPC"
"TZU-CHIAO-HSI-WU 105",139.583229682278,313,258,55,485.725113087008,0.920609192270816,290,235,4.03970461606318,328,273,"AUPC"
"Va26",64.9008129867681,432,90,342,376.346819164505,0.505426897892393,437,95,2.13356923120253,465,123,"AUPC"
"Va35",102.329716320503,473,197,276,413.442644302534,0.794901943639236,469,193,2.65585615012184,443,167,"AUPC"
"Va52",21.914650644495,25,13,12,517.039813878136,0.131604871837472,22,10,0.532582080078238,24,12,"AUPC"
"Va99",81.9369961964463,266,138,128,459.773870378012,0.487241607680513,217,89,1.97154659412484,229,101,"AUPC"
"W182E",77.8787279932528,418,126,292,404.873287095586,0.71493895242866,460,168,2.41151037793837,441,149,"AUPC"
"W22",62.8477487729453,274,86,188,441.744414046086,0.498000275628443,278,90,1.75491628913637,273,85,"AUPC"
"W23",94.082385474417,316,175,141,454.72030489158,0.722809789991549,311,170,2.89265960755437,334,193,"AUPC"
"W24",124.234644672725,415,236,179,445.242817387957,0.991550412469844,433,254,3.81086644556842,435,256,"AUPC"
"W32",114.373551528159,517,223,294,404.165778051713,0.683459086974151,453,159,2.94519298584844,491,197,"AUPC"
"W37A",121.235734234566,585,232,353,354.706003627828,1.03223181828334,621,268,3.48635977494088,588,235,"AUPC"
"W552",58.9726044747891,435,77,358,351.131276112369,0.321472777785822,403,45,1.36833125919511,414,56,"AUPC"
"W603S",22.3539243962773,336,15,321,390.579372676205,0.162896614496206,336,15,0.615742136256838,336,15,"AUPC"
"W604S",140.642182619871,480,262,218,432.607711553642,1.14552707231153,508,290,3.97262652785839,486,268,"AUPC"
"W605S",52.6287669848326,119,61,58,484.855793944379,0.338014345536592,108,50,1.47449178396522,121,63,"AUPC"
"W607S",109.612280893779,535,213,322,389.808592174649,0.91693777699083,553,231,3.10568887151388,529,207,"AUPC"
"W610S",48.3192784989591,399,53,346,372.171204500147,0.467028766070519,431,85,1.55444565195345,414,68,"AUPC"
"W611S",47.598512154276,351,51,300,402.52706443857,0.359150478673535,357,57,1.33306840953649,354,54,"AUPC"
"W612S",195.499351411262,647,337,310,397.885494402369,1.49588098593843,646,336,5.36284612076192,645,335,"AUPC"
"W614S",77.7844115880792,255,125,130,459.462927924563,0.728963895815051,306,176,2.49888765917213,284,154,"AUPC"
"W64A",40.0721262641381,219,39,180,444.936743904158,0.2534591876416,210,30,1.11736060825759,216,36,"AUPC"
"W701BC",54.3360177981939,70,65,5,535.027243820758,0.280174724363692,41,36,1.22648333283087,49,44,"AUPC"
"W803G",110.148569673477,511,214,297,403.204105022139,1.01737235959438,561,264,3.46685109525853,531,234,"AUPC"
"W809G",139.007310925968,314,257,57,485.007864312932,1.00921382974806,319,262,4.09561657791217,335,278,"AUPC"
"W810G",83.6342983004692,189,143,46,489.917808864968,0.656768673980844,198,152,2.71822660594588,223,177,"AUPC"
"W811G",23.0628832903785,299,17,282,409.816253146903,0.159990703417018,296,14,0.616819793593618,298,16,"AUPC"
"W813G",156.982832111649,408,295,113,464.552283116965,0.964682482221834,361,248,4.26453834099326,399,286,"AUPC"
"W8304",126.516910196207,393,243,150,452.933081574002,1.09126891175143,428,278,3.58366150236712,396,246,"AUPC"
"W9",144.537793456124,536,271,265,416.830058704982,1.11708124290774,547,282,4.23099924855072,549,284,"AUPC"
"WIL900",39.7392642813362,392,37,355,352.97012735244,0.363184400679768,417,62,1.20780708816588,398,43,"AUPC"
"WU-TAN-TZAO",119.266439695542,581,227,354,354.494724130189,0.921187568511929,590,236,3.65138451948648,603,249,"AUPC"
"YE 4",178.287626284012,690,326,364,318.12128681124,1.09098682831396,641,277,4.51467361231544,662,298,"AUPC"
"YING-55",272.40458938362,392,363,29,500.170396081386,1.81654173947763,388,359,7.67003298265942,393,364,"AUPC"
"Yu796 NS",81.3405856381009,275,136,139,456.686895450132,0.618553509190493,281,142,2.19401606706026,263,124,"AUPC"
"ZS365",145.528176148132,564,273,291,405.303497924841,1.27266318915919,602,311,4.51175115599041,588,297,"AUPC"
"ZS635",29.0557063260291,141,24,117,462.309263513368,0.187606616354116,137,20,0.827706992638798,142,25,"AUPC"
